
[21:10:20.645]发→◇G
□
[21:10:21.592]收←◆177,174,174,173,173,174,174,173,173,176,175,177,178,177,178,179,178,177,178,180,181,180,184,184,185,186,186,184,184,185,184,184,183,184,185,188,186,189,195,197,206,217,234,253,273,297,322,348,367,391,414,432,449,469,488,507,525,543,564,584,598,616,630,646,658,670,683,692,698,704,709,709,717,717,714,719,717,716,715,716,714,718,717,718,721,722,718,722,723,720,720,719,716,717,719,720,722,722,719,722,722,720,719,720,719,718,718,719,720,720,717,721,722,717,717,718,717,719,717,717,721,719,716,717,721,716,714,716,715,716,715,716,716,716,715,713,716,711,709,705,702,696,689,683,674,670,663,650,642,635,621,611,600,591,579,569,557,546,533,519,506,491,474,459,444,431,415,400,388,375,358,344,333,318,308,298,289,283,276,271,271,269,263,259,258,253,250,245,245,242,242,240,242,242,238,238,237,235,234,234,232,230,231,230,231,230,229,232,229,226,226,224,224,223,222,221,223,220,221,223,220,217,219,215,213,214,211,211,210,210,210,209,208,206,203,200,201,199,196,197,196,197,196,193,194,194,191,189,188,187,187,187,186,188,188,186



[21:10:22.646]发→◇G
□
[21:10:23.590]收←◆174,175,177,174,172,172,174,174,173,174,177,178,177,179,177,177,177,176,178,180,179,180,183,183,184,189,186,186,186,184,184,184,183,183,185,186,187,192,194,198,209,217,233,253,273,297,321,345,369,389,412,432,452,470,488,507,524,544,562,581,600,615,631,648,660,671,683,693,699,705,708,711,716,716,714,716,718,716,717,717,715,718,717,718,719,722,720,717,721,720,720,718,718,718,719,720,717,722,724,719,723,724,720,719,719,719,718,720,717,720,721,719,722,720,717,717,718,718,718,717,716,721,720,715,719,718,715,717,715,717,716,716,714,718,716,713,713,714,709,705,700,696,689,683,675,671,661,652,642,632,621,610,601,589,580,568,557,545,532,521,504,491,475,459,444,429,415,401,388,370,357,347,331,319,310,297,289,284,276,271,271,265,262,259,256,252,250,247,246,243,242,241,240,240,240,237,237,237,233,233,231,230,230,230,228,230,231,228,229,228,226,225,223,223,222,222,222,223,222,220,221,216,217,214,212,212,211,210,210,212,208,207,211,205,203,203,200,198,197,197,196,197,195,195,196,193,192,193,188,189,187,187,187,186,187,187



[21:10:24.645]发→◇G
□
[21:10:25.594]收←◆174,174,175,175,174,174,173,174,175,174,175,176,180,178,178,180,179,177,179,180,180,181,181,186,186,185,186,184,186,185,185,184,183,183,184,186,185,189,196,198,209,220,233,252,272,297,319,345,367,390,416,433,452,473,489,507,524,542,561,580,597,615,631,646,660,673,683,693,698,704,709,713,713,717,717,715,718,718,717,718,715,718,717,718,719,721,721,719,721,721,720,719,717,719,719,719,718,720,721,721,718,723,721,718,719,719,718,719,717,716,721,722,719,721,720,717,716,719,718,717,717,716,719,719,716,720,718,716,716,716,715,717,713,715,716,716,711,712,711,705,701,695,689,681,674,669,663,650,641,633,623,610,601,589,578,567,555,545,533,518,507,491,476,460,446,431,414,400,385,372,358,342,333,317,307,298,289,283,277,271,266,267,259,259,261,255,251,250,244,244,243,240,239,240,241,237,238,236,234,234,232,230,231,229,230,230,232,228,226,229,227,226,224,222,222,222,221,221,222,222,218,220,218,215,213,211,211,210,211,208,209,210,205,207,203,203,201,198,197,196,196,195,197,192,194,198,192,191,190,187,187,187,187,187,187,185



[21:10:26.646]发→◇G
□
[21:10:27.592]收←◆175,175,176,176,175,176,173,173,173,173,174,176,178,177,177,179,178,179,179,179,179,179,181,180,185,187,184,186,187,186,184,184,183,183,183,184,188,190,192,200,207,220,233,252,273,295,320,343,370,391,411,435,450,471,488,505,526,542,562,578,597,612,630,649,661,674,687,691,699,705,709,710,713,715,718,718,714,718,718,717,715,718,717,719,719,719,722,723,719,721,721,719,717,718,718,720,718,719,721,722,722,722,721,720,720,719,718,720,717,717,719,721,719,717,721,718,717,720,718,718,717,717,715,718,721,715,718,720,715,716,716,716,714,715,712,716,715,711,712,709,701,695,689,681,673,667,659,650,642,631,622,612,600,590,578,566,556,542,532,521,503,491,479,462,444,431,414,400,384,371,359,346,331,320,310,298,290,282,276,272,266,264,262,259,255,255,249,248,246,242,241,239,240,238,240,237,235,239,235,234,236,230,229,230,229,227,230,229,228,229,228,226,227,222,224,221,220,220,222,221,220,218,219,217,215,213,211,210,210,208,208,209,208,204,205,205,200,199,197,195,197,195,193,196,195,192,192,190,190,189,187,187,187,185,184,186



[21:10:28.648]发→◇G
□
[21:10:29.597]收←◆177,176,173,173,178,175,174,173,173,174,174,175,179,180,177,178,182,179,179,180,180,180,180,182,183,186,186,183,188,188,184,184,184,183,183,183,183,192,196,196,209,219,235,251,272,296,318,344,365,392,414,431,455,475,489,506,525,543,560,578,595,618,632,643,660,676,684,692,699,704,708,712,713,716,718,714,714,720,718,717,715,718,717,719,719,719,721,719,720,723,723,718,717,718,717,720,719,718,722,723,719,723,723,719,719,717,717,718,717,718,720,724,718,720,721,717,718,719,718,718,717,717,719,719,716,717,717,716,715,717,715,716,714,715,717,716,711,709,713,707,701,696,690,682,673,667,661,654,640,632,625,613,600,589,579,567,555,543,529,522,503,489,479,464,444,429,414,400,384,371,354,347,334,316,311,299,289,283,277,271,266,263,261,261,261,251,251,250,245,244,241,241,238,238,237,238,239,234,234,236,231,232,229,230,228,229,228,232,230,226,227,228,225,223,223,221,221,220,219,220,222,216,216,218,216,214,211,210,209,209,207,204,209,207,203,206,204,198,198,197,196,194,195,194,196,198,190,194,194,188,187,187,187,186,183,183