
[21:10:49.586]发→◇G
□
[21:10:50.532]收←◆173,172,172,172,172,171,177,179,172,176,177,173,173,173,172,175,175,174,179,180,177,179,181,177,180,178,178,179,180,181,184,184,181,181,187,183,182,185,189,194,200,211,226,246,264,282,309,330,348,370,390,411,430,448,468,489,506,518,542,558,571,587,602,617,631,646,658,676,685,690,700,705,705,706,709,709,710,712,714,717,718,717,719,722,717,718,717,718,718,718,718,721,719,719,720,722,718,719,718,719,719,719,719,722,721,717,719,721,716,717,716,719,718,716,717,720,720,717,716,720,717,716,715,715,716,716,714,717,718,716,714,718,713,712,712,709,706,704,700,694,693,687,675,671,664,649,640,631,621,612,603,593,588,579,562,556,544,526,513,499,486,472,458,445,436,421,402,388,376,357,344,329,318,305,296,287,284,277,268,264,263,256,252,250,247,243,242,240,240,240,239,231,237,236,230,231,229,228,227,227,227,229,229,223,228,229,224,222,223,223,222,220,218,223,224,218,220,224,216,215,214,214,212,212,209,216,216,209,211,211,205,203,203,201,200,199,199,201,200,195,196,196,193,192,190,191,188,188,186,189,189,187,186,189,185,183



[21:10:51.585]发→◇G
□
[21:10:52.531]收←◆173,172,172,172,172,174,175,175,177,174,173,174,172,173,174,173,174,178,177,176,178,178,175,179,179,178,179,180,181,185,184,181,182,184,180,182,184,184,186,192,200,213,229,241,263,285,305,327,352,368,389,408,428,448,468,485,504,526,538,555,572,585,601,616,631,645,659,670,681,693,694,702,705,707,708,709,710,713,713,714,715,718,716,719,721,717,718,718,718,718,718,719,719,720,719,717,722,719,718,719,719,719,719,719,721,721,717,717,719,718,715,718,718,716,716,716,715,721,719,717,720,720,717,715,716,714,713,714,715,718,720,714,715,715,710,710,706,703,699,694,688,682,678,667,657,648,638,628,620,610,602,595,584,573,566,552,537,528,512,499,485,472,459,446,432,416,403,388,369,358,344,329,317,306,295,289,282,275,270,265,259,257,253,250,247,244,241,240,240,234,236,239,236,233,234,231,230,228,228,227,229,226,227,232,227,225,223,222,223,221,221,221,222,222,221,224,222,216,218,216,214,213,212,212,214,213,210,212,211,206,205,205,203,201,201,199,200,199,196,198,197,190,195,192,190,190,190,190,191,189,187,188,188,185,186,184



[21:10:53.579]发→◇G
□
[21:10:54.525]收←◆172,173,172,172,171,172,174,175,172,174,176,173,171,174,175,173,173,174,176,179,177,177,182,181,178,182,180,180,180,182,180,184,183,178,185,188,181,186,190,193,201,211,226,245,264,280,308,332,347,371,391,409,427,447,465,486,504,518,540,557,570,587,603,616,630,643,657,670,679,687,698,702,704,707,710,709,710,712,713,713,712,716,717,719,718,717,721,718,719,718,718,719,718,717,719,721,719,720,721,722,719,719,718,718,718,717,716,722,720,717,720,722,718,717,717,715,716,719,717,720,719,716,720,716,716,714,713,715,716,715,715,717,715,711,712,712,706,703,698,694,687,682,672,666,659,646,640,631,620,610,601,592,584,573,562,551,542,525,510,499,485,471,457,443,430,417,400,384,375,359,343,330,319,306,294,287,279,277,268,260,262,261,252,250,249,243,241,240,239,239,238,233,236,237,231,231,231,228,226,228,227,228,229,224,227,227,222,222,222,222,221,220,219,222,222,217,218,222,216,215,215,214,213,211,210,213,211,208,207,211,206,202,204,203,199,199,197,197,198,195,192,197,195,191,192,193,190,190,187,187,190,187,183,188,189,182



[21:10:55.584]发→◇G
□
[21:10:56.528]收←◆176,173,172,172,171,172,173,174,171,177,175,173,176,176,173,172,175,173,176,177,177,178,181,178,181,182,179,180,179,181,180,183,181,181,184,183,185,188,187,192,200,211,224,243,261,285,308,328,352,373,391,410,429,448,464,486,507,523,542,557,571,591,603,617,630,645,659,672,684,689,699,703,704,707,708,709,710,712,714,718,716,715,717,721,719,718,718,718,717,719,718,721,720,718,719,722,719,718,718,719,720,720,719,721,722,718,715,721,717,717,715,718,718,716,716,715,719,720,717,721,718,717,715,715,717,715,714,713,717,720,715,717,716,712,711,709,706,704,700,695,691,684,675,670,659,648,642,631,621,613,604,593,586,575,562,555,543,526,516,503,486,473,459,445,431,417,400,390,375,357,346,333,319,305,296,286,280,274,268,263,264,256,254,253,247,244,241,239,237,237,235,237,236,234,232,232,229,228,228,226,223,228,229,227,229,227,224,225,224,223,221,221,219,220,222,220,222,218,215,219,216,212,213,211,211,211,210,208,210,209,205,207,206,202,200,198,198,199,196,195,196,196,192,194,194,191,189,188,188,187,188,185,185,187,184,185



[21:10:57.578]发→◇G
□
[21:10:58.523]收←◆173,174,175,172,173,175,175,173,172,174,175,176,173,174,175,175,173,177,178,175,177,180,179,178,178,179,181,179,180,181,185,183,180,184,184,182,182,184,187,192,201,211,227,245,261,285,307,326,347,366,390,409,427,447,467,485,500,520,538,554,567,584,602,616,629,644,657,669,678,686,693,702,706,705,710,713,709,712,713,713,713,715,716,720,721,717,721,721,718,719,719,718,717,717,717,721,721,718,721,722,719,718,719,718,718,718,718,722,719,718,719,721,718,716,717,715,716,717,718,721,719,717,714,718,717,715,715,715,715,715,715,714,715,712,709,712,707,702,698,694,687,679,671,663,657,650,636,629,621,609,600,593,584,571,560,551,540,527,511,501,485,470,457,446,430,414,400,387,372,357,342,331,319,304,296,286,282,275,267,266,264,256,252,247,246,243,241,239,240,239,234,237,236,233,230,226,231,228,227,227,229,228,225,226,225,224,224,222,222,223,220,219,222,222,218,220,218,218,219,214,214,216,213,211,213,212,209,208,210,207,207,204,203,202,200,199,201,200,196,195,197,195,193,191,192,192,189,188,188,190,187,186,188,188,184,183