
[21:11:23.782]发→◇G
□
[21:11:24.728]收←◆177,176,176,175,173,173,174,172,174,173,176,179,179,178,181,179,176,177,177,177,178,179,182,184,184,185,187,183,182,182,182,182,182,182,185,186,187,190,194,196,204,216,233,252,274,298,322,350,376,400,423,443,463,483,504,523,543,562,582,602,625,644,661,675,687,698,704,708,711,713,715,717,720,720,721,720,719,719,718,718,717,720,719,721,724,724,723,723,725,720,720,721,717,719,720,721,722,723,722,726,724,722,721,720,721,720,719,719,722,722,721,723,723,719,720,718,718,720,718,718,719,721,720,720,722,717,717,717,717,717,717,718,715,719,718,718,718,716,714,713,712,708,704,701,699,696,690,682,672,661,647,638,626,615,603,590,580,569,555,539,525,508,489,472,456,440,424,408,395,379,364,349,336,319,308,297,290,282,276,270,268,267,264,260,258,252,249,246,245,243,241,240,240,240,242,241,238,235,233,232,231,231,230,229,230,229,232,232,231,228,228,225,225,224,225,223,223,224,224,224,223,220,220,215,216,214,213,212,211,212,213,212,210,208,206,201,201,200,199,197,197,198,199,197,198,195,192,191,189,189,189,188,186,187,188,189



[21:11:25.784]发→◇G
□
[21:11:26.731]收←◆177,181,176,175,173,173,173,173,174,175,177,177,180,179,177,175,176,177,176,177,179,179,183,184,185,185,184,182,182,183,183,182,183,184,185,187,188,191,193,197,204,217,233,251,274,296,324,352,377,399,422,442,461,482,503,524,543,560,584,606,624,644,660,673,687,698,704,709,711,714,718,719,717,721,722,717,718,719,719,718,716,719,721,722,721,724,723,720,721,721,721,719,719,720,722,723,726,722,723,720,721,721,721,720,721,721,721,721,722,722,721,719,720,719,719,718,720,720,719,722,722,719,720,717,717,717,716,718,718,718,716,719,720,718,718,718,716,716,714,713,710,709,705,705,702,696,692,683,672,658,649,639,626,615,603,593,583,570,556,541,522,503,488,473,458,440,423,410,397,380,363,350,335,319,307,297,290,283,277,272,268,268,264,262,256,251,248,247,245,243,240,236,241,242,242,240,238,235,233,233,232,230,230,227,231,233,230,232,232,230,227,226,224,225,222,221,224,226,223,226,225,221,217,216,215,214,213,211,212,213,211,211,210,209,204,203,202,200,198,197,199,200,200,198,197,196,192,190,189,188,189,186,188,186,190,187



[21:11:27.783]发→◇G
□
[21:11:28.725]收←◆179,174,173,174,173,173,173,173,177,177,177,177,178,175,176,176,176,176,176,178,179,179,183,183,183,182,182,183,182,184,182,181,183,184,187,187,187,187,190,196,205,218,234,252,273,301,329,350,377,398,422,440,460,481,503,523,542,564,587,604,624,642,659,670,686,697,704,708,711,714,717,719,719,721,720,718,717,718,718,719,716,719,722,724,721,723,724,720,721,722,721,719,719,719,717,725,723,723,723,722,721,721,721,721,720,720,719,724,723,722,721,721,720,718,719,717,718,720,719,723,720,721,719,720,718,717,717,717,718,718,717,721,718,720,719,719,716,714,713,714,710,707,705,704,702,698,690,679,667,658,647,638,626,615,605,594,581,569,554,537,519,504,487,472,455,440,425,409,396,379,364,346,331,317,307,297,289,283,276,274,270,267,263,257,253,252,248,246,244,242,242,243,243,242,241,239,237,235,234,231,231,230,231,234,233,232,232,231,230,226,225,225,225,224,223,225,226,223,224,224,220,218,217,215,216,214,214,214,214,213,214,211,206,205,203,202,200,199,199,200,197,201,199,198,195,193,192,190,190,188,190,188,189,190,188,188



[21:11:29.782]发→◇G
□
[21:11:30.728]收←◆178,175,172,173,173,173,172,173,174,178,178,178,177,179,174,175,175,176,176,176,177,184,183,185,184,183,183,181,182,182,182,183,182,185,186,187,189,189,190,196,205,217,232,251,273,299,326,351,376,400,418,441,460,482,502,523,543,562,586,605,625,642,655,672,685,697,705,707,710,713,717,719,721,720,719,717,717,717,718,718,718,718,721,723,722,724,725,721,720,719,720,719,719,719,723,724,723,725,724,721,721,721,721,720,720,719,722,723,722,722,722,721,720,719,718,718,718,721,719,723,722,721,722,718,717,718,716,718,717,717,717,719,719,719,720,716,715,715,714,713,711,708,705,705,701,696,690,679,667,658,647,636,626,615,603,595,582,569,555,539,520,503,488,471,456,441,423,413,397,380,363,347,330,318,307,297,289,282,276,275,271,268,263,260,254,251,249,247,244,242,242,240,243,241,240,239,234,235,233,233,232,231,229,230,234,232,232,232,229,226,226,226,224,224,225,224,226,226,225,223,220,218,218,215,215,214,214,212,215,214,213,211,209,205,203,201,201,200,198,198,201,199,198,197,195,192,191,189,189,190,188,187,191,191,190,189



[21:11:31.783]发→◇G
□
[21:11:32.726]收←◆176,173,172,172,173,173,174,172,177,178,179,179,176,175,176,175,176,176,176,177,182,183,183,183,186,181,182,183,182,182,182,182,183,187,188,187,189,186,189,196,205,218,232,252,275,302,328,352,376,396,417,440,461,482,502,522,544,567,589,606,624,640,655,671,685,697,704,708,710,717,718,721,720,717,718,717,717,718,719,719,717,721,721,723,723,721,721,720,720,721,722,719,718,722,723,724,722,723,720,721,721,721,720,719,720,722,722,723,721,723,718,720,719,719,719,718,718,721,723,722,722,722,719,717,719,716,716,718,717,720,719,721,719,719,715,716,715,715,715,713,712,706,707,706,701,697,687,677,668,657,647,637,627,614,608,596,583,569,553,536,518,504,488,471,456,440,428,413,396,381,365,345,331,319,307,298,289,282,277,275,271,266,266,256,254,251,249,247,244,243,242,243,243,243,241,235,235,233,233,232,231,231,232,235,234,232,231,232,228,226,227,226,225,224,221,227,225,224,224,223,220,218,217,215,214,213,211,215,214,214,212,211,206,205,204,202,202,201,198,200,200,201,199,199,193,192,190,191,190,190,189,188,191,190,188,191