
[21:11:57.191]发→◇G
□
[21:11:58.137]收←◆172,173,172,171,171,171,170,175,175,171,175,177,173,173,170,173,171,172,170,175,178,174,175,179,177,177,175,176,176,178,178,179,184,182,179,183,183,181,185,189,195,204,214,231,248,262,278,298,316,329,345,361,376,392,408,426,441,456,465,484,498,510,523,537,550,563,574,588,602,608,613,625,632,636,641,645,649,654,659,662,671,677,679,689,697,697,702,706,708,712,713,711,714,718,714,719,717,717,716,716,717,717,716,715,718,719,713,718,716,715,713,715,714,713,712,711,714,715,712,713,713,710,708,707,707,706,703,703,703,703,696,693,690,685,678,673,666,659,651,644,637,634,625,614,611,604,594,582,575,568,558,550,541,536,529,515,506,502,488,473,460,449,436,424,410,402,395,377,362,351,339,322,313,301,292,283,278,271,270,263,257,257,253,247,245,243,240,238,237,236,237,236,229,231,233,228,228,226,225,225,225,225,227,226,221,223,225,222,221,219,219,217,216,214,218,218,214,217,220,215,211,212,208,208,207,207,207,212,206,203,207,204,200,200,198,198,196,195,195,199,195,193,194,192,189,188,187,188,187,186,186,190,186,182,187,185



[21:11:59.189]发→◇G
□
[21:12:00.132]收←◆174,172,171,171,172,171,176,174,172,175,175,170,172,172,171,172,171,173,176,175,173,177,179,174,172,177,176,176,177,179,180,181,178,180,182,180,179,183,186,189,196,205,217,230,243,258,281,295,312,330,348,360,376,392,408,424,436,450,471,486,494,512,524,536,548,561,573,586,596,603,617,625,627,634,641,644,647,651,656,665,668,673,681,690,690,696,702,704,708,710,712,712,712,713,716,719,714,716,717,717,717,716,715,715,715,713,714,718,715,714,716,718,714,712,713,711,710,712,710,715,711,709,711,709,705,706,702,703,700,699,695,695,692,682,679,672,663,658,652,642,638,632,621,618,610,597,591,583,574,565,558,550,544,534,523,518,507,492,481,474,459,447,437,423,414,401,385,375,363,347,335,323,313,301,292,284,280,274,267,257,260,255,250,248,248,243,241,238,238,237,234,231,235,234,228,228,228,226,225,225,225,227,223,223,226,227,222,220,221,219,218,218,217,219,218,216,219,218,213,210,212,211,209,208,208,210,208,204,207,207,203,198,201,200,197,196,196,197,197,193,193,195,190,190,190,191,189,187,187,190,188,185,181,187,184,181



[21:12:01.190]发→◇G
□
[21:12:02.134]收←◆176,173,173,172,172,171,172,173,174,175,171,169,177,172,173,172,172,172,172,174,176,178,174,174,181,178,176,177,177,177,177,177,177,182,180,181,185,189,185,190,196,203,214,228,243,263,283,294,316,333,345,360,376,392,407,423,436,457,473,481,499,515,524,536,549,560,573,585,596,611,618,621,628,640,639,643,648,654,657,662,667,677,684,685,690,701,702,706,709,711,712,711,713,715,717,716,715,718,717,715,718,715,716,716,715,713,717,715,714,717,716,714,715,714,712,711,713,713,713,715,709,713,711,706,708,706,703,703,700,699,699,697,687,685,681,672,665,657,651,643,635,628,626,618,607,596,597,583,574,567,558,550,541,534,528,521,505,493,490,475,460,447,436,424,412,399,385,378,361,347,340,329,311,300,292,284,277,270,263,265,262,254,254,253,245,242,240,239,237,235,233,236,238,230,232,232,229,226,225,225,224,224,222,226,225,221,221,223,220,219,217,217,218,216,216,219,218,214,210,218,213,210,210,208,208,206,207,207,208,204,202,207,205,200,199,197,197,194,194,190,197,194,191,194,195,190,188,187,186,185,186,183,187,189,182,185



[21:12:03.191]发→◇G
□
[21:12:04.138]收←◆175,176,170,172,172,171,172,173,174,174,172,174,174,173,172,173,173,172,172,172,176,174,178,176,181,177,176,176,177,177,178,178,180,182,180,182,181,183,184,189,195,204,214,228,246,263,278,297,312,329,344,361,375,392,407,422,440,456,469,481,498,512,524,535,549,561,572,585,596,604,614,620,630,636,642,643,648,653,656,663,668,674,682,690,691,700,703,704,707,711,712,712,713,714,717,720,714,717,717,717,716,717,717,715,716,715,716,718,713,713,716,715,713,712,712,711,711,712,714,714,710,710,711,707,706,705,703,702,700,699,696,695,686,684,681,674,664,657,650,642,636,631,622,615,608,602,594,584,575,565,558,550,541,533,526,516,509,497,487,473,459,448,435,424,411,400,389,378,364,351,336,324,311,301,291,283,277,271,269,265,258,255,251,249,245,242,240,238,237,236,235,235,232,232,232,230,228,228,225,226,224,224,226,223,224,221,224,223,223,219,219,218,216,216,217,217,215,216,215,215,212,210,209,210,209,207,206,208,205,207,204,203,200,198,197,197,195,196,194,196,196,193,192,190,190,188,186,186,185,185,186,186,188,184,184,184



[21:12:05.190]发→◇G
□
[21:12:06.136]收←◆175,172,173,173,171,171,172,171,174,176,169,174,174,172,173,174,172,172,174,173,176,176,173,176,180,176,178,177,178,176,177,177,181,180,178,180,186,183,183,190,195,203,214,228,244,262,276,295,317,331,343,362,375,391,407,421,437,453,467,481,500,511,522,537,549,561,573,583,594,606,614,621,632,636,639,645,651,651,656,662,666,673,678,683,694,697,700,707,711,710,711,712,711,713,713,715,719,718,715,718,719,717,716,715,716,714,714,714,716,718,713,713,718,713,713,712,712,711,712,710,712,712,707,705,710,705,703,702,699,698,695,693,688,686,678,670,668,658,649,642,636,628,623,617,604,602,593,581,575,569,557,550,541,532,525,517,501,497,485,471,462,450,435,422,410,398,388,375,359,348,342,322,313,302,291,284,276,270,266,264,256,254,255,249,243,242,242,238,236,234,233,235,233,232,232,232,225,227,226,225,224,225,223,226,224,223,225,223,220,220,221,218,218,216,216,218,217,210,216,214,211,213,214,209,207,207,206,207,207,203,204,207,200,199,200,196,195,194,194,195,195,191,192,197,191,188,188,187,185,185,184,185,186,182,183,185