
[21:12:59.578]发→◇G
□
[21:13:00.524]收←◆172,174,175,170,173,176,172,174,176,172,172,173,172,173,175,174,175,179,175,176,177,176,175,177,177,178,180,182,181,184,182,182,181,180,180,180,183,185,191,195,202,215,227,240,259,277,299,318,339,358,380,399,416,435,451,464,484,498,514,531,547,562,580,596,608,625,637,645,661,667,674,681,689,692,697,700,700,707,712,709,711,717,714,715,716,715,716,716,717,720,722,717,720,720,716,719,718,717,717,718,719,722,721,718,721,719,716,717,716,716,716,717,717,719,719,715,717,719,718,716,715,716,714,713,716,716,716,714,712,718,713,713,710,710,708,707,705,703,702,693,685,681,671,661,654,645,637,631,622,610,604,598,585,575,567,552,539,528,516,503,493,478,465,457,438,422,409,392,377,363,348,337,326,315,303,296,288,279,273,267,263,259,257,253,254,250,247,248,244,240,239,236,235,234,234,232,234,234,232,234,231,226,228,227,226,227,225,224,227,226,223,225,224,218,221,219,219,218,217,217,218,217,212,215,217,211,210,212,207,206,206,204,205,205,202,203,204,200,197,197,193,195,193,192,191,193,193,191,191,190,188,188,185,185,184,183



[21:13:01.578]发→◇G
□
[21:13:02.523]收←◆173,172,172,175,177,173,177,176,173,171,172,173,172,172,172,177,178,175,176,179,175,175,177,178,176,177,178,182,183,179,179,184,181,180,180,182,182,185,188,194,205,211,221,244,259,278,299,318,338,358,377,394,419,435,449,470,488,499,514,531,546,562,577,591,611,628,634,651,661,666,676,683,688,692,696,700,706,707,707,712,713,712,712,716,715,715,716,716,720,721,717,718,719,717,716,719,717,718,718,718,721,721,718,717,721,719,716,717,716,717,716,716,718,720,716,714,719,719,716,716,715,715,715,714,713,716,718,715,717,718,714,712,712,710,708,707,705,704,702,692,690,684,670,662,654,645,636,627,621,616,607,594,589,578,564,551,540,528,517,502,492,481,468,450,440,426,408,393,377,362,349,337,323,316,304,292,285,283,273,267,262,258,255,253,251,251,249,244,239,244,240,238,235,235,234,232,231,228,234,233,230,232,232,226,226,226,225,225,224,223,227,228,223,227,224,219,219,217,218,216,214,215,218,216,211,215,212,209,209,206,206,204,203,203,204,204,199,200,200,196,194,194,192,192,191,190,194,193,188,187,191,188,185,185,184,183



[21:13:03.584]发→◇G
□
[21:13:04.529]收←◆174,171,176,176,172,174,175,172,171,171,170,173,176,173,176,179,174,175,177,176,175,175,175,177,179,177,181,184,181,180,184,183,180,181,180,182,184,183,190,196,204,211,228,245,258,278,298,320,340,360,379,400,417,433,451,469,482,498,515,533,550,564,577,599,611,621,637,649,657,667,676,683,691,695,697,704,704,706,709,709,709,713,712,715,718,721,716,719,722,717,717,718,716,716,716,719,720,721,717,721,723,719,717,717,717,716,717,717,719,719,715,719,721,716,716,716,716,718,717,715,718,719,716,715,717,714,714,716,714,715,713,713,714,714,709,707,708,703,699,693,688,678,671,663,655,648,639,630,626,617,603,595,588,576,564,554,539,532,523,505,496,484,465,450,439,422,407,392,378,366,354,336,324,317,302,293,288,280,273,266,262,261,256,253,252,252,249,242,244,243,239,237,237,237,235,233,232,236,234,230,233,231,228,227,226,227,225,224,221,229,227,223,224,225,221,219,218,216,219,217,213,219,218,213,213,214,211,209,208,204,206,207,202,206,208,202,200,202,198,196,196,193,195,195,191,192,193,191,188,190,188,186,186,186,185,184



[21:13:05.579]发→◇G
□
[21:13:06.524]收←◆172,176,176,172,173,173,171,172,173,172,176,175,172,176,176,174,172,174,175,174,175,175,178,179,177,179,183,178,177,180,180,180,181,181,184,185,182,184,192,197,201,212,228,240,259,277,300,321,338,356,380,399,412,431,452,463,479,496,514,532,548,562,581,596,605,621,633,643,655,664,674,683,688,692,699,701,701,704,707,708,708,711,712,715,715,715,719,719,717,718,719,717,716,717,716,719,717,717,719,720,720,718,721,718,717,717,715,717,716,717,713,720,721,715,719,719,717,716,716,717,715,714,714,718,719,714,717,719,714,714,713,713,712,710,709,710,706,700,698,692,684,675,669,661,656,646,635,632,623,609,602,593,581,571,562,551,542,531,515,507,494,476,462,449,434,421,405,393,380,367,350,338,326,311,298,293,285,278,271,267,266,261,255,250,253,250,244,245,245,239,238,236,239,236,234,231,237,234,229,231,231,229,228,227,225,229,226,225,227,227,223,222,222,221,221,219,219,220,220,216,219,218,214,213,212,210,208,210,209,209,209,205,206,206,201,198,199,196,196,195,195,196,196,192,195,195,189,187,189,187,187,186,185,186,187,183



[21:13:07.579]发→◇G
□
[21:13:08.523]收←◆172,176,178,172,178,175,172,173,172,171,172,172,172,177,177,173,177,176,174,175,174,174,176,176,178,183,182,179,184,185,180,180,180,180,180,181,182,188,192,192,203,216,224,241,257,277,297,317,338,364,382,396,413,435,448,465,480,496,514,530,545,563,582,593,607,625,634,644,655,664,675,680,687,691,700,703,701,707,711,709,708,712,713,714,715,716,719,720,718,720,720,718,715,716,716,718,718,717,720,721,718,722,722,717,717,716,716,717,716,717,719,720,716,717,719,715,715,717,716,716,716,715,717,717,716,713,716,716,714,715,713,714,711,712,709,710,707,701,700,693,684,676,668,661,652,645,637,633,624,610,606,598,582,572,561,552,539,528,517,509,494,476,469,452,435,420,406,392,378,363,348,339,328,311,305,297,285,277,272,266,262,259,255,257,253,247,248,246,242,239,238,238,235,234,233,237,235,231,230,232,229,227,227,226,225,225,224,226,228,225,223,226,223,220,221,218,219,217,216,215,221,219,214,217,216,211,210,208,209,206,205,206,209,205,202,205,202,198,196,195,194,195,194,192,195,196,190,192,191,187,187,186,184,185,183,183