
[21:13:43.140]发→◇G
□
[21:13:44.086]收←◆754,754,753,754,753,755,755,752,756,752,753,753,753,753,753,753,752,754,755,753,755,753,754,754,753,753,753,753,754,753,757,752,755,753,753,754,753,753,753,754,753,753,756,755,755,754,753,753,753,753,754,754,754,753,755,756,755,754,753,753,753,753,753,754,753,753,755,755,755,754,752,753,753,754,755,754,753,753,754,755,753,755,753,753,753,754,754,754,754,753,754,755,752,755,753,753,753,753,754,753,753,753,754,755,752,755,754,753,753,752,755,753,753,753,753,756,754,756,754,753,753,753,753,753,753,754,753,755,755,755,755,753,753,753,755,753,753,754,753,755,755,753,755,752,753,753,753,753,753,753,753,754,756,752,756,752,753,753,753,753,753,754,754,754,755,751,755,753,753,753,752,753,753,753,754,753,756,756,755,754,754,753,753,754,753,753,754,754,756,755,756,755,753,753,753,755,753,753,753,754,755,755,756,754,752,753,753,753,753,754,753,753,755,756,751,754,754,754,753,753,754,753,754,753,753,756,753,755,753,753,753,753,753,753,753,752,753,756,755,755,755,754,753,753,753,754,754,753,753,756,755,755,754,753,755,753



[21:13:45.143]发→◇G
□
[21:13:46.090]收←◆755,754,753,754,755,755,752,755,753,753,754,754,753,753,754,753,755,755,752,755,754,752,753,754,753,753,753,753,754,756,752,755,754,753,753,755,753,753,753,754,754,756,755,756,754,753,753,753,754,753,752,753,754,755,755,755,756,753,753,754,753,754,753,753,753,755,756,752,754,752,754,753,753,753,755,753,753,755,755,754,756,753,752,754,753,753,753,753,754,754,755,752,755,752,753,753,753,753,754,753,753,753,755,755,756,754,752,752,753,753,753,753,754,754,755,754,756,754,753,753,753,754,753,753,753,753,756,756,755,754,753,754,753,753,753,753,754,753,755,755,753,755,754,753,753,753,753,755,753,754,755,755,752,757,753,753,754,753,753,753,754,754,754,756,752,756,753,753,753,754,753,754,753,753,753,755,755,756,754,753,753,754,754,753,753,753,753,755,756,756,756,752,754,754,754,753,753,753,753,755,756,754,755,754,753,753,753,753,753,753,753,754,756,752,755,754,753,753,755,753,754,753,753,754,755,751,755,753,753,753,753,754,753,753,753,754,756,754,756,754,754,753,753,753,753,753,753,754,755,755,755,754,754,753,753,753



[21:13:47.144]发→◇G
□
[21:13:48.088]收←◆754,753,753,754,753,755,752,755,753,753,753,753,753,754,753,754,754,756,755,755,755,753,755,753,754,754,753,753,754,756,756,756,754,753,754,753,753,753,753,753,753,755,755,755,754,753,753,753,754,754,753,754,753,754,756,752,754,752,753,754,753,754,754,753,754,754,755,753,755,753,753,753,753,753,754,753,753,754,755,753,757,753,753,755,753,753,754,753,753,753,756,754,755,753,753,753,753,753,753,753,753,753,756,755,755,755,753,754,753,754,753,753,753,754,756,756,752,755,754,754,754,754,754,754,753,753,754,756,754,755,753,754,753,753,753,753,753,754,754,755,751,757,754,754,753,754,754,753,753,754,754,755,756,756,753,753,753,753,753,754,754,754,755,755,755,755,754,753,753,753,753,753,753,753,753,755,755,755,755,752,754,753,753,753,753,753,754,755,755,753,755,754,754,753,753,753,753,753,754,755,755,752,755,753,753,753,753,753,753,753,753,753,755,752,755,754,752,753,753,753,753,753,753,754,757,755,756,754,753,753,753,754,754,754,753,753,755,755,756,753,753,753,753,754,754,753,753,753,755,757,752,755,753,754,754,753



[21:13:49.144]发→◇G
□
[21:13:50.091]收←◆754,753,754,754,754,753,755,755,755,753,752,754,753,754,755,754,753,755,755,755,755,756,752,754,753,753,755,753,753,753,755,755,755,755,753,753,753,753,753,753,753,753,754,756,753,756,753,753,753,753,753,753,754,754,753,755,752,755,752,753,753,753,754,754,753,753,753,756,752,755,753,753,754,753,753,753,753,753,755,755,755,755,754,753,753,753,754,753,753,753,754,755,755,755,755,753,754,753,753,753,753,753,753,756,755,752,756,753,753,753,753,753,753,754,754,755,755,752,755,754,753,754,753,753,753,753,755,755,755,751,755,753,754,753,754,753,753,754,753,753,755,755,755,753,753,753,753,753,755,755,753,754,755,755,756,754,752,753,754,753,753,753,753,753,755,755,755,756,752,753,753,753,753,754,753,753,754,756,752,757,754,754,753,752,754,754,753,754,754,755,753,756,753,753,753,753,753,754,755,753,754,755,755,755,755,753,754,753,753,753,754,753,755,755,754,755,754,753,753,753,754,753,754,753,753,756,755,755,754,753,753,753,753,753,753,755,753,755,755,753,756,752,753,754,753,753,753,753,753,755,755,752,755,753,754,753



[21:13:51.139]发→◇G
□
[21:13:52.086]收←◆755,752,752,753,753,753,753,754,753,754,756,752,754,753,753,753,753,753,753,753,754,753,756,752,755,753,753,753,754,754,753,753,753,753,756,753,755,754,753,753,753,753,753,754,753,753,756,755,755,755,753,753,753,754,754,753,753,752,755,755,756,754,752,753,753,753,754,754,753,753,755,756,753,755,753,753,753,753,753,753,753,753,754,755,753,755,754,753,753,753,753,753,754,753,754,756,753,755,753,754,753,753,753,754,753,753,753,755,754,755,753,752,753,753,754,753,753,752,755,755,756,756,756,752,753,753,753,753,753,753,752,755,755,756,756,752,753,753,753,753,753,753,753,754,756,753,755,754,753,754,753,754,754,753,753,754,755,754,755,753,754,754,754,753,754,754,754,754,757,753,755,753,754,753,753,753,753,753,753,753,755,755,755,754,752,754,754,753,754,753,753,754,755,756,756,755,753,754,753,753,755,755,753,753,756,756,752,755,754,753,753,754,754,753,753,753,753,755,753,755,753,753,753,753,753,753,753,754,754,755,753,755,754,754,754,753,754,753,753,753,753,756,755,755,754,753,754,754,753,753,755,753,755,755,754,755