

[21:15:49.566]发→◇G
□
[21:15:50.511]收←◆175,176,173,173,172,174,172,176,173,175,173,174,173,174,173,173,173,174,175,177,173,178,175,179,177,179,178,180,179,179,180,183,181,183,182,183,185,186,188,192,202,211,224,242,260,280,298,321,343,363,381,399,417,436,454,471,492,508,525,541,561,577,592,603,618,632,645,659,669,681,689,692,696,701,707,704,706,710,711,713,711,716,720,716,716,716,719,717,719,718,718,716,717,715,720,718,717,716,721,718,720,719,719,718,718,717,718,717,716,716,719,717,717,716,716,715,716,717,718,716,716,716,717,716,715,714,713,715,715,714,717,714,710,709,711,708,702,697,693,687,680,674,667,662,649,643,635,625,614,606,597,588,578,570,558,550,534,526,510,500,485,471,458,444,431,418,402,390,374,363,347,335,321,308,298,290,283,280,273,267,262,261,258,253,250,246,244,243,241,241,241,239,237,234,237,235,232,231,230,229,228,228,230,228,227,225,228,225,227,222,221,222,221,221,222,219,223,217,219,216,217,214,213,211,213,211,212,208,209,205,208,204,205,203,200,200,199,198,199,195,196,195,196,195,193,191,189,189,187,187,190,187,186,184,185,185



[21:15:51.566]发→◇G
□
[21:15:52.509]收←◆177,175,172,172,171,173,172,172,174,173,173,172,174,174,173,174,174,173,174,174,176,177,177,176,179,180,180,179,180,180,180,180,183,183,181,181,185,187,188,194,200,211,224,240,260,280,300,319,344,364,382,400,419,435,455,471,491,511,526,539,560,577,593,604,618,631,644,657,668,680,689,692,696,701,706,705,705,708,710,712,710,715,717,717,716,716,719,718,718,717,717,717,716,716,719,720,717,717,722,718,718,719,718,717,717,718,720,719,715,716,719,718,716,716,716,715,715,718,720,716,715,714,717,717,715,715,713,714,713,713,716,716,710,709,710,709,703,699,694,687,679,673,669,660,648,640,633,625,615,605,597,586,578,568,558,550,534,523,511,500,485,471,460,444,430,416,404,390,373,359,348,335,320,310,299,290,283,277,274,269,262,258,259,255,251,248,246,243,240,239,240,241,237,234,235,236,235,231,230,229,230,228,229,231,230,226,225,227,226,224,222,222,222,220,220,222,221,217,216,218,217,213,213,211,211,212,210,208,209,206,205,204,204,201,201,201,198,198,196,197,196,194,192,195,193,191,190,189,187,189,186,189,188,185,183,185



[21:15:53.564]发→◇G
□
[21:15:54.509]收←◆175,171,174,171,172,173,171,172,175,171,174,174,174,174,175,173,173,175,173,176,178,175,177,176,180,179,180,180,179,179,180,180,183,180,183,183,184,186,189,196,202,210,224,240,262,280,301,324,341,362,379,400,417,435,453,472,491,509,522,542,557,574,587,605,617,630,643,655,668,677,683,693,696,699,702,706,706,708,709,710,710,713,714,719,715,716,716,721,719,717,719,716,716,717,716,721,720,717,718,721,722,718,717,718,717,716,716,720,717,716,716,720,720,717,715,716,715,718,717,719,720,715,715,714,718,715,712,713,713,713,712,713,713,709,707,704,705,698,693,686,680,672,668,655,651,640,635,622,615,605,596,586,576,566,559,546,536,522,512,497,486,472,458,443,429,416,404,387,374,359,349,334,323,311,300,289,282,277,274,267,263,260,259,254,251,250,244,242,240,241,241,239,237,238,237,234,229,232,230,228,229,228,229,229,224,228,225,226,222,224,222,221,222,221,220,221,217,219,218,218,215,215,215,211,213,210,210,211,207,208,205,207,203,203,201,199,198,197,196,198,194,194,193,195,193,193,193,188,189,187,186,190,188,185,186,186



[21:15:55.562]发→◇G
□
[21:15:56.507]收←◆172,175,174,174,173,172,172,173,173,175,173,175,173,176,176,175,174,174,174,175,175,178,177,179,177,179,181,181,182,181,180,180,182,183,183,183,185,185,192,193,205,211,224,240,257,279,301,319,344,359,382,397,418,435,454,471,489,506,525,538,558,572,589,602,619,630,644,655,667,677,685,690,699,699,702,704,710,708,710,711,711,713,715,716,719,717,717,717,721,719,717,716,716,717,717,718,721,719,718,719,721,721,718,717,717,717,716,717,719,720,716,718,718,721,716,715,716,718,717,716,717,720,714,715,714,717,713,714,712,713,712,712,709,713,707,705,700,700,693,687,678,671,664,657,647,641,631,624,615,606,597,586,577,568,557,548,535,524,510,500,487,473,459,445,430,415,403,390,377,360,346,334,324,311,303,289,283,276,271,268,265,259,259,251,252,247,247,242,241,239,239,237,239,235,237,231,235,229,232,229,228,228,227,227,229,222,226,224,226,221,224,222,222,221,220,219,222,217,217,215,218,215,214,212,212,210,210,208,210,206,206,204,206,204,203,201,198,199,196,196,197,196,195,193,193,193,190,193,189,186,185,186,186,187,185,187



[21:15:57.566]发→◇G
□
[21:15:58.511]收←◆174,176,175,173,173,172,173,173,173,176,175,174,172,174,175,176,173,174,175,174,173,177,179,179,176,180,181,181,179,181,179,180,179,182,182,184,182,186,188,196,201,211,224,240,259,279,299,322,340,362,381,401,419,437,453,470,489,507,524,541,556,575,591,605,618,631,643,656,667,680,687,692,695,703,707,704,706,708,710,711,711,716,718,716,716,717,720,717,719,718,718,716,716,716,721,718,718,716,719,719,719,718,719,719,717,716,719,718,715,717,718,717,718,716,716,715,716,717,719,716,716,716,717,715,716,715,712,713,713,713,716,713,709,709,710,710,702,698,694,687,679,672,667,660,650,640,633,627,618,607,596,586,577,567,560,550,538,524,511,500,488,474,459,444,431,417,399,389,377,363,344,336,323,312,300,290,283,277,269,267,263,261,255,254,251,251,246,242,242,239,237,238,235,238,233,234,233,234,230,229,228,228,228,228,226,227,225,226,228,227,223,223,222,219,219,221,222,220,217,217,219,217,214,212,211,210,209,208,210,208,206,203,205,206,204,200,199,197,196,193,197,196,196,190,192,193,192,189,188,188,187,183,186,184,187,183