
[21:18:13.421]发→◇G
□
[21:18:14.368]收←◆176,174,172,172,174,172,173,175,177,174,175,177,174,175,173,171,177,175,175,178,180,178,179,181,179,181,182,183,184,187,185,187,188,185,186,190,186,192,194,201,210,224,238,257,277,296,318,344,362,384,405,421,440,460,476,493,513,529,544,565,581,595,611,625,639,656,665,677,687,695,701,706,707,713,714,712,711,717,714,714,713,716,717,717,719,721,721,718,718,721,719,718,717,718,717,720,719,718,722,720,721,723,724,719,719,718,717,719,717,717,720,721,718,719,720,716,716,719,717,717,716,716,718,721,715,718,716,715,716,715,715,716,713,713,715,715,711,709,708,702,699,692,685,678,671,663,654,646,634,623,618,608,598,591,580,567,556,545,532,517,502,487,478,462,447,435,419,402,386,375,357,346,331,320,311,303,293,287,281,274,269,268,262,259,258,252,251,249,246,246,246,242,242,242,240,238,239,234,235,234,233,233,235,233,229,231,231,230,229,227,223,225,225,224,227,225,221,224,222,219,219,217,214,215,215,213,214,214,211,210,210,205,207,204,202,203,203,200,200,200,196,195,199,191,192,193,191,191,191,188,191,190,186,185,187,186



[21:18:15.430]发→◇G
□
[21:18:16.374]收←◆181,173,174,176,173,173,172,171,175,174,172,176,179,174,174,177,178,175,175,175,178,181,178,180,184,183,182,187,186,184,185,185,187,187,186,186,192,193,195,204,214,223,237,256,277,298,318,339,367,386,403,426,444,461,477,494,513,532,546,563,586,601,612,628,644,656,669,680,688,699,703,708,712,715,711,713,713,714,714,715,714,720,720,717,720,721,718,718,718,719,718,717,717,720,722,721,721,721,720,719,719,719,719,718,718,720,720,718,715,720,717,718,717,716,717,716,716,720,721,717,717,721,716,715,717,715,715,716,715,716,719,715,713,717,716,713,712,709,707,705,699,692,690,680,672,670,663,647,639,632,623,610,600,590,582,572,556,546,536,520,504,493,480,462,448,433,421,407,388,374,364,350,332,324,313,301,293,286,280,275,269,263,268,263,256,255,253,250,247,246,244,243,240,238,242,241,236,236,237,234,235,231,229,232,232,229,232,236,229,227,229,229,225,223,221,224,225,220,221,225,219,218,219,219,215,213,211,213,213,210,208,209,207,205,207,204,201,199,197,198,199,194,194,198,196,193,194,193,189,189,189,188,188,185,183,189



[21:18:17.421]发→◇G
□
[21:18:18.364]收←◆174,173,173,172,171,174,175,175,177,173,176,175,172,171,175,174,174,175,178,179,179,177,179,181,180,180,183,186,185,185,184,187,189,186,185,189,189,191,195,202,210,223,237,257,278,296,317,342,365,381,403,421,438,454,476,493,514,528,544,562,578,593,609,626,637,650,666,679,686,695,700,704,707,710,708,714,712,715,718,719,714,717,715,718,717,718,718,721,721,718,722,720,717,719,717,719,719,719,718,721,723,720,722,721,719,718,717,718,717,718,716,721,720,716,716,718,717,718,718,717,717,715,715,718,718,715,714,719,716,715,714,715,713,713,713,714,712,709,705,704,700,691,684,677,670,662,651,640,635,625,616,609,601,589,579,565,552,543,527,514,504,491,473,462,448,434,419,402,386,374,358,342,333,323,308,299,292,287,282,274,269,268,263,260,257,253,250,245,248,244,246,242,240,243,241,237,235,236,234,233,233,233,233,234,230,233,233,227,225,227,226,224,225,227,227,224,223,222,222,220,214,219,216,214,216,215,215,214,211,209,212,207,205,206,207,200,200,200,200,200,196,195,197,194,192,193,193,189,189,190,189,189,187,187,188,187



[21:18:19.422]发→◇G
□
[21:18:20.368]收←◆173,176,176,176,175,177,175,174,174,173,173,173,173,177,177,176,177,177,178,177,178,177,177,179,179,184,186,185,184,185,186,185,185,185,186,186,188,193,197,202,211,224,239,257,275,296,318,341,361,383,402,423,441,462,480,496,511,528,544,562,578,595,612,629,644,656,672,680,688,694,701,705,708,710,711,715,718,714,715,719,714,715,715,718,719,717,718,722,723,719,719,722,717,717,717,720,719,718,719,721,722,719,720,722,720,718,718,718,716,717,717,720,720,718,718,719,720,718,718,717,716,715,715,713,719,716,716,719,718,715,715,716,714,713,712,711,712,714,708,705,702,692,685,677,670,662,653,648,641,629,620,611,602,589,577,565,555,542,530,520,509,491,476,462,449,433,419,402,388,372,357,347,336,322,308,302,294,287,279,274,270,265,262,261,255,256,251,252,249,248,243,242,240,239,239,237,237,236,237,236,237,233,232,230,231,228,228,228,229,230,230,228,229,226,224,222,222,221,220,219,221,221,218,218,214,215,211,211,209,208,208,205,208,208,204,203,202,201,198,197,196,196,194,193,196,194,193,190,191,191,190,187,186,185,186,184



[21:18:21.430]发→◇G
□
[21:18:22.375]收←◆172,176,177,173,173,176,173,173,172,174,173,172,171,177,177,174,174,178,177,176,177,178,178,178,179,183,188,183,185,188,187,184,186,182,187,188,187,192,202,202,210,226,241,255,275,296,320,345,363,385,407,426,441,464,480,495,512,529,547,564,580,598,618,631,642,658,671,680,688,696,703,709,709,709,714,712,712,714,716,716,713,716,719,721,718,718,722,720,719,719,719,717,717,717,717,723,719,720,722,725,719,719,718,719,719,717,716,721,720,717,719,720,717,717,717,716,716,718,718,720,721,717,719,718,716,716,714,715,716,716,716,719,717,713,716,715,710,710,707,704,700,692,686,681,673,663,655,653,642,629,619,614,600,590,579,570,558,543,532,523,509,490,477,467,449,434,419,402,390,374,360,348,340,321,310,303,295,286,278,272,272,268,262,260,260,256,251,253,249,245,242,241,241,243,239,236,240,238,234,237,236,232,232,231,232,231,229,227,232,230,227,226,227,224,223,222,222,221,219,218,222,220,217,216,218,215,213,211,210,208,208,206,208,210,203,202,203,204,197,196,193,196,196,193,194,198,193,191,192,192,188,187,185,188,189,184