

[21:18:55.643]发→◇G
□
[21:18:56.590]收←◆182,183,178,175,174,174,175,173,176,178,178,179,183,182,179,175,176,176,178,176,179,180,182,186,187,187,184,182,181,181,181,182,183,184,185,187,189,188,192,197,200,209,220,235,253,270,292,313,331,347,366,381,393,409,425,442,456,472,492,510,524,541,551,566,573,586,598,610,621,631,641,656,659,669,673,675,675,680,682,688,690,696,703,709,714,715,718,719,716,717,718,717,717,717,718,719,722,722,721,724,722,719,719,718,717,719,717,719,722,723,717,722,722,717,717,715,716,718,718,717,722,721,718,720,720,715,713,713,712,712,711,711,712,712,706,704,699,689,683,674,667,661,652,649,646,634,631,620,611,597,588,579,569,560,552,544,536,525,517,503,490,473,460,446,433,420,406,397,380,371,359,344,329,317,305,298,290,285,277,277,273,272,270,262,259,257,251,248,246,245,243,243,244,245,244,241,241,241,235,234,233,232,231,230,234,236,234,234,233,231,228,226,225,224,223,222,225,228,225,227,225,220,216,216,215,215,212,212,214,215,212,214,211,209,204,202,201,199,200,200,200,198,202,201,200,195,192,191,191,189,189,190,190,190,193,193



[21:18:57.646]发→◇G
□
[21:18:58.589]收←◆183,179,176,174,176,174,174,174,176,177,182,181,180,179,177,176,177,176,176,178,177,183,185,183,186,187,185,182,181,182,183,182,182,186,189,184,189,194,193,192,200,210,222,235,252,273,294,311,333,351,364,379,394,411,426,441,457,476,496,510,526,540,551,560,574,586,599,610,620,636,645,656,662,667,669,673,675,681,684,688,692,698,707,713,712,716,715,714,716,716,718,716,717,716,722,724,718,724,722,719,719,719,719,717,718,719,722,724,717,722,721,719,717,716,716,715,715,718,721,723,718,722,720,715,716,713,712,714,712,713,716,716,711,712,707,702,696,689,683,675,667,661,656,650,647,638,628,618,607,597,587,579,570,563,553,547,540,527,515,502,486,472,459,446,433,421,405,397,387,369,356,345,332,317,307,298,291,284,277,276,275,268,267,269,259,255,251,248,247,244,245,244,247,244,246,243,241,237,234,234,232,232,232,234,235,236,237,235,231,228,228,225,225,223,222,224,226,229,226,225,222,217,215,216,215,213,211,212,213,216,214,211,209,207,204,202,203,199,199,198,200,203,199,199,200,197,194,192,191,191,189,188,192,193,189,190



[21:18:59.645]发→◇G
□
[21:19:00.593]收←◆180,176,175,175,175,173,174,175,177,182,180,181,182,177,175,176,177,176,176,178,183,186,182,182,188,185,182,181,182,183,181,183,186,189,188,187,192,189,188,193,198,209,221,235,255,275,294,314,333,347,360,378,393,409,426,442,459,478,494,510,524,537,546,560,574,586,598,610,621,635,647,651,661,667,665,670,674,677,682,689,690,699,707,711,712,718,715,715,717,717,717,718,716,717,723,726,719,724,724,720,720,720,718,718,719,717,722,723,717,723,720,717,718,716,716,715,717,718,722,721,719,721,719,715,716,713,713,713,712,713,715,716,713,709,707,698,695,687,681,675,667,661,658,653,642,636,625,612,605,596,587,580,571,562,555,549,535,525,517,498,484,473,460,447,434,419,411,401,383,368,359,345,327,317,307,297,290,284,282,279,274,270,269,263,257,253,251,249,246,246,247,249,247,244,247,242,237,236,234,233,234,231,235,238,238,237,237,232,229,226,226,226,224,224,224,225,229,227,226,225,220,217,218,216,213,213,212,213,217,215,213,213,208,204,203,203,202,202,200,200,205,201,198,201,200,192,193,192,192,189,190,192,196,193,191,194



[21:19:01.644]发→◇G
□
[21:19:02.591]收←◆181,176,176,175,175,175,176,175,181,182,180,183,181,176,176,177,177,178,178,177,182,186,182,186,187,180,182,182,181,182,181,181,184,189,188,188,189,186,188,193,199,210,221,236,255,277,295,310,333,347,360,377,392,410,424,441,456,480,494,506,524,537,547,560,573,586,598,608,620,637,649,651,661,667,666,669,673,678,683,688,692,703,706,713,714,717,715,714,715,717,717,716,716,719,723,724,723,724,721,719,721,720,719,719,718,717,722,724,719,723,719,718,719,717,716,717,717,718,723,721,715,722,720,716,714,715,715,715,712,714,716,717,708,712,707,700,694,688,681,675,669,660,660,654,641,637,626,614,604,596,587,578,571,560,559,549,536,528,518,497,483,473,459,446,434,419,410,401,384,371,360,340,329,317,307,298,289,284,281,280,275,269,269,262,256,253,251,249,247,245,247,249,247,242,245,243,237,237,234,234,234,232,233,238,236,233,237,232,228,226,226,225,225,224,224,230,229,223,227,226,219,217,218,215,214,214,212,217,217,215,215,213,206,206,205,203,202,200,199,202,204,201,202,202,194,195,193,191,191,189,189,190,196,194,192,194



[21:19:03.647]发→◇G
□
[21:19:04.597]收←◆176,176,175,174,176,174,174,180,182,179,180,182,178,178,177,176,176,178,178,182,184,181,183,186,182,180,180,181,183,181,183,187,189,185,186,191,187,185,187,192,198,209,220,238,258,275,293,315,330,345,362,379,392,409,426,447,464,478,496,508,522,532,545,559,572,586,598,614,628,640,646,654,658,660,667,671,675,677,684,688,696,704,703,712,712,711,715,714,717,717,717,716,722,722,718,724,723,719,719,720,720,720,720,719,723,722,719,723,723,717,718,718,718,716,716,716,722,722,719,722,721,716,716,714,714,713,713,714,716,719,714,715,712,707,702,698,693,687,681,675,670,668,663,650,646,633,623,613,604,596,587,579,569,565,561,546,537,526,510,495,484,473,459,446,433,423,414,397,385,373,354,340,326,316,307,298,290,288,286,277,273,272,266,258,257,254,252,250,247,249,250,246,244,248,243,238,238,235,235,235,234,237,238,237,236,237,233,229,228,228,225,226,225,226,229,231,226,226,226,220,218,216,215,216,215,212,217,219,213,216,214,208,206,205,204,203,200,199,202,205,202,202,205,198,195,195,193,191,191,189,195,197,193,191,194,191