
[21:19:26.750]发→◇G
□
[21:19:27.694]收←◆173,171,171,171,174,174,174,170,176,175,171,172,175,170,171,171,172,174,176,172,176,180,174,176,175,174,175,175,176,179,179,177,181,183,178,178,181,180,184,188,194,205,216,226,242,261,275,293,310,326,343,360,376,393,411,424,440,459,471,482,500,513,527,541,553,568,582,595,602,617,624,628,640,645,648,652,658,663,670,675,677,689,692,696,703,708,707,710,712,712,714,713,714,717,719,716,718,718,715,718,716,717,717,716,715,717,717,715,717,717,714,716,716,713,713,713,714,718,718,713,712,715,711,709,711,710,707,708,707,707,708,703,697,697,690,684,677,671,666,659,653,641,639,629,618,614,607,595,586,578,570,564,557,543,539,530,513,504,493,478,468,455,442,431,419,403,393,382,362,349,338,324,312,301,293,288,279,272,267,264,257,252,251,246,246,242,240,240,239,237,235,236,232,227,230,229,227,226,226,226,227,228,223,227,225,221,222,223,221,220,218,219,221,221,214,221,222,215,215,215,212,212,210,211,213,211,206,208,212,205,204,203,201,200,199,198,199,198,195,195,196,191,191,193,190,190,189,187,189,189,185,186,188,185,180,183



[21:19:28.753]发→◇G
□
[21:19:29.697]收←◆171,173,172,171,173,171,172,175,178,172,176,176,172,171,172,171,172,172,172,178,177,173,176,178,175,175,175,175,176,176,176,181,182,176,176,182,179,182,183,189,193,202,213,229,244,258,274,296,313,328,346,361,377,392,409,421,444,456,471,490,506,513,528,541,555,568,580,590,609,621,621,636,644,644,649,654,659,665,668,674,684,691,690,699,703,705,707,710,711,713,714,714,715,716,714,718,718,715,715,716,716,717,717,717,718,718,714,714,716,715,714,715,716,713,713,714,714,718,714,713,715,713,711,710,710,710,707,707,705,709,705,701,700,701,691,685,679,673,665,659,650,650,643,628,625,618,604,596,587,578,571,563,553,549,541,525,518,508,492,478,468,455,442,429,417,407,394,377,362,353,337,325,313,302,293,284,276,275,269,262,254,256,251,247,244,242,241,238,236,233,238,233,233,234,235,229,227,227,225,226,224,224,229,231,224,226,226,220,221,220,219,218,218,217,221,222,215,218,217,213,214,212,210,210,210,209,211,210,206,206,206,202,201,200,199,197,196,196,198,198,193,190,196,192,190,188,188,187,188,186,188,190,184,183,187,184



[21:19:30.750]发→◇G
□
[21:19:31.696]收←◆173,173,173,173,174,172,175,174,171,176,176,172,171,173,173,172,172,172,175,176,173,174,178,174,172,176,176,176,177,178,179,179,177,177,183,180,179,182,185,187,194,201,213,229,243,255,280,298,310,329,347,360,376,392,409,427,442,454,474,491,500,514,528,541,554,567,579,594,605,611,626,634,637,644,650,654,657,663,669,676,679,684,691,697,699,703,711,710,712,713,713,713,711,714,717,719,716,715,719,717,716,716,716,717,715,714,712,720,715,716,717,719,715,714,713,713,713,714,713,717,717,712,713,714,710,710,707,707,707,705,704,704,701,694,691,686,678,672,665,657,652,645,635,632,624,610,604,596,587,579,570,562,555,547,534,526,517,503,489,481,467,455,441,428,418,406,389,377,367,350,336,326,314,301,291,284,277,274,266,257,261,258,249,248,247,243,240,238,237,238,236,231,234,237,230,230,230,226,226,225,224,226,226,223,225,227,221,220,222,219,219,219,219,219,219,216,218,218,214,210,213,211,210,209,209,211,209,206,207,207,203,199,202,200,199,198,197,199,196,193,192,198,195,190,191,192,189,187,187,187,189,189,182,189,190,182



[21:19:32.751]发→◇G
□
[21:19:33.695]收←◆174,175,174,172,173,172,170,171,175,174,173,174,174,173,171,173,172,172,172,174,174,177,175,175,177,175,177,177,176,177,177,177,177,181,182,179,182,181,185,188,194,202,214,225,241,262,277,294,314,331,347,364,378,392,407,423,439,457,471,486,504,518,531,544,556,567,580,592,602,615,624,632,640,647,652,657,659,664,669,675,678,686,691,698,702,704,710,712,712,712,715,713,712,714,714,719,719,716,715,720,718,716,716,715,715,714,714,716,718,715,714,717,716,714,714,714,714,715,714,712,716,714,711,713,716,709,707,708,706,704,705,702,702,700,691,688,681,673,666,659,651,645,639,631,623,615,606,598,591,580,573,563,554,544,536,528,516,507,495,483,470,456,442,429,417,403,390,378,368,351,339,324,314,303,292,283,277,272,265,263,259,254,253,249,246,246,240,239,237,235,235,235,231,233,235,231,228,228,225,225,225,224,224,227,226,223,225,224,222,222,219,220,218,217,218,218,219,217,216,216,214,213,212,209,210,210,206,207,208,208,205,205,201,201,200,199,197,195,196,193,196,196,192,194,191,190,189,187,186,186,185,184,186,184,184,187



[21:19:34.750]发→◇G
□
[21:19:35.698]收←◆176,176,172,174,172,173,172,172,172,174,173,174,173,173,170,173,172,172,172,173,174,176,176,175,175,179,174,176,176,176,177,176,178,178,181,176,179,186,186,188,198,202,213,226,241,257,279,296,314,334,348,362,378,393,409,424,439,455,473,488,503,520,531,544,558,568,581,592,603,613,624,634,639,646,653,655,662,666,669,674,678,685,692,697,702,706,709,709,715,714,714,713,713,714,715,717,717,718,716,716,720,719,717,715,716,715,714,714,712,717,718,715,718,718,714,714,713,715,713,713,713,715,715,709,714,711,709,708,707,706,703,702,700,698,693,688,682,675,666,659,652,644,637,631,623,615,606,600,588,583,571,563,553,546,535,528,519,506,494,484,468,458,444,429,417,403,390,376,365,348,338,328,315,305,296,283,277,272,265,261,259,254,251,254,247,244,242,239,236,235,234,233,234,233,231,233,231,227,227,225,225,225,224,224,225,225,223,225,223,221,221,219,217,218,217,217,219,218,214,215,215,209,211,210,209,208,207,206,207,208,202,204,206,201,200,199,196,196,194,194,193,195,191,192,195,192,191,189,187,187,186,185,184,187,185,183