
[21:21:00.770]发→◇G
□
[21:21:01.718]收←◆172,174,171,173,175,173,172,173,171,172,171,173,174,175,172,174,175,174,173,173,173,174,173,175,178,177,178,177,178,177,176,175,175,176,175,177,179,180,182,183,191,197,204,214,226,240,255,272,288,305,317,329,345,359,371,383,395,408,421,433,449,461,473,483,497,508,518,524,534,543,550,558,566,569,577,578,585,592,594,595,600,605,611,617,623,633,640,646,657,665,671,676,682,688,692,697,699,703,707,709,706,704,708,705,705,702,701,700,696,696,696,694,688,685,685,680,678,675,674,671,670,669,671,666,662,660,659,656,647,644,641,635,630,627,625,618,608,605,600,593,582,576,570,562,556,552,545,537,530,525,519,510,502,492,484,476,468,458,452,441,429,421,408,399,385,374,363,352,340,329,321,310,302,289,280,274,267,260,257,252,249,245,245,243,242,236,236,235,232,228,227,227,226,224,227,227,223,221,224,223,224,218,218,217,216,216,219,217,215,215,216,217,216,213,212,210,211,211,210,210,209,208,208,209,207,203,203,201,201,200,200,201,200,197,198,196,195,192,192,191,191,190,190,191,191,191,189,187,187,184,184,182,183,182,182,184



[21:21:02.774]发→◇G
□
[21:21:03.720]收←◆176,171,174,173,174,172,171,172,171,171,173,174,174,174,175,175,176,172,172,174,174,172,172,175,178,176,178,177,178,177,176,175,175,175,174,177,180,180,181,185,192,198,203,214,227,241,256,272,287,303,313,331,346,359,369,382,395,409,422,437,451,462,472,485,497,509,515,525,534,544,552,560,567,572,576,582,588,592,593,598,600,606,613,621,629,634,643,650,659,664,670,677,682,688,694,696,703,703,702,708,708,706,706,706,704,702,702,701,701,697,692,692,691,686,685,680,678,677,674,672,675,671,668,663,665,661,658,654,648,644,641,636,634,630,623,616,614,605,599,590,583,577,568,563,560,551,546,537,533,525,520,508,502,494,486,476,468,461,452,442,431,422,411,397,385,375,363,352,339,331,320,311,299,289,283,274,266,262,256,251,249,246,245,243,236,239,237,235,231,229,227,226,226,226,228,225,220,224,223,224,219,218,219,217,216,218,219,220,216,217,217,217,213,212,212,211,210,211,211,211,208,209,210,208,204,205,203,203,201,198,200,201,201,198,199,198,194,193,191,191,189,189,190,191,190,188,187,188,187,186,184,183,182,181,185,184



[21:21:04.771]发→◇G
□
[21:21:05.719]收←◆173,176,174,171,173,172,171,172,172,172,176,172,172,176,174,171,174,176,173,172,173,174,177,174,172,178,179,174,177,178,175,176,175,175,179,180,176,180,186,183,190,197,204,216,227,241,258,274,286,302,322,328,341,357,368,381,394,408,423,436,446,460,476,485,492,505,515,524,534,543,550,560,562,571,579,581,582,589,592,595,599,606,610,620,624,630,641,649,653,662,672,674,681,687,692,697,699,699,706,704,705,709,709,704,704,703,700,700,697,695,695,694,688,686,684,678,676,675,672,672,671,666,669,668,661,657,656,651,646,644,639,637,632,625,623,619,611,601,598,588,582,576,569,562,559,549,543,540,531,520,518,509,499,492,484,477,471,459,446,442,432,419,408,401,385,376,364,351,345,331,316,310,301,288,282,274,266,260,257,252,253,248,242,241,246,237,234,233,230,229,229,227,228,228,224,225,228,223,217,220,221,219,218,218,220,221,215,218,220,217,212,214,214,211,211,211,212,213,209,208,213,210,207,205,208,203,202,202,202,203,200,196,200,200,195,195,196,193,193,192,191,192,192,188,190,194,185,187,187,185,183,184,184,185,185,181



[21:21:06.766]发→◇G
□
[21:21:07.713]收←◆175,172,172,174,177,173,171,172,174,173,172,172,174,172,173,174,173,174,174,172,176,176,174,173,177,177,175,179,176,177,175,175,176,178,177,177,180,181,180,183,191,197,207,214,227,242,255,270,288,303,315,328,344,359,372,380,391,410,420,432,448,461,471,482,495,508,517,523,531,545,550,556,563,570,573,577,584,590,592,595,598,606,612,615,622,634,637,644,655,660,670,674,679,691,695,697,699,702,703,705,706,705,708,707,703,705,703,699,697,694,691,688,686,684,685,683,676,675,675,670,668,668,666,661,660,659,658,653,646,641,641,634,629,625,621,612,607,603,600,590,580,574,569,561,554,547,544,536,527,524,518,509,499,492,486,478,467,458,451,439,429,419,408,399,384,374,365,355,340,330,320,311,298,290,284,274,269,260,256,253,248,245,246,243,238,236,237,234,233,229,228,228,226,225,227,226,222,222,223,223,221,218,216,219,217,217,216,219,216,216,218,217,214,211,211,211,212,210,209,212,208,206,208,205,206,203,203,203,205,200,201,202,200,198,199,196,197,193,192,193,193,190,189,191,190,187,187,190,186,188,183,184,186,182,181,186



[21:21:08.771]发→◇G
□
[21:21:09.716]收←◆171,171,170,174,174,172,173,177,174,171,171,171,171,172,170,173,179,172,173,177,175,174,173,173,174,174,175,177,182,178,173,180,179,177,175,175,177,177,180,184,194,197,202,217,232,242,257,270,287,301,315,329,347,360,370,384,400,408,422,434,447,459,471,481,499,508,516,528,542,546,551,558,564,569,575,578,586,592,591,599,607,609,612,617,625,632,638,646,657,668,672,679,687,690,692,697,700,701,703,705,709,710,707,704,707,704,702,700,696,695,692,691,691,689,685,681,681,679,675,671,668,668,665,663,662,664,659,654,651,652,642,636,632,627,619,615,607,605,599,590,586,584,573,563,558,549,544,537,529,525,522,508,502,498,488,477,467,459,448,440,430,421,414,400,385,379,368,353,341,329,318,308,297,289,287,275,265,264,260,252,249,245,243,241,238,236,237,236,231,230,234,229,226,224,224,224,223,219,225,224,220,220,226,221,217,217,215,215,214,212,216,217,213,214,217,214,210,209,209,208,208,206,208,213,206,204,206,204,202,201,201,199,198,196,198,201,196,191,195,195,191,191,190,188,188,188,188,191,188,184,186,187,184,183,182,180