

[21:21:30.567]发→◇G
□
[21:21:31.514]收←◆172,172,174,174,174,173,169,174,172,172,174,174,172,172,175,175,174,172,171,175,173,173,176,176,176,175,177,176,177,175,176,177,180,176,177,180,178,179,183,185,193,198,206,220,235,248,264,283,298,313,330,346,361,377,389,404,421,433,448,467,481,493,509,522,535,551,558,569,583,591,600,610,618,622,628,635,643,646,648,653,662,666,672,681,686,692,698,703,709,711,711,712,716,714,715,715,715,715,715,715,715,719,716,716,719,717,714,715,714,713,712,714,712,715,713,713,714,716,712,713,711,711,710,707,708,710,710,706,704,706,699,698,693,689,685,678,675,668,662,651,643,639,629,620,616,608,597,591,586,577,568,557,548,542,532,521,512,503,491,478,469,456,444,428,416,405,393,376,363,353,338,326,317,303,296,285,278,274,271,263,259,259,253,249,249,246,243,241,238,237,236,233,233,234,233,230,230,230,228,232,225,223,225,224,223,226,224,221,222,223,220,220,218,215,218,218,216,217,217,213,212,214,213,212,210,207,207,208,206,206,208,203,200,204,200,198,197,195,196,196,194,193,194,192,191,192,188,189,187,186,187,188,184,185,186,185



[21:21:32.567]发→◇G
□
[21:21:33.508]收←◆172,173,175,174,172,173,179,172,171,173,171,171,172,172,173,175,172,174,176,175,173,176,175,174,174,176,175,178,175,176,181,179,176,178,179,177,177,178,182,187,193,196,210,222,232,249,266,280,295,311,328,346,362,373,390,408,419,437,450,463,478,492,506,522,535,545,560,579,582,592,603,608,616,622,628,635,642,644,652,660,661,665,675,679,686,692,698,702,707,710,715,714,711,713,717,716,715,715,714,715,716,716,717,718,714,714,716,719,713,713,713,715,713,712,713,714,713,713,715,714,711,710,709,709,708,708,706,710,708,702,702,700,692,690,685,679,675,669,659,654,652,637,628,625,614,606,599,590,583,578,566,561,554,544,530,523,512,499,490,477,466,457,441,431,421,406,389,379,366,351,337,326,315,306,298,284,283,276,267,264,262,255,252,249,247,248,246,239,240,242,234,234,233,232,230,230,229,230,229,227,227,233,226,223,225,222,221,221,222,224,222,220,221,223,218,213,215,216,215,214,213,212,213,210,211,211,211,205,207,206,205,202,201,201,201,199,197,200,197,194,193,195,191,191,191,189,192,190,185,190,190,184,186,185,183,183



[21:21:34.565]发→◇G
□
[21:21:35.506]收←◆173,172,173,172,174,175,172,171,176,173,173,173,175,172,172,173,174,175,174,171,178,176,173,174,174,175,176,176,175,178,178,177,181,183,177,178,179,179,181,184,192,200,210,219,236,251,264,278,297,313,328,343,359,376,392,403,420,438,450,462,480,493,507,519,533,548,560,569,581,596,601,609,618,626,629,633,639,645,651,655,658,671,673,679,688,694,699,702,706,708,711,712,712,716,717,716,718,718,716,716,715,716,715,715,714,717,719,715,715,716,714,715,714,713,714,711,712,715,715,712,709,713,710,709,710,707,705,706,703,705,702,697,691,691,686,678,671,667,661,654,644,636,635,623,614,608,601,590,583,575,567,561,549,538,536,526,511,503,491,478,465,454,441,431,417,403,396,384,363,350,339,325,315,303,295,288,280,273,270,268,259,252,254,249,246,245,242,242,241,236,237,237,232,231,232,230,228,228,227,229,230,226,224,227,224,222,225,224,222,220,221,223,221,218,214,221,217,216,216,216,213,213,210,211,212,208,207,211,212,204,205,203,202,200,199,198,200,196,196,198,198,191,192,192,189,189,189,188,189,189,187,188,189,184,180,183



[21:21:36.567]发→◇G
□
[21:21:37.510]收←◆173,171,172,172,172,171,173,176,174,170,176,176,173,173,171,173,172,173,174,176,176,175,176,179,175,174,175,175,175,176,173,180,179,177,178,183,177,179,181,185,191,198,208,223,238,246,264,283,298,312,329,343,359,374,389,406,427,435,450,469,482,494,507,520,533,546,560,574,586,592,600,616,619,622,629,635,639,646,651,659,666,669,673,685,689,694,699,703,708,710,710,713,714,714,713,720,720,716,715,715,717,716,715,713,718,715,714,719,717,713,712,714,715,712,713,712,715,718,713,714,714,711,710,709,708,706,706,705,707,707,701,698,697,691,686,678,673,667,659,652,649,643,633,623,621,611,599,591,583,574,568,559,551,546,537,522,515,507,490,480,466,454,443,428,414,409,393,377,367,358,340,327,315,305,293,286,277,277,271,264,260,260,254,249,247,244,242,240,239,238,243,233,232,235,235,230,229,228,228,226,227,226,229,224,220,226,226,222,222,220,221,220,218,219,222,219,216,220,219,213,213,211,211,211,210,208,211,209,206,206,211,203,201,201,199,198,197,195,200,197,194,194,197,191,191,188,188,187,187,187,190,192,184,185,186,185



[21:21:38.565]发→◇G
□
[21:21:39.509]收←◆175,173,173,171,171,173,174,172,172,176,177,173,171,173,173,173,173,172,175,174,173,177,178,173,172,175,175,174,175,177,179,180,176,180,181,176,177,181,183,184,191,197,210,221,233,244,268,280,295,313,331,343,358,374,391,406,419,431,453,464,476,494,508,519,532,545,561,571,581,591,606,612,614,624,630,633,638,642,649,657,660,667,676,683,685,690,700,704,706,710,712,711,711,713,717,719,715,715,717,716,717,715,717,716,716,714,714,717,714,715,716,717,714,713,713,713,712,713,711,714,712,711,711,712,708,706,706,706,704,702,700,700,696,688,686,680,671,665,658,652,646,637,629,627,619,605,599,593,583,574,566,558,552,540,531,527,515,500,488,480,465,454,441,429,418,404,390,380,369,351,337,327,315,303,293,287,281,277,267,262,263,256,251,251,251,244,241,240,241,240,234,232,237,234,230,230,231,228,228,226,229,229,224,224,226,228,223,222,223,220,219,220,219,220,218,217,220,221,215,211,213,211,210,211,209,212,208,206,208,208,203,201,202,201,200,198,199,199,199,194,196,197,191,189,191,193,188,187,187,190,189,185,183,188,183,182