
[21:25:22.989]发→◇G
□
[21:25:23.932]收←◆172,174,174,172,173,176,174,172,173,172,172,172,172,173,176,175,175,177,178,176,178,177,176,177,178,178,182,181,177,183,183,180,181,181,179,179,181,182,187,191,194,207,222,233,250,270,288,309,329,348,369,388,401,420,441,452,467,484,498,512,528,544,560,574,583,599,614,621,626,640,645,652,658,662,667,673,676,682,687,686,688,694,697,702,704,706,709,711,712,715,717,714,713,716,718,716,715,716,715,717,717,716,719,716,716,717,717,715,713,714,712,713,713,712,715,715,713,715,714,711,710,709,707,706,708,705,706,707,701,698,697,692,686,682,676,672,667,659,653,648,637,626,622,613,604,596,588,581,576,565,559,554,543,530,524,512,500,491,479,468,459,446,429,423,408,393,382,369,353,341,327,317,309,297,283,281,274,265,261,257,253,248,246,243,244,240,236,235,241,232,231,230,228,227,226,227,227,227,223,223,228,224,218,220,220,219,219,219,220,221,218,219,220,219,214,215,215,213,214,212,212,213,209,210,211,210,205,207,206,203,202,201,200,201,202,195,200,199,194,193,195,191,190,190,189,191,190,186,188,191,184,185,185,183,183,181



[21:25:24.993]发→◇G
□
[21:25:25.940]收←◆172,172,172,174,174,172,174,175,176,172,173,172,173,173,175,175,177,174,176,180,178,175,177,178,177,177,176,181,182,180,183,186,183,179,180,180,182,182,183,191,201,208,219,234,253,270,290,310,329,348,367,386,408,421,435,453,470,485,499,513,528,543,557,572,590,599,607,622,634,640,646,654,658,663,668,674,680,682,683,690,691,694,698,702,703,706,709,712,716,715,715,716,718,715,715,715,715,716,715,715,719,717,716,720,718,715,715,715,714,713,712,715,716,717,712,714,714,713,712,710,710,709,708,708,710,711,704,703,704,700,696,693,688,684,677,672,668,663,654,643,640,632,624,614,605,597,590,582,577,568,560,550,544,537,525,512,501,491,479,467,455,445,435,420,408,400,383,367,354,340,329,317,303,296,290,281,272,269,264,256,251,248,247,243,240,240,244,237,233,232,235,231,228,228,227,227,224,224,229,226,219,223,225,222,222,220,220,218,218,218,219,219,216,217,218,217,214,212,213,211,211,211,210,211,208,208,213,209,205,203,202,201,200,197,200,199,198,196,199,195,192,192,190,191,190,187,188,192,189,187,186,187,183,184,184,182



[21:25:26.993]发→◇G
□
[21:25:27.938]收←◆172,173,175,173,175,174,172,174,172,171,172,173,172,174,176,176,174,176,178,176,176,175,176,177,178,178,181,180,180,181,182,181,184,179,181,179,179,182,187,190,197,207,222,234,251,269,290,308,329,349,369,386,403,421,437,452,469,482,498,513,528,542,558,573,585,598,610,618,630,638,644,653,657,663,667,672,677,681,683,686,692,693,696,701,703,708,710,710,715,716,714,714,716,716,714,716,716,715,715,716,716,720,716,715,719,719,714,715,713,714,712,713,713,716,713,713,714,716,713,712,709,709,709,705,707,707,708,703,701,701,695,691,685,681,676,671,666,659,655,646,635,630,620,612,603,596,588,582,576,566,559,551,543,533,522,512,501,490,479,468,459,447,432,421,408,395,382,366,353,341,328,316,307,294,286,279,274,266,264,255,251,249,247,243,243,240,238,236,236,233,231,230,228,227,227,225,227,227,225,228,224,222,223,221,221,219,220,219,220,220,217,219,218,217,215,214,213,214,212,212,211,213,209,208,210,209,208,205,204,203,203,200,199,203,199,199,199,197,195,198,194,191,190,189,189,190,188,188,186,190,186,186,184,183,182,183



[21:25:28.987]发→◇G
□
[21:25:29.933]收←◆172,172,175,175,171,173,176,175,174,171,173,175,174,173,173,177,175,173,177,179,179,175,174,178,179,178,179,182,180,179,182,183,181,178,178,180,180,182,186,192,199,205,220,237,251,268,287,309,330,347,366,386,403,417,433,451,468,481,496,513,529,541,555,570,585,593,606,617,629,637,643,653,658,662,665,671,674,676,680,685,689,696,695,701,706,706,708,711,712,713,713,714,715,718,715,716,719,716,715,716,718,716,717,715,719,718,715,715,716,716,712,714,714,714,712,711,713,715,712,710,711,711,708,706,705,705,703,701,699,700,694,690,687,683,674,669,666,658,648,641,635,628,619,609,604,597,588,579,572,567,556,548,542,535,524,511,500,491,478,468,455,447,431,417,408,396,382,365,350,342,328,315,305,297,288,277,273,269,260,254,251,248,247,242,240,241,239,235,233,234,231,229,228,228,231,225,225,226,226,223,223,222,222,222,220,220,222,218,219,221,220,216,216,217,217,214,213,212,212,212,212,209,212,208,208,210,209,208,203,201,202,200,200,200,202,198,195,198,197,195,191,190,191,190,189,188,190,189,186,188,188,185,183,182,185,184



[21:25:30.991]发→◇G
□
[21:25:31.936]收←◆172,171,172,171,172,175,178,174,171,173,175,172,172,173,172,173,173,175,180,177,174,177,179,178,177,177,179,180,179,180,183,183,179,180,183,182,180,181,185,190,196,206,219,237,252,271,295,313,329,347,366,384,400,415,435,453,467,485,501,515,528,542,555,569,582,596,610,621,632,640,648,656,660,662,667,671,674,679,684,691,690,692,700,703,704,706,709,711,712,713,717,717,714,713,718,717,715,715,715,717,715,716,718,718,715,714,717,718,713,713,712,713,713,714,714,715,712,713,715,715,710,709,709,706,706,706,701,705,701,698,698,695,687,682,677,669,664,657,649,644,640,631,621,614,609,598,589,580,572,564,557,552,546,534,520,514,503,492,479,467,456,443,432,419,412,397,380,368,358,342,330,316,305,294,285,278,272,268,260,257,257,251,245,242,242,238,237,231,235,234,231,232,234,231,227,225,225,225,224,221,224,225,224,221,223,222,221,218,217,218,217,217,217,223,217,214,216,216,212,211,210,211,208,209,210,213,208,202,205,206,203,201,200,199,197,197,197,197,196,193,193,195,192,191,191,188,188,187,187,188,187,184,186,189,186,182