
[21:26:40.958]发→◇G
□
[21:26:41.903]收←◆173,172,172,171,175,174,176,174,174,176,177,176,176,176,176,176,179,177,181,177,182,180,184,181,181,183,181,183,185,183,184,182,185,184,185,181,182,184,187,191,201,214,226,243,259,278,301,319,340,357,375,394,413,430,446,462,476,493,506,520,533,545,559,571,583,598,607,619,629,638,643,650,653,657,662,666,667,677,676,681,685,691,693,697,700,704,707,710,711,715,713,713,711,717,715,715,715,715,715,715,717,720,717,716,715,718,716,716,713,712,713,715,713,714,716,710,710,714,711,709,708,707,705,703,703,703,703,698,695,694,692,685,680,671,666,658,653,647,642,633,627,619,612,604,596,585,577,569,563,552,549,539,532,519,513,502,495,480,468,458,447,434,423,410,400,382,375,359,349,335,320,309,299,288,283,274,269,261,257,252,251,245,242,239,237,235,234,234,232,231,229,230,228,227,223,222,222,220,222,221,221,222,219,221,220,221,218,216,217,216,214,216,215,216,214,214,215,215,210,210,209,209,206,209,206,209,203,206,204,205,201,200,200,199,196,198,195,197,192,195,194,195,190,190,189,188,188,189,189,188,188,186,185,187,184,183



[21:26:42.962]发→◇G
□
[21:26:43.906]收←◆173,170,174,177,173,172,174,177,174,173,176,174,176,175,178,179,177,177,180,183,180,181,182,180,180,183,185,188,187,183,185,186,182,181,181,182,182,183,189,200,203,211,225,246,260,278,297,319,338,358,378,396,413,426,445,464,477,488,502,517,530,544,557,573,584,594,607,618,626,634,641,647,653,657,660,668,672,673,674,682,685,688,690,696,699,702,707,713,711,713,713,717,713,714,715,716,715,714,715,718,721,716,716,720,716,715,714,715,713,713,712,717,717,713,711,713,714,712,709,709,706,705,705,704,705,702,698,700,698,692,686,682,675,670,664,657,655,648,640,631,627,618,609,600,591,585,576,568,565,557,546,535,531,523,511,500,489,480,469,457,449,437,424,408,399,387,373,359,347,334,322,310,301,296,283,272,267,264,258,250,247,244,241,240,237,240,236,231,231,235,229,226,224,223,223,222,223,224,222,222,221,223,223,218,218,217,217,217,213,218,218,214,214,215,217,213,211,212,210,210,209,210,212,208,205,208,208,204,203,202,201,201,200,201,202,199,195,196,196,195,192,192,190,191,189,190,195,190,187,187,189,187,184,183,182,183



[21:26:44.960]发→◇G
□
[21:26:45.907]收←◆173,177,172,174,173,177,176,176,173,174,174,176,175,178,179,178,179,181,180,181,179,181,180,182,182,184,185,185,188,185,183,183,181,181,182,182,182,187,190,196,201,212,226,241,259,277,298,318,339,357,379,395,411,429,445,459,476,488,502,516,531,544,559,569,585,592,608,618,626,632,638,645,651,655,662,663,671,672,676,681,683,686,689,694,699,703,707,709,714,715,713,712,717,714,714,717,714,715,715,716,719,721,716,716,718,716,713,715,712,713,713,713,717,715,711,711,713,713,710,708,705,706,704,702,705,703,698,696,695,694,685,680,675,670,663,660,650,646,638,632,625,617,606,600,592,583,576,570,561,557,545,539,530,521,511,499,490,479,469,460,448,435,425,411,395,385,371,359,346,333,321,311,301,290,284,274,267,260,255,251,246,245,242,239,240,235,236,232,234,230,227,226,225,224,223,222,224,222,223,221,223,220,221,219,217,217,217,216,219,214,216,216,218,215,214,212,212,211,211,209,214,209,210,209,209,207,205,204,202,201,201,200,201,203,200,201,197,193,195,194,192,192,190,188,193,191,190,190,189,187,187,184,185,182,183,182



[21:26:46.956]发→◇G
□
[21:26:47.901]收←◆173,172,175,176,173,174,176,173,173,176,177,175,175,176,179,180,176,177,183,179,179,181,185,181,182,183,187,187,182,182,188,184,182,182,183,182,183,185,190,195,200,211,227,244,257,276,299,317,336,356,376,396,409,425,448,465,471,484,504,514,530,542,556,572,582,592,609,619,622,631,640,645,650,655,660,665,668,669,675,681,681,685,693,697,699,701,706,709,712,711,713,718,712,714,719,720,715,715,715,716,716,718,715,718,715,715,717,717,714,714,712,714,712,711,711,713,711,710,710,710,706,704,703,701,701,699,696,699,697,689,682,682,675,669,662,657,653,643,635,633,628,613,605,601,591,583,575,567,563,554,545,538,532,519,508,501,494,477,466,455,447,435,421,406,400,383,371,359,348,332,321,309,300,290,279,270,271,261,255,251,247,243,241,237,238,237,233,229,234,233,226,223,226,223,222,222,223,225,221,220,224,226,220,217,219,217,217,217,215,218,215,215,216,218,213,211,213,213,209,211,209,212,211,206,208,209,204,204,205,206,201,200,200,202,200,198,193,199,193,193,193,194,190,190,190,190,191,187,185,190,188,183,183,184,181,181



[21:26:48.953]发→◇G
□
[21:26:49.899]收←◆175,174,174,173,173,176,175,172,178,178,173,176,179,175,176,177,178,180,178,179,184,183,181,182,182,181,183,183,182,186,185,182,184,188,181,180,184,186,186,192,200,213,227,240,258,285,298,314,340,356,375,393,408,428,444,458,475,492,503,516,532,543,555,568,580,593,606,614,624,637,641,646,653,659,659,662,665,671,676,678,679,690,690,695,702,706,707,708,711,712,713,713,712,718,714,717,719,719,715,716,716,716,716,716,716,717,716,715,714,716,713,714,713,712,711,711,709,713,713,708,706,708,704,702,702,700,696,696,692,691,688,681,674,672,664,656,651,643,638,633,621,617,611,602,590,586,580,567,560,552,544,539,527,517,514,503,488,481,472,457,444,432,420,411,396,381,376,360,345,333,322,308,297,287,278,273,268,259,257,259,247,242,241,237,237,234,233,234,234,228,229,230,225,221,224,223,222,221,221,223,223,219,220,223,218,216,219,217,216,216,214,216,217,213,213,217,214,212,212,212,208,208,208,207,210,207,202,208,206,201,204,204,199,198,198,198,197,195,192,195,196,191,192,192,190,189,189,187,190,188,185,186,190,183,182,183