

[21:27:09.629]发→◇G
□
[21:27:10.575]收←◆172,172,172,174,174,175,173,175,175,178,174,175,175,175,175,178,180,178,180,180,180,181,179,179,179,180,180,182,184,184,184,183,184,185,183,181,182,185,188,193,202,213,228,243,263,282,301,318,339,357,376,390,410,427,444,460,476,489,505,515,530,544,557,569,583,593,608,615,628,638,644,647,653,658,662,666,672,677,678,681,686,689,693,696,700,704,707,710,716,717,713,712,717,715,714,715,717,715,715,716,719,719,716,716,720,716,714,715,712,714,713,713,717,715,713,711,714,717,710,709,708,708,706,703,702,705,700,699,699,696,690,687,679,674,668,661,655,651,642,638,629,622,615,608,597,588,581,573,565,559,553,544,533,527,515,507,494,484,472,461,450,439,430,416,402,390,376,365,349,337,323,313,301,293,284,278,270,266,260,257,251,246,244,240,239,237,237,235,234,231,232,232,231,227,225,224,222,218,223,222,224,222,222,223,222,220,217,217,218,214,218,215,218,215,216,216,216,213,213,211,209,209,210,210,209,204,207,205,206,203,203,201,199,200,199,202,197,196,195,193,195,192,190,190,189,188,188,190,190,189,187,186,187,183,182,182



[21:27:11.625]发→◇G
□
[21:27:12.569]收←◆172,173,175,176,173,176,177,175,174,176,175,173,175,174,178,178,176,178,183,180,175,179,179,180,179,180,183,184,183,183,186,184,180,182,182,181,182,184,188,195,201,210,228,243,258,280,304,319,339,359,376,396,411,426,445,462,474,490,506,518,531,546,558,574,587,597,610,624,627,637,646,649,655,660,665,670,674,675,682,689,685,691,696,699,703,705,708,710,712,713,717,718,713,713,718,717,715,716,715,716,715,715,720,719,716,714,717,716,714,715,712,715,714,712,713,714,711,711,714,714,708,707,707,705,705,703,701,703,699,695,695,690,682,678,670,666,661,655,645,639,638,622,616,607,598,591,582,575,571,563,551,545,539,527,516,508,496,485,474,463,454,443,427,416,407,391,374,365,350,337,326,313,304,294,283,276,272,266,257,256,251,247,245,242,239,240,235,232,235,233,228,229,230,226,225,224,224,226,224,219,223,226,220,222,222,218,219,217,217,221,218,215,217,221,214,215,213,212,212,211,211,212,211,208,208,211,207,205,205,202,201,202,200,202,202,196,197,198,195,190,193,190,190,189,191,190,192,189,189,191,187,181,185,184,182,181



[21:27:13.625]发→◇G
□
[21:27:14.572]收←◆172,171,172,172,175,180,174,173,178,175,173,174,174,174,175,176,179,180,177,176,183,181,180,180,180,180,182,181,185,186,183,180,186,185,183,183,182,186,186,194,198,216,228,241,264,286,301,322,341,361,380,396,411,436,454,463,482,500,508,523,536,551,563,576,589,608,620,623,636,647,650,655,661,667,671,674,677,686,689,688,691,698,698,703,706,708,710,712,713,717,717,715,713,718,715,717,715,716,716,715,717,720,720,716,716,718,715,716,713,715,713,714,714,713,716,713,712,717,717,711,710,711,707,707,707,704,706,704,701,703,699,691,687,682,676,671,663,656,656,650,634,630,624,611,603,596,587,580,572,563,560,554,539,531,527,511,499,488,477,466,454,441,434,422,404,390,383,367,352,339,327,315,303,293,287,280,269,264,264,259,252,248,244,242,239,239,235,239,236,231,234,237,228,227,225,225,224,223,220,227,224,222,224,225,219,219,219,218,218,217,216,220,222,215,217,218,214,213,212,210,211,209,209,213,215,207,205,210,205,202,201,200,199,199,197,202,201,194,193,197,194,192,191,189,189,188,187,187,191,186,185,188,188,183,184,182



[21:27:15.625]发→◇G
□
[21:27:16.570]收←◆172,173,173,174,178,175,172,177,175,172,174,175,174,174,175,177,180,181,176,181,180,179,178,180,180,181,182,183,188,186,182,183,185,182,181,182,182,185,188,193,205,215,226,242,266,280,301,322,342,360,378,397,418,435,446,466,483,496,508,522,536,549,563,577,589,607,613,623,638,645,648,655,662,665,670,673,678,685,687,688,694,697,697,704,706,708,712,711,713,717,718,715,715,717,716,716,716,717,715,715,716,720,719,716,714,718,715,714,713,714,712,714,715,716,716,712,711,716,713,712,711,709,708,706,707,709,707,703,701,702,698,691,686,682,676,669,662,658,654,641,634,633,623,611,603,595,587,579,572,565,562,550,538,536,522,510,499,488,477,465,454,444,434,420,403,395,381,364,351,338,326,315,303,295,289,277,269,265,263,255,250,247,244,243,240,239,241,236,233,231,233,229,227,226,226,225,224,223,225,226,222,223,224,221,219,218,218,217,218,218,217,221,216,214,219,217,214,213,211,211,209,210,210,213,210,207,210,206,204,204,201,202,199,199,199,201,200,195,196,197,192,192,190,190,189,188,189,192,188,185,185,190,185,183,182,181



[21:27:17.625]发→◇G
□
[21:27:18.569]收←◆172,172,172,176,178,172,175,178,173,174,174,173,173,175,175,179,179,176,175,182,179,179,179,180,179,181,180,185,186,183,181,186,184,183,182,182,182,186,187,192,206,214,225,246,268,281,301,322,342,362,379,395,420,436,446,467,484,493,507,522,535,549,563,576,595,609,611,627,638,640,649,655,660,665,670,674,681,685,686,691,693,695,699,702,704,708,710,711,715,717,715,714,717,715,715,717,716,717,715,718,719,719,717,715,718,716,716,714,714,714,713,714,712,717,713,712,714,718,711,712,711,708,707,707,706,709,706,702,703,702,696,691,686,682,675,670,663,661,657,642,639,631,618,609,604,594,587,580,571,567,561,546,540,534,520,509,499,488,477,466,455,445,434,416,401,396,379,366,351,340,326,315,303,298,288,277,268,269,261,255,251,248,245,242,241,236,239,236,232,234,236,228,227,227,225,224,224,223,227,227,222,226,226,220,220,218,218,219,217,216,222,223,216,219,219,214,212,213,211,212,210,209,214,211,209,208,210,205,204,202,201,201,200,200,203,201,195,192,198,193,192,192,190,190,189,188,191,191,186,184,191,186,185,182,183,182