[20:30:08.519]发→◇G
□
[20:30:09.465]收←◆173,172,173,172,172,174,173,174,178,178,179,177,177,175,177,176,177,179,179,183,184,186,185,185,184,183,184,183,184,185,185,185,188,187,188,188,186,187,191,197,206,217,239,260,286,312,337,363,389,410,435,457,479,497,522,542,565,584,602,621,638,653,668,683,696,703,711,714,716,719,718,717,718,718,718,718,717,717,722,721,718,723,721,720,721,720,721,719,721,722,722,722,720,724,723,721,721,721,719,721,721,721,724,723,724,722,721,720,720,719,718,719,719,718,719,720,723,723,723,719,718,718,716,717,718,716,715,721,719,720,720,719,716,716,716,717,715,716,714,715,714,711,710,704,700,696,688,680,670,660,651,644,633,619,614,602,586,574,558,543,528,511,496,483,468,451,440,425,405,390,370,356,343,329,316,308,300,295,290,283,279,274,269,265,261,258,253,252,250,250,250,251,248,246,246,241,239,237,236,234,238,238,237,237,236,236,236,232,230,229,228,227,228,228,228,229,228,228,227,222,222,220,219,217,217,217,212,218,218,214,212,208,208,206,204,202,201,203,199,201,205,200,200,196,195,192,191,190,190,190,190,192,191,188,188,185



[20:30:10.518]发→◇G
□
[20:30:11.464]收←◆172,172,172,173,175,177,177,177,177,176,173,175,175,176,175,177,178,181,184,185,185,183,181,182,181,183,185,184,184,188,188,188,188,185,183,183,184,186,191,196,206,222,242,262,287,309,333,359,385,410,433,457,478,499,524,544,565,580,596,615,632,650,666,682,695,705,711,714,715,718,716,718,717,718,718,719,717,719,720,722,720,722,722,721,719,720,719,719,721,720,723,723,721,722,725,721,720,719,719,721,721,721,723,723,723,722,722,720,718,720,718,719,719,718,720,721,721,723,722,718,718,719,717,716,718,716,717,720,721,721,720,718,716,716,715,716,715,716,714,717,715,712,709,702,698,693,685,679,668,660,652,646,635,625,613,596,583,568,556,539,526,511,497,486,470,454,440,422,401,386,369,355,341,328,316,311,304,296,288,283,276,270,267,262,260,258,254,255,253,251,251,246,243,241,241,240,240,239,238,236,240,237,239,236,234,232,232,231,230,229,229,229,233,228,229,230,225,224,223,221,220,220,219,219,220,219,217,217,213,211,209,208,207,206,204,205,205,204,203,203,202,197,195,196,193,192,191,191,194,193,193,192,190,186,185,184



[20:30:12.516]发→◇G
□
[20:30:13.462]收←◆173,173,173,174,175,175,178,177,176,175,174,175,175,175,176,176,181,180,182,184,184,181,182,181,182,184,183,184,186,188,188,188,188,184,185,183,184,186,191,197,207,223,241,262,285,308,337,359,384,408,433,455,477,501,521,543,564,581,598,615,634,650,665,682,695,705,709,715,716,719,719,719,719,718,717,717,718,719,718,721,721,721,722,720,720,720,720,720,720,721,721,722,721,722,724,723,722,720,720,722,721,720,721,725,723,722,722,722,718,718,718,718,719,719,720,719,720,724,724,724,718,719,717,716,718,718,716,721,720,721,720,720,717,716,715,716,715,715,715,712,715,711,707,705,697,692,685,676,670,659,653,641,635,624,613,596,582,567,554,540,526,510,498,483,471,453,439,419,401,385,370,354,342,328,317,309,303,295,290,281,275,270,266,263,260,257,256,254,254,253,251,246,248,241,241,240,239,238,239,240,239,240,239,236,235,232,232,231,231,230,230,230,227,230,231,228,224,224,222,222,220,220,219,220,217,220,218,218,213,211,210,208,207,206,204,206,205,205,203,203,198,197,196,194,194,193,192,192,193,193,193,192,189,187,184,185



[20:30:14.519]发→◇G
□
[20:30:15.465]收←◆173,172,171,174,175,178,177,176,176,175,174,175,176,174,175,177,179,181,182,183,184,183,182,184,183,183,183,184,185,188,189,188,188,188,184,184,185,188,191,197,207,221,243,264,284,310,334,359,385,411,433,457,480,502,525,547,563,582,598,616,633,651,668,682,700,706,712,714,714,714,716,717,718,718,718,718,720,721,723,721,717,719,719,721,721,720,720,720,722,723,723,722,720,720,720,721,720,720,721,720,724,725,725,724,721,721,719,719,718,718,718,719,723,722,722,722,721,720,719,719,717,719,716,718,719,720,720,720,722,718,718,718,717,715,716,716,715,719,718,717,713,710,707,703,699,694,687,678,669,663,654,647,637,624,612,597,584,569,555,541,527,512,499,487,471,453,437,421,403,387,369,356,341,330,318,312,303,295,288,283,276,270,266,263,259,257,255,255,254,254,250,249,246,243,243,239,239,240,238,237,241,244,238,238,233,233,232,231,232,228,230,229,232,232,229,229,225,224,224,222,221,216,219,219,220,220,218,217,214,211,210,209,206,205,205,204,207,205,202,203,201,197,196,193,193,191,192,192,194,193,192,190,191,187,185,184



[20:30:16.520]发→◇G
□
[20:30:17.464]收←◆172,172,178,178,177,177,173,174,174,173,174,175,175,176,182,180,181,181,180,179,180,181,181,181,182,183,189,189,188,188,189,184,183,184,182,184,184,187,193,203,210,226,244,258,281,307,333,360,384,410,435,461,483,504,525,539,559,579,596,615,633,651,666,688,699,707,711,713,713,714,716,716,718,718,717,722,720,722,721,720,718,719,719,719,720,720,721,723,722,723,724,721,718,719,719,721,720,721,720,724,724,725,724,721,720,719,719,720,718,718,717,722,722,722,722,723,718,720,721,720,719,718,718,718,720,719,720,720,717,717,717,716,717,716,715,715,718,720,718,717,712,708,704,702,698,693,685,678,675,667,656,648,631,619,608,596,582,568,555,542,532,517,502,486,468,451,434,419,401,384,371,355,345,334,322,313,302,290,285,279,276,269,266,262,264,262,258,257,256,249,247,245,243,243,240,240,240,242,243,240,240,236,234,234,233,232,232,230,228,235,234,232,233,228,227,225,226,224,223,221,218,225,221,221,222,217,214,213,212,210,211,209,207,208,207,207,206,201,200,199,198,197,195,194,194,196,195,194,194,192,190,188,187,185,185,184