
[20:31:38.693]发→◇G
□
[20:31:39.638]收←◆188,188,188,190,192,192,191,194,192,192,193,193,192,193,195,197,202,202,203,209,208,208,210,212,212,216,219,219,222,223,221,222,218,217,217,216,219,226,234,252,281,315,359,413,472,537,624,686,692,697,699,701,703,704,706,711,710,712,712,715,711,712,711,713,714,713,713,715,717,719,718,720,717,717,716,716,716,716,717,717,718,720,720,721,720,718,718,719,719,718,719,717,721,720,721,722,719,719,718,719,720,719,719,718,720,720,720,721,716,716,716,718,716,717,717,715,721,720,721,719,717,716,715,715,715,715,715,715,719,719,720,719,718,714,715,714,713,714,715,712,713,714,712,712,713,710,710,709,709,710,708,709,706,712,710,711,709,706,705,704,702,703,700,701,699,702,700,699,695,689,681,655,610,575,550,524,505,487,470,456,443,431,423,414,406,400,397,390,385,381,375,371,367,364,360,357,355,354,353,352,349,350,348,343,340,342,336,335,334,333,333,331,330,329,327,322,320,320,314,313,310,307,306,304,302,299,298,291,290,285,281,279,275,272,270,269,265,259,262,254,252,247,245,244,242,239,236,238,237,234,233,228,225,221,219,218



[20:31:40.687]发→◇G
□
[20:31:41.632]收←◆173,172,176,172,172,174,176,176,175,176,173,174,176,176,176,176,176,175,181,181,181,181,178,181,181,182,182,182,184,182,186,187,185,185,181,183,182,187,189,193,202,214,234,252,274,296,321,342,365,387,409,428,447,466,486,505,523,541,558,574,591,606,621,634,647,660,674,685,692,698,703,709,712,713,714,717,712,714,714,716,714,715,716,718,721,721,722,721,719,719,718,717,717,717,718,718,721,720,720,721,719,719,719,717,717,716,716,717,721,720,719,720,719,716,716,716,716,718,716,717,718,719,718,717,716,714,714,715,715,714,713,713,713,714,713,710,706,702,696,691,686,680,673,662,654,645,638,627,621,607,600,590,583,572,563,551,539,527,515,501,488,474,460,446,434,420,406,391,372,361,347,333,321,307,299,290,284,278,274,269,262,258,255,252,248,245,244,242,242,242,240,238,237,235,234,231,230,229,228,229,231,230,230,230,228,225,224,224,222,223,221,220,222,223,223,221,221,218,218,216,215,216,212,212,212,214,211,211,210,204,205,206,204,201,199,198,198,200,199,198,198,190,193,192,190,190,190,188,187,189,189,189,188,183,184,183



[20:31:42.689]发→◇G
□
[20:31:43.635]收←◆175,175,172,172,172,172,172,172,172,175,177,177,178,179,176,175,176,176,177,177,178,181,184,184,185,188,183,183,184,182,183,181,181,182,186,185,187,189,189,195,203,215,230,249,271,291,321,347,370,392,410,428,449,467,485,503,521,539,560,579,595,611,624,635,650,662,674,684,692,699,706,710,714,715,712,714,712,714,714,715,713,717,719,720,721,721,719,719,718,719,718,717,717,717,720,722,721,721,722,719,719,718,719,718,718,717,717,720,719,719,718,717,719,716,717,715,715,717,716,719,718,719,718,715,715,715,715,714,714,714,713,716,715,714,711,709,706,703,699,691,685,677,670,665,659,651,642,631,619,610,600,591,580,571,560,552,543,532,520,506,489,474,460,446,431,418,403,391,379,364,352,340,321,310,299,290,282,276,271,265,265,262,259,255,249,246,243,241,240,238,235,232,238,237,236,236,233,231,230,228,227,226,226,226,228,229,228,228,226,223,221,222,219,219,218,218,218,220,220,219,219,213,212,213,211,209,207,207,208,208,208,208,207,202,200,200,197,196,196,194,194,197,197,195,196,190,190,189,188,187,187,184,183,186,187,186



[20:31:44.687]发→◇G
□
[20:31:45.634]收←◆175,175,172,172,171,172,173,172,175,177,176,177,179,175,174,175,176,176,176,179,181,181,183,185,185,183,184,181,183,183,182,182,183,186,185,186,187,187,191,193,202,215,230,249,271,296,322,345,370,389,412,429,448,466,486,503,522,541,558,577,595,607,621,634,648,662,674,684,692,700,705,710,712,714,715,713,712,714,715,715,713,716,717,720,720,720,720,719,719,718,717,718,716,716,718,722,721,720,722,719,719,718,719,718,718,716,717,719,720,720,718,721,718,716,716,716,716,717,718,717,719,720,719,717,715,714,715,715,714,714,714,713,715,714,713,712,705,703,699,691,684,677,672,664,660,649,642,629,619,610,600,590,580,572,563,553,542,532,519,502,487,474,459,445,431,417,404,391,379,366,351,334,323,308,298,288,283,275,270,267,266,261,257,253,251,246,244,241,240,237,236,238,234,238,235,233,231,230,228,228,228,226,226,228,227,230,227,225,225,223,221,220,220,219,219,220,220,222,219,220,216,214,212,211,211,209,209,209,209,211,209,207,204,202,200,200,198,196,196,196,197,196,196,194,191,192,189,188,188,186,187,186,188,187,187,187



[20:31:46.688]发→◇G
□
[20:31:47.633]收←◆176,174,174,173,172,173,173,171,173,175,177,177,179,176,179,176,176,176,177,177,178,181,181,185,185,186,184,182,183,184,183,182,181,181,183,187,189,189,189,194,202,215,230,249,271,295,320,346,370,392,411,429,447,467,484,502,520,539,558,578,595,610,623,636,648,661,673,683,691,698,705,711,713,713,715,715,712,714,715,714,714,716,716,719,720,720,721,723,719,718,718,717,715,718,718,717,721,721,721,723,719,720,720,718,717,717,716,716,719,719,719,719,718,717,717,715,716,717,717,716,720,719,719,717,716,715,714,714,714,713,714,714,715,714,713,712,706,702,697,691,686,678,670,663,660,652,643,631,622,609,600,590,580,570,560,551,542,531,519,505,492,474,461,445,431,418,403,392,375,367,352,338,322,308,299,289,283,276,270,265,263,262,259,255,249,247,244,241,240,238,236,235,236,237,235,235,232,229,229,229,227,226,226,225,229,228,228,227,224,224,222,221,221,220,218,219,220,221,220,219,219,219,214,211,211,210,209,208,209,207,208,207,206,204,199,200,198,196,196,196,195,193,195,195,195,190,190,188,187,186,187,185,184,186,187,185


