
[21:27:56.641]发→◇G
□
[21:27:57.586]收←◆173,173,174,176,175,177,175,175,178,178,179,183,183,183,182,187,185,187,186,188,190,193,189,192,194,192,192,194,188,191,189,187,187,188,185,187,189,188,191,200,207,220,238,259,284,311,338,367,394,415,439,464,483,504,521,537,552,573,588,602,621,630,644,659,670,681,691,693,698,705,706,708,710,710,711,711,711,715,715,713,711,718,716,715,715,716,717,717,717,718,719,716,715,720,720,719,717,716,716,717,718,715,721,718,716,719,717,717,714,714,713,715,715,715,717,713,715,715,718,714,712,713,713,710,712,711,712,712,707,704,706,702,697,694,689,684,680,671,667,658,647,639,633,623,614,609,598,589,581,576,567,558,546,538,529,519,505,497,486,470,458,448,433,420,405,391,380,369,353,342,328,314,303,295,281,276,269,263,257,253,251,248,246,241,240,239,237,235,233,230,225,229,226,226,229,224,223,226,225,223,225,220,219,220,220,218,222,219,217,219,220,217,219,215,213,214,214,214,216,213,212,209,212,209,208,207,206,206,207,203,205,204,201,200,202,197,198,195,194,193,194,191,195,194,190,189,191,187,188,188,185,185,184,183,184,184



[21:27:58.646]发→◇G
□
[21:27:59.594]收←◆173,170,174,176,177,177,179,179,179,178,178,180,180,181,184,188,188,186,189,190,192,191,190,191,191,191,192,193,193,189,190,191,190,188,185,186,185,187,192,199,210,221,239,261,288,312,338,366,392,417,442,465,486,505,523,541,558,574,589,604,619,632,644,661,673,682,692,699,702,703,706,709,709,710,710,714,714,712,716,717,713,714,714,717,716,716,716,720,722,718,720,718,715,717,717,717,717,716,717,721,720,719,718,721,718,716,716,716,714,714,713,718,718,714,713,717,714,715,714,714,712,712,711,712,714,710,710,713,711,708,706,703,699,695,691,685,681,674,668,659,652,644,635,624,617,608,600,592,586,579,569,560,550,542,533,518,506,496,484,471,462,450,435,421,409,395,383,366,352,339,327,313,304,294,286,275,271,265,261,254,251,246,244,241,239,237,238,237,234,232,233,228,227,226,225,224,222,224,226,226,222,225,224,221,220,219,219,217,215,218,220,220,218,219,218,217,213,213,211,211,210,212,214,212,208,208,209,208,204,203,202,201,201,201,200,200,196,197,197,196,192,192,192,191,189,190,188,190,188,189,185,187,184,183,183,182



[21:28:00.646]发→◇G
□
[21:28:01.592]收←◆173,176,174,175,176,178,176,179,176,177,179,179,180,185,184,186,188,188,189,189,189,190,191,189,190,194,194,193,193,193,190,188,187,186,186,184,186,190,195,199,209,224,237,261,285,311,338,366,391,417,442,463,483,503,522,539,556,571,587,601,617,631,647,659,671,681,688,696,702,703,706,708,709,711,710,710,714,713,713,716,715,714,715,715,715,717,716,717,720,722,718,719,717,716,717,718,716,717,717,717,721,720,717,718,719,716,715,717,715,715,714,715,717,718,715,711,716,715,715,714,712,714,712,710,713,714,710,709,710,707,704,702,697,694,689,686,677,675,666,658,650,643,632,622,615,606,599,593,584,576,570,559,550,539,527,517,505,494,482,473,461,447,435,421,408,394,379,366,353,338,326,316,305,295,284,278,267,265,257,253,251,246,245,242,242,237,236,235,233,231,230,229,226,226,224,224,227,225,223,225,224,221,223,220,219,218,218,220,222,217,217,221,218,217,217,215,213,213,212,212,213,214,209,213,210,208,206,205,204,204,203,201,204,202,199,199,200,195,194,193,192,192,191,190,191,191,189,189,190,185,186,186,183,184,183,181



[21:28:02.646]发→◇G
□
[21:28:03.590]收←◆173,173,176,174,176,177,178,177,180,178,179,179,180,181,186,184,187,188,189,190,190,189,189,191,190,191,194,194,192,196,192,187,188,184,184,184,186,187,193,201,208,223,240,259,286,311,337,366,392,416,439,464,484,503,523,539,557,571,588,602,616,631,645,660,671,682,688,694,702,706,705,709,708,710,711,712,710,715,713,713,714,718,715,715,715,715,716,715,716,718,721,716,716,718,717,719,717,717,716,718,718,721,722,717,715,719,716,716,714,716,714,715,715,717,718,713,714,717,716,714,713,714,712,710,712,712,712,710,708,710,707,702,697,693,689,683,680,672,666,657,651,642,635,623,615,606,599,591,584,574,567,559,549,540,530,516,505,495,482,471,462,449,434,423,409,394,380,367,353,339,326,314,305,296,284,277,271,260,258,254,249,248,244,241,238,239,237,234,235,232,231,228,226,225,226,225,224,227,225,223,224,223,222,222,220,219,219,218,218,220,217,216,218,217,217,217,214,213,212,211,211,213,211,209,208,210,206,206,204,203,202,202,200,203,201,199,199,198,194,194,194,192,191,190,189,191,190,188,187,189,186,185,183,183,183,182



[21:28:04.643]发→◇G
□
[21:28:05.589]收←◆175,173,172,177,175,174,178,180,177,175,179,180,180,183,182,186,187,186,188,193,188,188,192,191,190,190,192,193,193,190,186,193,188,186,185,189,185,187,191,200,210,221,238,264,290,310,339,366,391,416,439,462,484,500,518,542,559,570,588,604,616,630,643,656,669,677,688,696,702,702,704,710,709,709,710,710,711,712,713,717,714,714,714,719,717,716,716,717,716,716,717,718,718,716,717,720,720,717,716,717,717,717,717,715,719,720,715,718,719,716,714,716,715,714,714,714,716,720,714,716,715,713,712,711,711,710,709,709,710,708,704,704,699,694,689,683,678,671,663,654,653,644,631,619,616,607,597,590,581,575,566,554,548,541,527,515,507,494,483,470,458,447,434,419,402,396,379,364,353,342,326,313,303,296,285,275,267,268,263,252,250,249,244,241,239,238,239,233,233,234,235,227,226,227,225,225,224,224,226,223,222,224,223,219,218,221,218,218,218,217,220,218,216,218,218,214,211,212,213,212,211,211,212,211,207,206,210,206,203,204,204,201,200,199,202,200,195,193,197,197,192,192,195,190,189,190,191,192,187,186,189,190,183,184,184,181