

[21:28:28.689]发→◇G
□
[21:28:29.636]收←◆177,175,174,173,173,173,174,174,178,181,179,180,182,181,180,179,181,181,183,184,186,188,186,189,188,187,188,187,187,187,186,186,187,184,186,191,185,187,190,194,201,212,227,245,267,288,311,337,356,376,397,411,428,446,461,478,493,510,524,536,551,563,573,583,592,603,611,620,627,637,647,649,654,657,659,659,659,662,665,666,669,674,680,686,687,694,699,698,703,705,707,709,710,711,712,718,715,712,719,717,715,715,715,713,713,711,710,714,713,708,707,707,702,699,696,693,691,691,689,687,685,681,679,676,671,666,663,659,655,652,649,646,639,632,627,621,611,604,597,589,583,576,573,568,559,551,547,536,528,518,511,504,496,488,482,476,463,454,444,432,419,407,394,383,373,360,352,340,328,320,305,295,284,274,265,258,253,248,247,242,239,241,235,232,233,226,224,224,222,221,224,221,221,221,219,219,222,217,217,216,216,214,217,219,219,217,217,218,217,212,211,212,211,211,212,214,217,213,217,216,211,207,206,205,206,205,204,207,210,207,210,207,204,201,198,197,198,196,195,199,198,202,204,203,200,193,192,190,191,190,189,190,190,192,195,192



[21:28:30.690]发→◇G
□
[21:28:31.634]收←◆178,176,174,174,174,174,174,175,177,181,183,177,183,181,178,179,182,182,182,183,184,190,192,185,190,192,187,187,186,186,185,187,184,189,189,183,186,191,189,195,203,213,229,247,267,293,317,333,359,382,398,415,432,450,466,481,497,513,531,540,554,570,580,588,598,609,617,627,634,642,654,655,656,665,666,665,666,668,671,672,676,681,689,694,691,699,703,704,707,709,710,710,711,712,716,717,714,716,718,716,717,715,714,713,714,714,716,715,711,709,712,707,705,702,699,697,695,694,695,696,688,687,689,680,676,672,668,665,661,657,659,663,650,639,639,628,620,611,606,598,590,583,579,576,566,555,556,546,533,524,517,509,502,493,487,483,474,455,454,442,423,415,409,399,381,371,369,373,348,319,313,311,300,287,274,264,256,253,249,257,262,241,241,245,235,230,231,229,228,226,226,231,231,227,225,230,225,222,221,222,220,221,222,223,230,227,222,226,221,214,214,216,215,214,215,216,221,221,217,219,216,209,209,206,207,205,206,204,210,210,204,206,204,198,197,197,196,195,194,195,200,201,194,198,198,190,188,189,188,187,186,185,193,191,187,188



[21:28:32.690]发→◇G
□
[21:28:33.638]收←◆181,176,175,174,174,176,176,175,179,182,182,179,184,183,180,180,181,182,182,185,189,190,189,188,191,191,189,188,188,187,187,187,189,189,189,190,186,192,192,195,204,213,229,248,266,291,315,337,358,384,401,414,433,449,465,481,495,512,531,541,553,569,578,585,596,606,614,623,631,642,653,653,655,664,664,661,663,665,668,670,672,680,686,688,689,699,703,701,705,708,710,710,711,713,717,720,719,718,719,716,717,717,715,715,713,714,711,717,714,709,713,709,703,700,699,695,693,691,690,691,689,685,687,680,672,670,665,662,659,654,654,653,643,637,634,624,614,606,600,594,585,578,575,572,561,555,551,542,529,522,515,505,498,491,486,479,468,458,449,435,422,412,401,388,375,367,359,351,332,324,311,302,288,278,269,260,256,251,248,250,242,243,238,238,233,229,227,224,225,223,224,224,229,224,224,227,223,218,217,218,215,217,218,221,223,217,219,220,216,213,214,213,213,212,212,215,216,215,212,214,212,207,205,205,206,205,202,207,208,206,204,205,202,197,196,195,195,193,192,194,196,197,198,193,194,190,188,188,186,186,187,186,187,188,188,184



[21:28:34.688]发→◇G
□
[21:28:35.632]收←◆178,174,178,179,174,176,177,177,179,180,179,183,183,180,181,185,183,184,184,185,187,190,189,192,193,189,188,191,190,189,187,187,186,188,190,188,195,192,191,200,204,216,231,248,267,292,317,338,365,380,397,420,435,449,464,480,496,512,529,542,559,566,574,591,602,607,616,624,632,641,649,652,663,660,662,665,668,667,668,672,673,679,684,689,695,696,699,703,711,709,711,712,712,712,714,716,722,720,715,715,720,718,715,715,714,713,713,714,717,715,707,707,710,703,700,696,695,694,691,689,689,689,682,676,678,676,667,663,658,656,653,648,643,641,631,621,620,613,602,593,586,580,575,569,559,559,549,536,532,526,515,507,499,492,484,477,468,460,447,433,421,413,400,388,375,364,354,343,334,322,312,299,284,280,268,260,254,250,246,246,243,240,244,236,229,232,228,225,224,223,224,224,224,223,227,223,217,220,222,217,216,215,216,218,216,215,221,217,214,215,216,214,212,212,212,214,213,209,215,211,209,209,210,206,204,205,204,205,206,205,204,205,199,196,200,198,195,195,193,193,195,196,196,198,192,188,192,189,187,187,186,185,188,188,189,191



[21:28:36.688]发→◇G
□
[21:28:37.635]收←◆176,176,177,180,175,175,175,178,178,178,180,183,183,180,185,186,185,184,184,185,186,185,191,194,192,187,192,193,190,189,188,187,187,186,189,192,191,188,194,202,209,216,231,247,269,291,313,337,361,377,401,424,437,449,465,483,495,511,526,542,556,565,579,591,601,608,618,627,634,641,646,654,660,662,662,665,672,668,669,674,674,678,683,689,696,701,698,703,713,710,712,713,713,712,714,716,720,720,716,716,722,720,716,715,715,714,714,713,714,715,708,707,712,707,699,697,696,693,690,689,688,690,681,679,681,678,669,665,659,655,652,646,643,639,629,625,619,613,602,594,588,580,573,565,563,558,546,538,533,529,517,507,500,492,482,475,468,462,450,432,426,416,400,387,376,366,352,340,331,323,310,296,289,281,272,261,255,251,247,242,243,241,240,232,235,235,231,226,223,222,221,221,221,221,222,218,220,222,221,218,217,217,215,216,214,218,217,214,214,215,217,212,213,211,212,212,210,212,214,213,208,211,211,207,205,205,205,202,203,205,207,205,200,201,201,199,195,194,194,193,192,195,197,195,191,191,195,193,187,186,186,184,185,186,188,187