
[21:28:59.941]发→◇G
□
[21:29:00.886]收←◆177,182,182,182,180,182,183,180,178,179,180,180,181,186,192,187,183,190,190,192,188,190,190,190,190,197,196,196,192,197,196,196,192,191,190,188,191,196,200,206,212,230,249,270,291,317,343,370,397,424,450,472,490,513,535,551,567,584,601,616,633,649,667,679,689,702,709,707,712,714,715,719,717,719,725,720,719,722,726,719,719,721,720,720,720,721,728,727,721,723,728,722,719,721,719,723,721,720,727,726,722,722,727,722,721,720,719,719,719,718,724,726,719,719,724,721,718,721,721,717,717,717,719,721,718,717,722,723,716,716,714,713,711,712,709,712,704,697,696,690,679,670,659,650,644,636,626,622,613,603,594,588,576,564,552,539,529,516,505,496,485,467,451,441,427,412,394,380,366,352,338,332,320,306,293,290,281,275,268,262,257,255,253,254,251,248,242,244,244,242,238,236,236,232,232,233,235,235,231,233,235,232,229,227,227,226,224,223,228,227,226,227,227,225,221,221,220,220,219,218,222,219,220,217,219,217,214,210,210,208,208,208,211,213,207,202,206,205,205,199,197,196,197,196,199,199,196,193,196,197,194,190,188,188,188,187



[21:29:01.939]发→◇G
□
[21:29:02.885]收←◆186,185,177,177,186,179,178,179,179,180,180,180,188,189,183,183,194,190,186,187,189,189,188,191,194,201,193,193,200,202,193,190,189,188,189,190,191,199,197,202,219,233,245,266,288,315,343,370,398,429,448,467,492,517,528,548,563,582,598,615,631,654,668,674,687,701,703,707,711,712,714,717,718,724,724,718,718,725,720,720,719,721,720,721,721,726,728,722,723,728,725,720,719,720,721,722,721,724,727,723,721,729,728,723,719,720,719,722,718,719,723,720,719,725,724,719,719,720,719,718,717,720,722,718,719,722,722,718,717,715,716,714,711,710,715,711,701,697,699,684,675,667,658,650,641,633,634,625,607,600,598,584,571,561,550,540,527,517,510,500,477,464,460,439,422,409,394,379,365,353,342,333,313,304,301,295,279,273,266,261,259,256,250,258,249,244,250,249,240,239,236,235,233,234,233,239,233,230,233,237,230,227,227,227,226,225,226,233,231,222,222,229,222,221,223,221,220,219,218,226,224,218,216,222,215,213,212,210,209,210,208,214,214,205,203,210,205,201,200,199,198,196,197,200,203,195,194,199,201,190,189,189,188,189,188,185



[21:29:03.940]发→◇G
□
[21:29:04.883]收←◆186,181,177,185,185,178,177,180,178,180,180,180,190,187,183,188,192,185,188,188,188,189,190,192,200,198,192,194,202,192,191,192,190,188,187,187,195,198,196,202,220,227,243,264,288,315,343,370,403,430,445,466,497,514,527,546,563,582,600,616,635,656,661,675,693,701,702,706,708,713,713,716,718,725,721,718,721,725,719,720,718,719,720,720,720,726,726,720,724,728,722,720,719,721,721,722,721,726,726,722,722,727,722,722,721,720,718,720,719,724,723,721,721,726,722,719,719,720,720,719,717,723,723,716,717,722,721,717,715,715,715,714,711,711,713,707,703,703,698,683,675,666,659,651,642,635,634,619,607,607,599,581,572,562,549,538,526,514,512,496,476,468,459,436,422,409,392,380,365,352,347,330,313,305,301,285,279,272,267,262,258,256,259,256,246,246,252,242,238,237,237,235,235,233,238,239,231,230,237,233,229,229,227,226,225,224,228,234,226,223,232,228,222,223,223,220,221,218,220,224,217,217,222,222,213,213,212,212,209,209,208,216,212,206,209,211,202,201,198,199,197,197,196,203,202,195,195,200,193,190,190,188,188,189,188,193



[21:29:05.942]发→◇G
□
[21:29:06.887]收←◆180,178,182,180,179,178,179,177,179,180,186,188,186,183,188,188,186,185,187,188,187,188,194,197,194,191,197,198,194,192,191,190,189,188,190,194,194,192,199,210,216,227,243,264,288,316,342,375,399,422,449,477,492,508,527,545,564,582,600,621,636,651,665,681,688,696,703,706,709,713,715,722,722,718,722,725,720,718,718,719,717,719,720,726,726,722,721,726,722,722,721,720,719,721,722,728,728,721,722,728,726,721,723,720,722,720,719,725,724,720,719,726,724,720,720,717,718,719,719,719,725,720,717,724,722,718,716,717,716,717,715,715,716,714,710,712,708,698,692,684,674,668,659,652,647,643,629,621,612,603,590,582,570,560,550,540,533,524,507,491,481,467,451,437,422,409,394,379,370,358,343,325,318,307,295,285,278,271,266,262,262,261,255,248,249,252,246,240,238,238,236,233,232,238,236,231,236,238,233,229,228,227,227,226,227,231,230,226,228,230,227,222,222,221,221,220,220,223,228,221,220,222,221,214,215,212,211,211,210,215,216,211,204,210,208,203,202,202,200,197,197,200,202,199,193,199,200,194,192,191,191,190,189,193,194,190



[21:29:07.939]发→◇G
□
[21:29:08.886]收←◆178,181,183,182,177,178,178,179,178,183,184,184,182,187,189,189,184,187,186,188,188,190,195,194,195,195,198,197,193,192,191,190,191,188,192,194,195,196,201,205,213,226,242,263,289,315,347,378,400,423,447,471,487,507,525,544,563,580,603,625,636,646,663,678,685,694,702,707,709,713,714,720,723,717,717,725,723,718,719,721,718,720,719,721,726,720,722,725,727,723,722,719,720,720,720,722,728,724,721,726,729,722,721,721,720,719,718,721,726,724,717,723,724,719,718,719,720,720,719,718,724,723,718,716,723,717,717,716,714,715,716,714,717,715,707,704,707,697,689,680,673,666,659,654,650,638,626,618,613,603,590,580,569,559,549,542,529,521,502,492,484,468,449,437,421,407,392,382,368,357,338,329,319,307,292,286,277,273,267,261,261,260,257,252,251,248,243,241,239,237,236,235,237,241,236,233,232,233,231,229,228,227,226,225,230,233,228,225,227,228,224,222,221,221,220,220,224,225,222,217,220,220,218,215,214,213,212,210,213,212,212,207,208,212,208,204,201,200,201,198,201,200,201,197,197,201,197,191,192,190,189,189,189,192,193,191