[20:32:22.016]发→◇G
□
[20:32:22.962]收←◆173,173,173,172,173,174,177,178,179,178,180,177,177,178,180,179,181,183,183,188,188,190,189,187,187,188,188,188,188,188,188,191,191,190,190,186,188,188,192,198,209,222,241,265,290,318,345,371,392,416,439,462,483,504,522,543,566,584,603,616,630,645,660,673,687,696,703,707,712,714,717,718,716,717,715,716,715,716,717,717,719,720,720,723,720,718,720,718,718,718,718,717,720,721,722,723,719,719,718,720,719,720,719,720,721,721,719,721,720,717,717,719,717,716,717,716,717,721,720,720,720,717,716,716,715,714,714,715,712,719,718,718,715,713,712,710,709,707,704,702,698,694,688,680,672,659,650,642,633,623,613,603,595,589,578,567,554,538,523,511,496,481,469,453,441,430,416,400,384,367,351,338,325,312,302,293,285,282,278,272,269,263,256,254,251,248,246,243,242,241,243,241,240,237,236,233,232,233,229,229,229,229,233,231,232,228,225,225,224,224,223,223,223,224,226,225,223,222,218,217,217,215,214,213,212,212,215,214,213,211,206,206,204,202,201,200,200,198,201,201,198,199,196,192,192,191,190,189,187,188,190,190,188,189,188,183



[20:32:24.019]发→◇G
□
[20:32:24.966]收←◆172,172,173,174,174,173,177,178,178,179,180,176,177,179,178,179,182,181,183,187,189,190,190,188,189,188,190,189,189,188,189,193,192,190,189,185,187,188,193,198,209,223,241,267,290,318,345,366,392,416,439,463,482,503,524,547,566,583,602,616,631,645,661,673,688,696,704,709,712,716,718,719,716,716,718,717,715,716,717,717,719,720,721,721,719,718,720,719,718,718,720,719,720,721,721,723,720,719,718,719,721,720,720,718,722,720,721,721,718,718,716,718,718,717,717,718,720,722,720,720,717,716,715,715,716,715,714,716,718,718,719,718,716,713,712,712,710,708,706,703,697,694,689,681,671,659,650,640,632,622,614,604,596,589,579,566,555,538,524,509,497,483,468,456,442,430,415,400,386,365,352,338,324,313,303,294,286,284,277,272,267,261,258,254,251,248,247,245,242,244,242,242,241,237,234,233,232,231,231,231,229,232,232,233,232,230,226,225,225,224,225,223,222,224,226,224,224,221,218,217,215,215,214,213,214,213,214,215,213,210,206,206,204,204,201,200,199,200,202,200,200,198,193,192,191,191,191,190,187,187,192,189,189,188,186,183



[20:32:26.020]发→◇G
□
[20:32:26.964]收←◆172,173,173,172,172,174,177,178,180,179,180,176,177,180,180,181,180,181,185,187,188,189,188,187,189,189,188,187,189,189,189,190,190,191,186,184,185,188,193,199,208,222,243,267,290,318,342,366,391,416,440,461,481,503,524,549,566,584,602,614,630,645,659,675,686,697,703,709,713,714,717,717,717,715,716,716,715,716,718,719,718,721,721,722,719,719,720,718,719,720,718,718,721,721,721,722,720,718,719,719,720,720,720,719,722,720,721,721,718,718,716,719,718,717,716,717,720,720,719,720,717,718,716,716,716,714,713,715,717,718,717,718,714,713,711,712,710,707,705,701,699,694,688,680,671,659,650,642,632,622,612,604,595,588,577,566,552,537,524,510,496,483,469,454,442,429,415,400,382,367,352,337,324,312,302,294,288,283,278,272,267,260,256,253,250,248,245,244,245,246,244,241,242,236,235,234,233,231,231,229,230,232,233,231,230,228,227,225,226,223,223,223,223,225,224,223,224,222,219,218,217,216,214,213,212,211,214,213,212,208,207,205,204,203,203,200,199,200,201,200,200,197,194,193,191,190,190,190,189,190,192,191,190,188,186,183



[20:32:28.016]发→◇G
□
[20:32:28.963]收←◆174,174,172,173,173,174,177,177,178,179,177,176,179,180,179,179,180,181,186,187,187,188,187,186,187,190,188,189,189,189,190,192,190,186,187,186,186,188,192,198,210,224,242,265,290,314,342,368,392,418,440,461,482,502,525,543,562,580,601,613,633,648,660,673,685,695,702,707,709,713,715,719,719,719,718,716,715,716,717,716,715,717,720,723,722,723,722,718,719,718,718,718,716,717,718,722,722,722,722,719,720,719,719,720,718,717,716,721,720,721,719,719,717,717,717,716,716,717,716,721,720,719,719,715,717,714,714,715,716,716,715,717,716,717,716,713,709,707,704,701,697,690,684,680,669,661,651,642,631,622,612,604,596,586,575,564,551,538,524,512,495,482,469,453,443,427,413,396,381,367,351,337,323,310,302,294,288,282,277,270,266,260,258,254,250,247,246,243,246,243,241,241,240,236,235,234,231,231,230,230,231,232,231,231,231,226,227,226,225,223,223,222,225,226,224,223,223,219,218,216,218,215,214,213,214,214,213,213,212,209,206,205,207,201,200,200,199,201,199,199,195,195,193,193,192,190,189,189,189,190,191,190,188,187,186,183



[20:32:30.019]发→◇G
□
[20:32:30.966]收←◆176,172,174,172,172,174,173,174,176,178,179,181,180,178,180,181,180,181,182,184,186,190,190,192,195,189,188,188,189,189,188,186,186,190,189,189,191,188,193,200,210,224,240,262,283,317,343,370,396,417,440,462,483,503,521,542,562,585,601,619,634,647,662,674,688,697,703,706,709,716,716,717,720,716,716,716,716,717,717,718,715,720,721,722,721,720,720,720,719,718,719,717,717,721,722,723,722,722,719,719,720,720,718,718,718,718,720,721,719,720,716,719,719,717,717,715,715,718,721,720,719,720,716,715,715,716,714,716,714,715,718,717,716,716,713,712,710,708,707,701,697,691,688,681,673,665,654,641,634,622,613,604,594,583,575,566,554,541,531,512,497,483,468,454,439,424,411,400,384,370,358,339,325,313,302,293,286,280,271,273,268,264,260,254,251,248,247,244,242,240,239,241,240,240,239,235,233,232,231,229,228,228,229,230,231,230,230,228,225,224,223,223,222,222,221,223,224,223,223,221,217,216,214,214,212,212,210,210,213,211,210,212,204,204,201,201,198,198,196,195,198,197,198,197,192,191,191,188,189,188,187,184,188,190,188,187