[20:33:44.002]发→◇G
□
[20:33:44.948]收←◆175,174,172,172,171,171,170,174,173,173,177,175,177,176,174,174,176,175,176,179,179,180,181,182,184,183,183,182,181,180,180,181,180,180,184,184,184,186,188,191,200,209,224,243,265,288,313,340,362,383,405,423,443,461,481,500,519,534,551,572,585,601,615,626,639,652,662,672,683,691,699,703,704,706,706,709,708,711,711,713,715,717,718,720,718,717,719,717,718,719,718,718,721,720,722,722,719,718,718,720,720,720,719,718,722,720,721,723,718,718,718,718,718,716,718,717,719,720,720,722,719,717,715,714,715,713,713,713,714,715,715,712,709,704,701,697,690,684,678,670,661,656,648,641,634,625,616,608,596,588,578,568,557,552,541,532,522,510,496,484,470,455,441,427,413,402,388,374,362,350,335,323,308,296,287,278,271,267,260,256,256,253,249,246,245,238,235,234,231,231,230,229,231,232,229,230,228,225,223,222,223,221,222,221,222,226,223,222,222,218,217,218,216,214,216,215,216,217,216,216,215,212,209,208,207,203,206,206,207,208,206,204,203,199,199,197,195,195,195,193,192,195,195,193,193,189,187,187,186,184,186,186,185,185,186,186



[20:33:46.001]发→◇G
□
[20:33:46.946]收←◆172,171,173,172,173,174,177,177,179,177,178,174,174,174,176,175,178,177,181,183,184,184,184,182,182,182,183,182,183,185,184,188,185,186,184,181,181,184,187,193,203,214,230,256,279,303,328,351,376,402,426,449,470,491,511,537,556,575,593,606,623,639,654,669,682,694,702,710,711,715,716,717,715,715,716,715,715,715,716,720,720,719,722,724,718,719,718,718,719,718,720,722,720,721,721,723,719,719,719,719,719,720,720,719,721,720,721,720,717,719,716,717,717,716,718,715,721,722,721,720,718,716,717,716,717,716,714,717,718,719,719,719,714,715,712,712,711,709,708,705,703,699,694,685,674,664,655,645,636,627,618,608,603,592,582,570,556,539,526,512,497,482,469,454,445,428,413,397,383,363,349,334,321,308,298,291,285,280,274,269,265,259,254,251,249,245,243,242,240,243,240,240,239,233,232,232,232,230,229,228,227,232,231,230,229,225,225,223,224,224,222,222,223,224,225,223,223,219,219,216,216,215,214,214,212,215,215,213,212,211,206,207,204,202,202,200,198,201,200,199,199,198,193,192,191,190,190,189,187,190,192,191,189,187,184,184



[20:33:47.999]发→◇G
□
[20:33:48.946]收←◆172,173,172,172,172,174,175,177,179,177,175,175,174,175,175,178,177,176,180,183,183,185,183,181,181,182,183,183,183,183,184,185,185,188,184,184,183,184,188,194,202,215,235,254,277,304,326,353,376,401,425,447,470,492,514,533,556,575,592,608,622,638,654,670,683,695,701,706,711,716,717,718,716,716,715,715,715,717,717,717,718,721,720,722,720,720,719,720,719,718,720,719,721,722,723,723,721,719,719,719,719,721,720,719,722,720,720,723,721,717,717,718,718,716,716,716,718,721,721,721,720,717,715,714,716,717,715,715,714,719,719,719,716,715,713,713,711,709,707,704,700,698,692,685,676,663,655,646,636,627,617,609,600,594,581,569,554,540,526,511,497,483,468,453,441,430,412,398,380,363,347,335,321,309,299,289,286,279,274,270,261,261,253,251,247,246,243,243,243,241,241,240,237,238,231,231,230,230,229,229,230,228,232,231,229,226,225,224,224,222,223,222,224,223,226,223,222,218,217,217,215,216,214,213,215,213,214,213,212,208,208,205,203,204,201,200,199,201,201,201,199,196,193,193,191,190,190,188,188,191,190,189,189,186,187,183



[20:33:50.001]发→◇G
□
[20:33:50.949]收←◆172,173,172,172,172,174,176,177,178,178,176,174,175,176,176,176,176,176,182,182,184,186,183,182,182,183,182,184,183,182,184,185,187,187,184,181,182,185,187,192,203,212,233,256,277,304,330,352,378,403,426,450,471,490,514,536,556,575,592,606,623,639,655,670,684,695,706,708,712,714,715,715,717,717,715,716,715,717,720,719,718,721,719,719,718,719,718,719,719,720,722,722,720,721,723,721,719,720,720,719,720,719,722,721,723,721,720,718,718,717,716,718,718,717,715,719,719,723,720,717,716,716,715,715,716,715,715,719,717,718,718,715,713,713,713,713,711,709,708,709,704,699,694,683,675,666,656,645,637,628,620,613,605,593,583,569,554,539,527,513,497,483,470,456,442,428,414,401,381,365,349,334,322,309,298,290,284,280,274,271,264,259,253,251,247,245,244,237,240,243,241,238,238,233,234,232,232,229,228,228,228,230,230,230,230,227,226,224,223,222,223,221,222,225,224,224,222,219,218,217,217,214,214,212,213,216,214,212,213,209,206,204,205,203,201,200,201,201,201,202,201,197,194,193,192,190,189,188,190,189,192,190,191,187,184,184



[20:33:51.999]发→◇G
□
[20:33:52.947]收←◆171,172,173,173,174,175,176,177,177,175,172,173,174,175,175,176,178,178,182,183,184,180,180,180,181,182,182,182,184,186,187,186,186,184,181,181,183,183,187,193,203,217,235,256,279,301,325,352,376,401,425,448,471,494,515,537,556,572,589,606,622,639,654,670,684,696,706,709,712,717,717,715,716,716,716,715,715,717,719,721,718,721,722,720,719,719,720,718,719,719,717,722,721,721,721,721,720,720,720,718,719,719,720,723,723,721,720,718,716,718,717,719,719,718,717,718,720,722,721,718,718,718,716,715,715,716,714,718,719,719,719,716,714,714,712,712,710,710,708,709,704,697,692,684,671,664,655,646,637,627,620,612,604,593,581,569,552,539,525,512,498,483,470,454,443,430,414,396,379,362,348,333,321,310,299,292,288,279,274,268,260,256,254,252,247,245,243,244,243,243,240,236,234,233,233,231,230,229,230,232,231,232,232,228,226,225,225,224,223,224,223,225,225,225,223,222,224,218,217,217,215,216,214,216,216,216,213,212,212,207,206,205,203,203,203,202,198,202,201,200,196,194,194,191,191,191,190,189,192,191,192,190,188,184,183,183