[20:34:34.754]发→◇G
□
[20:34:35.698]收←◆170,171,170,171,173,175,176,173,171,170,171,169,169,170,170,170,173,171,175,174,175,172,171,171,170,172,172,173,174,175,177,178,176,175,173,173,174,175,177,181,186,193,200,209,218,227,237,247,259,270,282,294,305,317,329,341,349,358,370,378,386,398,407,417,427,440,449,459,466,471,477,482,488,491,496,501,506,512,518,523,528,530,534,537,542,549,555,564,571,580,587,597,604,611,615,619,623,627,630,633,636,639,639,641,641,638,635,628,625,622,618,614,613,613,612,613,609,609,603,601,598,595,593,591,589,588,588,588,585,583,575,573,564,561,555,552,546,541,539,536,530,526,517,510,503,496,491,485,479,474,471,465,461,455,446,437,427,420,411,403,395,385,380,369,364,354,343,331,320,311,301,291,283,276,270,264,260,255,251,244,241,238,234,232,230,228,230,228,228,226,225,222,220,219,217,217,216,215,215,218,217,218,216,212,216,210,209,209,211,209,210,212,211,212,211,206,205,203,203,203,202,201,201,203,201,202,203,200,197,195,195,194,194,192,192,193,190,193,192,190,189,186,186,185,184,184,183,186,186,186,185,185,182,180,179,179



[20:34:36.753]发→◇G
□
[20:34:37.698]收←◆170,170,170,171,171,172,175,174,175,173,172,170,169,169,170,169,170,173,174,174,174,173,174,171,171,172,172,172,173,176,178,178,176,174,176,175,174,175,176,180,184,192,199,208,218,231,238,248,258,271,282,293,302,316,326,339,351,362,368,377,386,396,407,416,425,435,447,457,467,473,476,482,487,492,496,499,504,508,517,523,527,532,535,538,543,549,557,562,570,578,587,598,605,610,614,623,622,626,630,631,635,637,640,642,641,638,635,630,624,620,616,614,612,609,609,607,609,608,605,600,596,595,593,591,591,587,587,585,584,581,578,571,565,559,555,550,546,540,536,534,529,524,520,511,503,496,491,485,481,473,468,466,462,454,448,437,430,420,412,403,395,387,378,372,363,354,346,332,325,310,302,291,284,275,268,264,259,255,250,247,243,237,235,233,230,229,226,227,224,226,224,223,222,218,216,217,215,215,216,218,214,217,216,216,212,212,212,210,209,209,208,207,209,210,210,208,206,206,203,202,201,202,202,200,202,202,201,200,197,198,194,193,191,191,191,190,193,193,193,192,189,189,185,185,184,184,183,184,184,185,185,185,185,182,180,178



[20:34:38.750]发→◇G
□
[20:34:39.696]收←◆174,169,170,171,171,173,174,173,174,174,171,171,173,169,171,169,172,174,174,174,172,175,171,174,173,172,172,173,172,173,176,176,176,177,174,175,177,175,177,179,184,190,200,209,217,229,238,249,260,270,281,293,302,313,328,337,347,361,367,379,389,398,407,416,425,434,447,457,463,473,479,482,488,494,495,500,504,508,514,520,525,531,537,539,546,550,556,561,569,577,585,594,601,607,617,619,624,628,630,633,633,634,636,638,637,634,636,629,626,622,616,614,612,609,607,607,606,604,604,601,600,595,594,590,590,588,585,583,582,578,577,573,566,562,557,549,545,541,534,531,528,521,517,512,503,500,494,484,479,472,468,464,458,451,447,440,430,421,414,403,395,387,377,369,363,353,339,333,321,311,300,292,284,275,268,262,259,255,248,248,240,238,235,232,231,228,228,225,226,225,224,225,221,218,218,216,216,216,214,216,217,215,214,216,213,211,211,213,208,210,208,207,211,210,209,210,209,204,204,204,202,202,200,199,202,201,200,201,199,198,196,195,192,193,192,191,192,192,192,187,192,187,186,185,184,184,183,183,182,186,185,184,184,181,180,180



[20:34:40.750]发→◇G
□
[20:34:41.694]收←◆171,170,171,170,170,170,170,169,174,174,173,174,170,170,169,170,169,170,169,169,174,174,174,174,172,172,173,172,173,172,174,172,177,177,176,178,176,175,176,179,185,189,196,205,218,229,242,253,265,271,282,292,302,313,324,334,349,360,372,381,390,397,407,416,425,434,445,452,462,472,479,485,491,493,497,500,504,508,513,516,520,531,538,542,548,550,556,562,569,576,584,592,599,610,616,621,628,627,630,633,633,636,635,635,635,639,637,630,630,626,618,614,612,609,607,605,603,607,606,605,603,602,595,592,589,588,585,581,578,580,577,576,571,566,557,551,546,542,534,529,524,520,519,513,508,503,492,485,479,473,467,462,456,449,447,440,432,426,413,404,395,386,378,368,358,350,344,335,323,315,303,292,284,274,268,260,255,251,252,248,241,241,241,233,230,227,225,225,222,222,225,224,222,223,223,216,217,215,214,215,213,212,216,215,215,214,214,211,209,208,208,207,208,206,207,210,211,210,207,203,203,201,200,200,199,199,196,200,200,199,200,196,193,192,191,191,189,189,186,192,191,186,189,187,184,185,185,183,183,183,181,186,184,182,183,183



[20:34:42.753]发→◇G
□
[20:34:43.698]收←◆170,172,169,171,170,171,170,176,175,174,173,173,171,172,171,170,170,171,171,175,174,174,174,175,171,172,171,172,173,170,175,176,178,176,177,177,174,175,177,180,184,189,198,208,218,229,240,251,259,271,281,293,303,314,325,336,349,361,370,379,388,397,408,417,426,436,447,454,466,473,482,485,487,493,496,500,504,509,514,519,529,532,537,542,545,550,557,562,569,577,586,594,605,611,616,622,625,628,630,633,635,636,635,640,641,638,637,631,627,622,618,614,612,609,607,608,610,606,606,602,600,596,594,591,589,587,585,584,582,581,578,575,568,561,558,551,546,541,536,532,528,526,518,514,507,498,492,486,479,475,467,463,457,456,448,441,431,422,412,404,397,385,378,368,361,355,344,333,324,314,301,293,282,274,267,259,256,254,250,246,245,241,235,234,232,229,225,224,225,226,224,224,223,221,218,217,216,215,213,213,216,215,214,216,214,213,211,211,209,208,208,207,208,208,209,210,209,208,204,204,202,200,201,200,199,199,203,203,198,197,196,194,195,193,191,190,191,190,192,192,189,190,189,185,185,183,184,182,179,183,185,186,184,183,183,179