[20:36:53.080]发→◇G
□
[20:36:54.026]收←◆172,169,175,176,176,178,173,174,173,174,172,173,175,173,177,177,178,180,179,177,177,177,178,177,178,178,182,184,183,183,183,179,178,179,178,178,177,178,184,189,195,205,219,229,248,269,290,312,333,354,377,401,419,440,460,471,489,504,521,536,553,569,584,601,614,627,639,645,654,663,669,675,680,685,689,695,698,702,701,703,702,706,707,711,712,714,714,717,719,719,719,717,715,716,716,717,716,717,717,721,721,721,720,719,717,716,714,715,715,715,715,717,719,717,718,717,715,714,713,713,711,712,710,712,714,714,711,712,705,703,701,697,692,689,684,680,676,670,662,655,643,634,626,617,610,601,593,584,582,574,564,558,545,533,523,513,502,490,479,466,460,448,433,422,408,392,377,365,351,337,324,313,304,295,286,279,272,261,257,253,248,245,243,240,239,238,239,235,235,229,228,227,226,224,223,223,224,226,224,226,227,222,221,219,219,217,217,217,218,220,220,218,218,215,214,214,213,213,211,210,207,213,213,209,211,208,207,205,205,204,201,201,198,203,202,198,200,199,194,193,192,191,190,190,188,191,192,191,191,188,185,185,184,184,181,182



[20:36:55.080]发→◇G
□
[20:36:56.025]收←◆173,176,177,177,177,176,173,172,172,173,173,172,173,178,178,178,180,177,177,176,177,177,178,178,178,179,183,183,184,182,179,179,178,178,177,177,177,179,186,189,196,205,214,229,248,268,289,310,332,355,379,402,419,438,453,469,487,504,521,536,552,567,587,602,615,626,635,643,652,660,669,675,680,686,693,697,697,701,703,701,701,705,708,710,711,713,717,717,719,719,721,717,715,716,716,717,717,716,718,720,721,722,720,719,717,716,715,716,714,715,713,718,718,717,717,714,713,715,713,714,713,712,712,712,713,712,711,709,705,702,699,698,691,688,683,682,676,669,664,652,641,632,625,617,608,600,592,590,582,574,566,555,543,532,522,513,502,490,479,471,460,447,434,419,403,391,377,363,350,337,325,315,305,296,287,278,267,262,257,252,248,244,242,241,243,240,239,236,231,230,228,226,225,224,224,225,227,226,225,224,221,220,221,219,218,218,217,218,221,221,220,220,216,214,214,213,212,211,210,210,213,214,212,212,211,207,204,205,204,202,201,202,204,202,202,201,198,195,194,193,192,192,190,189,190,191,193,193,190,185,185,185,184,183,183,182



[20:36:57.077]发→◇G
□
[20:36:58.022]收←◆174,177,175,177,178,175,172,173,172,172,173,173,175,175,178,178,179,176,177,178,176,177,178,178,178,179,183,183,183,181,179,178,178,178,176,178,178,182,184,189,196,204,214,229,247,267,288,312,333,358,381,400,419,437,454,470,486,503,519,535,552,569,587,601,613,626,636,642,652,660,669,674,680,685,691,695,697,699,700,701,701,706,707,710,711,713,713,719,718,719,719,716,716,716,716,717,718,718,715,720,721,720,721,718,717,716,715,716,715,715,714,719,718,717,717,714,713,715,714,714,712,712,711,712,713,713,710,709,704,703,699,697,691,687,684,681,675,669,663,654,641,633,624,617,607,600,595,588,582,574,565,553,542,533,522,512,501,490,479,470,462,447,435,419,404,390,376,363,350,337,324,314,305,295,285,275,267,262,256,251,247,246,242,242,243,240,238,234,231,228,227,227,225,226,224,226,226,226,225,223,221,220,221,218,218,218,217,221,223,222,221,219,219,214,213,214,213,212,211,212,214,213,213,212,209,206,204,204,203,203,201,201,202,202,202,200,196,194,194,192,192,192,191,190,190,192,191,191,188,187,185,184,183,183,181,182



[20:36:59.078]发→◇G
□
[20:37:00.027]收←◆174,176,176,176,179,173,172,172,172,173,173,172,174,177,178,180,181,176,176,176,178,178,177,177,178,183,184,182,183,180,179,180,177,177,177,177,175,183,185,189,196,205,213,229,247,268,288,310,332,358,380,400,420,437,452,469,487,503,521,535,551,572,588,600,614,626,634,642,652,661,668,675,680,688,692,695,698,701,699,702,702,705,706,710,713,716,717,719,718,719,716,715,714,715,717,718,717,718,719,722,721,721,718,717,716,716,714,716,715,714,716,719,719,718,715,713,713,715,714,712,712,712,714,712,714,713,709,708,704,702,700,696,691,688,687,683,677,669,661,649,640,632,625,616,609,601,595,590,583,575,568,553,542,532,523,512,502,490,481,471,460,449,436,416,404,390,377,363,349,337,324,317,305,295,286,275,268,262,257,251,248,245,240,243,241,240,239,235,231,229,227,226,225,224,223,226,227,227,225,225,221,220,220,218,219,218,217,221,220,220,221,220,215,214,214,212,212,212,211,212,213,213,212,212,209,207,205,205,203,203,203,202,203,203,203,204,195,196,193,193,192,190,189,190,194,191,192,192,187,186,186,185,184,183,182,178



[20:37:01.081]发→◇G
□
[20:37:02.024]收←◆177,177,179,175,173,173,173,172,171,173,174,175,177,178,179,178,177,176,177,177,177,176,178,179,181,183,183,183,181,180,180,178,178,178,175,177,182,182,185,188,193,201,214,229,247,267,288,312,337,360,382,400,416,435,453,469,486,504,521,538,557,572,588,601,612,622,632,642,652,662,668,680,685,690,694,697,694,696,699,700,701,705,707,713,715,717,717,719,716,716,716,716,716,716,716,719,720,720,720,721,718,718,718,717,717,715,716,715,717,718,718,720,715,714,714,713,713,716,714,713,717,715,713,713,711,709,707,707,703,703,699,696,696,692,686,684,675,667,657,649,641,632,624,616,612,606,596,590,585,572,560,550,541,533,523,512,504,493,486,473,460,447,431,416,403,390,376,364,351,339,331,318,306,294,282,275,267,261,256,252,244,247,246,244,242,240,235,232,230,229,227,226,223,227,227,226,227,226,222,222,221,220,219,219,219,218,221,220,220,222,220,216,216,215,213,213,212,212,214,212,214,216,212,208,207,207,205,204,203,202,203,206,203,206,201,198,197,195,193,192,191,191,193,193,193,192,191,187,188,186,184,183,182,180,184,186