[20:37:26.600]发→◇G
□
[20:37:27.545]收←◆174,173,172,173,177,177,176,179,181,176,177,178,178,179,179,182,186,187,187,190,191,187,187,189,188,189,190,190,191,193,193,192,192,188,186,188,187,189,194,201,207,230,246,267,291,313,339,366,390,414,435,457,477,502,520,536,557,569,584,598,614,627,642,655,667,683,692,699,704,707,708,710,711,712,713,713,712,718,717,718,717,721,717,717,717,718,719,718,718,720,721,720,720,722,717,719,717,718,719,718,718,717,720,720,721,720,717,718,716,717,715,716,716,715,719,718,718,721,717,716,715,715,714,713,713,714,715,716,715,715,711,711,706,704,700,698,692,688,685,679,671,663,652,641,632,623,615,606,599,589,586,578,568,559,550,531,520,508,496,483,470,459,448,436,424,408,396,376,362,348,335,322,311,299,287,287,279,274,268,259,255,251,248,246,242,241,238,241,240,237,236,232,231,230,229,228,226,226,225,229,228,229,227,224,222,221,222,220,220,219,219,221,222,222,222,218,215,215,213,215,212,212,211,214,214,214,212,214,206,205,204,204,201,201,198,201,200,201,199,201,195,192,192,191,190,189,188,185,191,190,190,190,184,184,183,182



[20:37:28.597]发→◇G
□
[20:37:29.544]收←◆173,173,172,175,176,175,179,179,175,177,175,177,178,180,180,182,185,183,188,189,186,188,187,187,189,189,190,190,194,193,193,193,186,188,188,187,187,190,194,201,215,228,246,269,286,314,342,364,390,413,435,456,480,498,519,538,552,569,586,596,612,626,640,654,669,681,692,698,704,708,709,710,712,713,713,713,712,714,713,719,716,720,720,718,719,718,718,717,718,718,717,720,720,718,720,719,719,719,719,718,718,719,719,722,721,718,719,718,716,717,715,717,716,716,716,718,718,718,719,721,716,716,714,713,714,713,712,715,716,715,714,712,706,704,701,697,693,687,681,677,670,664,651,643,631,623,613,605,598,590,582,572,566,556,544,532,520,507,496,483,471,458,447,432,421,408,390,378,361,348,334,322,310,299,293,284,279,274,261,258,255,251,248,245,244,240,242,240,239,238,232,232,235,229,227,227,226,225,228,228,228,227,227,223,224,222,221,221,220,219,221,222,222,222,224,217,215,214,213,213,212,213,212,213,209,212,210,206,206,203,203,203,201,201,200,201,199,200,199,195,194,193,191,190,191,189,189,191,190,191,189,185,185,185,182,182



[20:37:30.599]发→◇G
□
[20:37:31.543]收←◆173,172,173,172,174,177,177,178,180,180,176,177,178,178,179,181,181,186,188,190,191,188,187,187,189,189,191,191,191,192,193,191,192,192,186,187,188,189,194,201,209,224,246,269,290,317,339,365,390,413,435,457,476,498,519,537,553,571,584,597,613,627,641,653,666,678,692,700,702,710,712,711,712,713,714,712,712,714,718,718,717,720,720,717,718,718,717,718,718,718,721,720,720,720,720,719,718,718,718,718,719,719,718,720,721,721,719,717,715,718,717,718,717,716,715,717,719,719,719,717,715,715,714,713,714,714,712,715,715,711,714,711,706,705,701,696,692,685,680,678,670,660,654,644,631,623,614,605,597,588,580,576,568,558,548,534,519,507,496,483,470,457,444,434,422,408,394,380,362,348,336,322,310,300,290,283,279,272,266,264,256,251,247,245,243,240,238,238,239,238,235,236,232,230,229,226,226,226,225,225,227,227,224,227,224,221,221,221,219,220,218,218,220,220,221,220,220,215,215,213,212,213,210,211,213,212,212,211,207,205,203,203,201,200,200,199,200,200,198,197,197,193,192,191,189,190,188,187,187,189,188,189,188,185,182,182



[20:37:32.594]发→◇G
□
[20:37:33.538]收←◆173,172,172,173,176,177,177,177,179,177,176,178,181,178,179,180,182,187,187,188,190,187,189,190,189,190,191,190,192,193,192,192,192,188,190,187,187,189,193,200,210,228,246,265,288,315,339,364,390,412,434,455,476,498,517,531,550,570,583,597,614,626,640,653,667,679,690,695,700,707,709,710,714,714,712,713,713,713,715,715,715,719,720,720,721,721,718,718,717,718,718,717,717,721,720,723,721,720,718,719,718,719,718,719,718,717,720,722,719,719,716,716,718,715,716,715,714,715,718,719,718,719,715,714,714,713,712,712,711,711,713,711,707,707,702,695,690,684,679,673,666,658,653,641,629,624,617,605,595,588,580,573,564,554,545,533,520,509,499,481,469,457,444,433,419,405,393,377,366,350,336,321,309,299,290,286,278,269,265,260,256,251,249,244,244,240,239,240,238,236,233,234,230,229,228,228,226,227,226,227,228,225,225,227,223,220,222,222,219,220,219,221,223,221,220,221,216,213,216,217,213,211,211,210,212,211,211,209,206,206,204,205,201,199,200,198,201,200,199,197,195,195,192,192,189,189,189,188,190,190,188,186,188,184,184,182



[20:37:34.596]发→◇G
□
[20:37:35.540]收←◆173,172,174,174,174,173,174,178,180,179,181,183,179,180,179,180,181,182,183,186,190,191,192,193,190,190,190,191,190,190,189,189,192,194,192,190,189,190,193,201,211,225,242,260,292,319,341,370,391,414,436,456,477,495,512,531,555,573,582,603,618,628,643,655,666,677,688,695,703,707,707,713,715,713,714,713,712,713,714,716,715,719,718,721,722,719,718,719,719,719,719,717,719,720,722,722,722,718,719,719,720,720,718,718,717,720,721,721,720,717,717,718,718,716,716,715,714,720,720,718,718,716,714,713,713,713,712,713,711,714,714,709,710,706,702,697,692,686,680,672,664,661,653,643,638,630,616,605,597,588,580,571,562,556,549,537,525,516,497,483,471,457,443,430,417,405,394,384,366,352,336,323,311,300,289,281,274,266,267,264,257,257,249,246,243,241,238,237,235,232,236,235,231,234,230,229,226,227,225,226,224,224,226,227,221,224,226,221,221,220,219,218,218,218,220,220,218,220,220,214,213,213,211,210,209,209,209,211,210,209,210,203,202,201,199,198,197,195,195,197,200,196,195,192,191,189,188,188,187,188,182,190,189,185,187,184



[20:37:36.594]发→◇G
□
[20:37:37.539]收←◆174,173,173,173,174,173,176,177,178,180,180,178,180,181,179,180,181,183,184,188,190,189,192,190,191,190,190,190,190,190,189,192,191,188,192,190,189,190,192,200,210,225,243,266,290,314,344,368,390,415,435,457,475,495,512,534,550,565,587,602,614,629,641,653,665,677,686,694,699,705,710,713,713,714,718,713,712,714,714,714,714,716,718,720,721,720,721,718,718,717,718,718,717,716,716,723,721,723,720,719,719,719,718,718,716,717,716,721,719,719,719,719,717,716,716,714,715,716,716,719,718,718,717,714,713,712,712,712,711,711,710,712,709,707,704,699,691,684,678,670,665,658,649,644,637,627,616,609,596,587,580,569,562,555,544,535,523,510,497,484,469,456,444,430,417,406,392,375,366,349,336,322,310,299,289,282,276,272,265,258,259,252,248,245,242,240,239,236,236,237,235,231,233,232,229,228,226,225,226,225,225,227,227,223,225,224,222,220,221,219,219,219,218,221,220,220,218,219,214,214,215,212,210,210,209,209,211,209,207,209,204,204,203,199,199,199,197,196,198,198,193,197,192,192,190,189,189,188,188,187,190,189,185,188,186,183