[20:40:07.113]发→◇G
□
[20:40:08.060]收←◆176,173,173,171,171,171,172,173,171,172,175,177,175,173,173,172,172,173,173,174,172,177,180,178,177,179,176,177,176,177,177,177,178,181,183,182,181,183,186,187,193,202,212,227,242,262,279,298,316,333,349,363,379,394,411,427,442,461,478,495,510,524,534,545,558,570,582,594,605,616,624,637,645,650,653,655,659,663,667,672,677,684,690,698,702,705,709,711,712,712,715,714,713,714,714,719,719,716,719,718,716,718,717,716,715,714,714,718,717,715,717,720,715,713,713,712,712,713,713,717,714,715,713,711,710,708,706,706,703,703,699,699,697,695,687,682,670,663,655,649,640,633,626,619,615,607,599,589,579,569,560,552,543,534,525,518,510,497,484,473,460,445,433,420,407,395,382,372,360,345,331,320,309,295,286,278,272,266,261,259,256,253,251,247,244,239,236,234,233,233,231,232,232,231,232,230,225,224,223,222,222,222,221,223,220,224,224,221,218,217,217,216,216,215,214,215,214,218,215,212,212,210,210,207,207,206,205,204,207,208,205,201,201,200,198,197,195,194,193,192,195,196,195,194,192,192,187,187,186,185,186,184,187,189,185,186



[20:40:09.111]发→◇G
□
[20:40:10.057]收←◆177,174,173,174,172,172,173,172,172,175,175,174,176,176,174,173,172,173,173,173,175,176,177,173,180,180,176,177,177,177,177,178,178,180,181,179,184,186,182,188,193,202,212,225,241,260,279,297,316,334,345,364,379,396,411,425,441,457,475,490,507,521,531,545,560,571,581,592,605,614,626,633,643,650,654,656,661,663,667,671,677,684,688,695,701,707,710,713,714,712,714,713,714,713,714,717,714,718,717,718,720,718,717,716,716,715,715,715,715,719,715,715,717,716,713,713,713,714,713,712,711,714,714,708,712,710,706,705,703,701,699,697,693,692,686,679,673,666,655,647,640,632,625,619,612,604,600,590,580,571,560,551,543,533,524,517,507,491,487,476,461,448,433,420,407,394,381,370,358,342,334,323,306,297,287,277,271,266,260,258,256,252,249,248,239,239,237,234,233,232,230,231,232,231,230,229,225,225,226,223,222,221,222,221,223,223,221,222,222,218,218,215,215,215,215,214,217,216,212,216,216,210,209,208,207,208,206,206,207,206,200,205,204,199,199,197,195,195,194,194,196,194,193,195,194,187,188,188,186,185,186,184,185,186,185,186



[20:40:11.109]发→◇G
□
[20:40:12.053]收←◆176,177,176,174,173,174,171,172,172,172,171,176,174,175,176,176,174,174,173,174,174,175,174,178,180,176,181,179,178,179,176,177,178,177,178,180,183,178,187,191,194,202,212,225,241,258,275,297,316,331,350,368,378,397,411,426,440,458,472,491,504,519,535,549,557,572,586,593,604,614,621,632,640,646,655,659,662,665,670,673,677,682,687,693,699,703,708,712,717,716,716,714,712,715,714,716,715,716,713,720,720,720,719,716,716,714,715,715,715,714,713,717,716,715,717,712,713,714,712,712,711,711,709,712,711,707,709,707,703,701,698,696,691,688,683,682,676,665,658,651,640,633,623,616,608,604,595,589,581,573,562,555,542,533,524,513,504,497,485,471,462,451,434,422,408,394,381,368,355,345,333,314,310,298,286,279,271,266,261,255,253,252,250,244,244,243,235,235,234,231,230,230,229,230,230,229,228,228,223,223,224,221,221,221,220,221,222,221,223,221,220,216,218,215,214,214,214,213,215,215,214,214,212,209,208,207,205,204,203,203,205,205,198,203,200,196,198,195,193,193,192,192,195,194,188,193,192,188,188,185,184,184,183,183,186,185



[20:40:13.111]发→◇G
□
[20:40:14.054]收←◆174,177,176,174,177,173,173,171,172,171,172,172,173,176,177,175,177,176,172,172,173,174,175,175,175,179,180,181,180,179,178,177,177,177,177,178,178,182,187,190,197,203,214,226,241,257,275,293,311,329,350,366,384,401,412,427,441,457,473,487,502,519,535,550,563,577,584,593,604,613,622,630,638,646,655,659,663,668,670,673,677,683,688,693,699,703,709,713,715,717,718,713,714,714,714,715,715,715,717,719,721,720,719,716,715,716,714,714,713,714,713,717,717,716,717,713,712,715,713,713,711,711,710,711,712,711,710,706,703,701,699,695,690,687,685,682,675,667,663,651,640,633,625,616,608,600,593,592,582,573,567,558,544,534,524,515,504,492,482,476,463,451,439,424,408,395,380,368,356,342,329,321,311,300,290,279,272,266,260,256,251,249,245,244,246,242,240,240,234,231,231,228,228,226,226,227,229,228,227,227,222,222,222,222,221,219,219,221,221,221,220,221,218,215,215,215,214,212,211,211,214,213,213,212,211,207,205,204,203,204,201,200,203,203,202,200,198,195,193,193,192,191,192,191,192,192,191,191,189,185,184,184,184,182,183,183



[20:40:15.113]发→◇G
□
[20:40:16.058]收←◆176,177,174,177,175,173,172,172,172,172,171,172,174,173,176,177,177,174,174,174,173,173,173,175,176,177,180,180,181,179,178,177,177,176,177,178,180,184,188,191,195,204,214,225,241,259,275,294,313,332,351,368,383,398,414,425,441,458,471,486,502,520,535,548,565,576,585,593,605,613,622,630,637,645,653,660,665,669,670,672,676,682,687,693,699,703,705,713,715,717,718,714,714,714,714,716,715,715,717,718,721,718,720,718,716,715,714,715,714,713,714,717,717,714,717,716,713,713,713,713,711,710,709,711,712,711,709,710,703,702,698,695,691,687,683,680,675,671,662,652,642,632,624,616,609,601,596,586,582,574,567,554,544,533,525,514,504,492,483,471,463,451,438,422,407,393,380,368,355,342,329,320,311,300,289,281,272,266,261,256,252,248,246,246,244,241,239,236,237,233,230,229,228,228,227,229,228,226,230,226,225,221,221,219,219,220,219,221,221,223,223,221,217,215,215,214,213,214,212,213,212,215,215,212,208,207,206,205,204,203,202,201,202,203,202,199,198,195,193,192,193,191,190,190,192,193,190,189,188,187,186,183,184,182,183,182



[20:40:17.111]发→◇G
□
[20:40:18.057]收←◆173,175,173,175,178,173,174,171,171,172,172,173,172,174,174,176,176,174,173,172,174,174,174,175,176,178,179,179,180,178,179,179,178,176,177,177,179,183,186,190,197,204,214,229,241,257,276,294,311,331,349,367,384,402,413,428,441,456,471,487,502,516,532,549,564,577,585,595,604,613,622,629,638,643,651,655,664,668,670,674,676,682,687,694,699,702,707,708,715,716,716,717,713,714,716,716,715,716,715,716,720,719,716,719,717,714,714,715,713,715,713,714,718,716,716,715,717,713,713,713,711,712,709,707,711,710,711,708,706,703,698,695,690,686,681,679,672,669,662,652,642,633,624,615,609,601,593,587,578,574,566,556,546,534,525,514,502,493,481,472,460,449,438,422,409,395,381,368,354,343,329,320,310,298,290,281,274,268,259,256,253,248,247,245,243,242,240,239,234,235,230,229,228,227,226,228,228,229,226,226,223,223,220,221,219,219,219,219,222,217,220,220,218,216,214,214,213,212,212,211,213,212,211,212,210,207,205,205,204,203,201,201,203,201,200,201,200,195,193,193,192,192,191,189,192,191,191,191,191,188,188,184,184,182,183,181
