
[21:02:40.912]发→◇G
□
[21:02:41.857]收←◆170,171,170,174,175,171,174,175,171,172,171,170,171,170,172,174,175,175,177,180,175,175,176,175,176,176,176,179,181,182,182,184,179,179,178,179,180,182,186,190,200,210,217,234,244,259,275,291,308,323,338,350,371,386,396,413,423,434,446,458,471,482,494,503,521,532,538,552,560,563,571,576,581,586,591,593,602,607,607,617,619,618,623,627,634,639,647,655,665,673,678,686,692,691,695,699,701,702,704,705,710,709,709,708,706,702,699,697,691,691,685,683,681,682,680,674,672,667,662,660,656,655,651,649,646,651,648,640,640,632,625,619,614,608,602,597,591,591,584,574,572,563,553,546,540,532,526,519,513,510,505,494,490,482,470,460,452,441,432,424,413,404,397,385,375,367,350,339,328,317,305,294,285,279,274,269,260,257,249,244,240,238,235,233,230,228,230,233,226,226,224,221,220,220,220,217,216,212,219,220,216,219,218,213,213,212,212,211,210,208,213,213,209,212,212,208,206,208,205,206,205,203,206,205,203,205,205,199,200,198,196,195,195,193,194,195,194,194,195,190,188,188,186,187,185,185,185,188,189,184,186,184,181,182,180,179



[21:02:42.907]发→◇G
□
[21:02:43.851]收←◆172,171,174,176,171,175,175,172,173,174,171,171,170,171,174,176,174,177,177,173,175,175,174,174,175,177,180,181,181,183,182,179,179,179,179,179,181,182,185,193,200,206,219,233,243,259,275,292,307,322,338,355,368,380,397,410,419,433,445,456,469,482,494,507,518,526,543,549,552,564,569,574,579,584,589,597,599,600,610,613,613,618,625,625,631,638,645,655,661,669,678,685,686,691,696,699,699,702,704,705,705,705,709,707,705,704,700,697,691,689,684,682,680,676,672,672,671,665,662,659,655,652,650,648,649,645,639,641,636,627,625,619,613,607,602,595,594,587,578,577,570,558,555,546,538,531,524,517,515,507,498,497,487,476,469,465,450,442,431,423,416,404,394,385,375,360,350,338,327,316,306,295,287,280,273,265,261,254,249,244,240,236,236,233,231,232,232,225,229,228,222,221,221,219,219,219,217,220,220,214,218,216,211,215,212,211,213,211,211,212,213,211,214,212,206,208,207,206,205,205,204,207,206,205,206,205,199,199,202,196,197,195,195,198,197,196,195,194,191,190,191,187,187,187,186,186,189,187,186,186,185,182,183,180,179,180



[21:02:44.909]发→◇G
□
[21:02:45.854]收←◆171,170,171,171,174,175,171,174,177,172,171,171,172,171,171,172,176,177,175,179,178,176,174,175,175,176,177,177,177,182,186,182,182,179,179,180,180,181,185,190,192,209,220,229,247,259,275,291,307,323,337,352,366,385,399,405,425,436,447,457,470,481,493,504,516,532,542,546,562,569,570,575,580,584,589,594,598,606,611,610,619,623,623,628,633,640,646,652,661,672,679,685,690,696,696,700,700,703,702,705,707,706,709,709,706,705,700,696,692,688,684,681,678,673,678,674,668,670,664,660,656,653,651,647,646,644,645,643,632,634,628,620,613,608,603,597,590,584,584,578,566,565,559,546,540,532,525,518,512,505,502,496,486,482,475,460,451,442,433,422,413,402,395,387,378,365,354,339,328,316,307,296,285,277,268,267,264,254,251,244,242,238,236,233,232,228,224,229,229,222,226,222,220,220,220,218,216,216,216,218,218,213,218,218,213,213,212,211,211,211,210,213,213,209,212,213,207,206,205,204,204,204,202,205,204,201,203,204,198,197,197,196,194,193,194,194,196,197,195,192,189,187,186,186,186,184,184,181,187,188,184,186,183,181,180,179



[21:02:46.909]发→◇G
□
[21:02:47.853]收←◆172,170,171,173,175,174,173,175,175,171,171,172,171,171,171,172,176,176,174,177,178,175,175,176,175,176,177,177,182,183,180,183,180,180,179,179,180,182,184,189,200,208,219,233,246,260,275,291,309,323,338,353,366,384,398,410,424,433,446,458,469,482,492,503,518,530,539,547,561,563,568,575,581,584,588,594,599,607,609,611,618,620,621,627,633,639,644,652,660,673,679,682,690,696,694,698,700,702,702,704,706,709,708,705,707,705,698,697,691,689,684,681,677,677,678,674,671,669,662,659,656,654,650,647,646,644,644,641,637,634,625,619,612,608,601,597,590,587,585,574,566,564,553,545,539,532,525,519,512,507,503,497,487,482,472,461,451,443,432,423,412,402,397,386,375,365,352,338,327,316,305,295,286,277,273,267,260,255,249,244,241,238,235,233,230,230,229,230,229,227,226,221,220,219,218,218,217,215,216,218,217,217,218,214,213,212,211,210,211,211,212,213,211,209,212,208,208,206,205,205,205,203,205,206,206,202,204,202,199,198,197,196,195,193,192,197,195,193,193,192,190,188,188,186,186,185,184,187,187,187,187,184,182,181,179,179



[21:02:48.910]发→◇G
□
[21:02:49.856]收←◆170,171,171,174,175,171,176,178,172,171,171,171,172,170,171,175,176,173,176,180,174,174,174,175,176,176,176,179,182,185,182,183,179,179,180,179,179,182,185,186,199,210,217,233,243,259,276,291,306,322,338,350,371,384,395,411,422,432,446,457,469,481,492,506,519,532,535,550,560,562,569,574,579,585,589,593,603,607,605,616,619,617,621,627,633,639,645,653,666,671,678,687,689,691,694,697,699,701,703,705,708,708,711,707,706,701,698,696,691,688,684,681,677,678,679,672,671,666,661,658,655,653,651,648,644,648,645,638,639,631,624,619,613,608,602,596,592,590,583,571,571,564,552,545,538,531,525,517,512,509,503,492,491,483,469,459,450,441,431,421,413,406,397,386,376,366,351,338,327,317,305,295,285,277,273,270,260,257,248,244,240,239,236,233,231,227,232,232,226,226,223,222,220,220,218,217,217,214,219,219,214,218,216,214,213,212,213,211,210,210,214,213,207,212,212,209,207,205,205,206,203,203,207,206,201,205,206,200,198,197,196,197,195,193,196,197,194,196,194,189,189,187,187,186,185,184,185,188,189,186,187,183,182,180,180,180