
[20:24:18.271]发→◇G
□
[20:24:19.214]收←◆167,173,171,167,168,172,169,167,168,168,169,167,169,173,172,167,169,172,170,166,167,167,168,167,167,170,172,168,167,173,171,169,167,167,169,167,167,168,170,168,166,172,173,167,167,167,169,167,167,168,172,169,168,171,171,169,167,167,168,167,168,167,172,171,168,167,172,167,168,168,167,168,167,166,171,172,167,168,171,169,169,167,168,167,166,168,170,171,169,167,172,172,169,168,168,166,167,169,168,172,167,167,171,171,168,168,167,168,168,167,168,172,168,167,173,172,168,169,167,169,168,167,167,171,169,168,171,172,167,167,168,168,168,167,168,172,171,167,169,172,168,168,168,168,167,167,168,171,171,167,168,173,168,168,168,167,167,167,168,171,171,168,168,172,172,168,167,167,169,168,168,167,173,168,168,172,173,169,169,168,168,167,168,168,171,168,167,172,172,168,169,167,168,167,167,168,173,173,167,169,172,168,168,168,168,168,168,167,171,172,167,168,172,169,169,167,167,168,168,167,170,172,167,167,173,169,169,168,169,167,168,169,169,172,168,166,172,172,168,168,167,167,167,167,167,172,167,167,171,172,168,168,168,168,167,168



[20:24:20.269]发→◇G
□
[20:24:21.213]收←◆170,171,167,170,170,170,168,169,168,167,168,169,169,171,169,169,174,170,165,168,169,167,167,167,167,170,168,169,172,170,166,170,167,167,167,168,168,170,171,169,169,171,167,169,169,167,168,167,167,170,170,167,168,171,168,168,170,167,167,167,168,169,172,166,169,171,168,168,169,167,168,168,167,169,171,169,170,171,169,166,168,167,168,168,167,168,170,167,169,174,169,167,170,168,167,167,167,168,171,169,168,171,171,168,169,168,166,167,167,169,171,169,169,169,171,167,168,170,167,167,167,168,170,171,165,170,171,169,170,170,169,168,168,167,170,170,167,169,171,168,168,168,168,168,168,168,170,170,168,169,171,169,165,168,167,167,167,167,168,170,167,170,175,169,168,168,168,167,168,167,168,171,168,170,171,170,168,169,170,167,168,168,168,170,171,169,169,170,167,168,170,167,168,169,167,170,171,166,168,170,168,168,169,168,166,168,169,170,171,168,168,171,168,169,169,167,167,167,168,169,171,169,169,173,170,166,169,167,167,167,168,168,172,170,169,174,170,166,169,166,168,168,168,168,171,169,170,171,171,167,169,169,168,168,167,168



[20:24:22.268]发→◇G
□
[20:24:23.211]收←◆168,167,170,170,168,173,169,167,170,172,167,167,167,168,171,171,169,169,171,168,169,169,167,168,168,168,170,171,165,168,170,169,165,168,166,169,167,169,170,171,167,168,171,170,165,169,166,168,167,167,167,172,169,169,169,171,167,169,168,167,167,169,168,170,170,168,170,171,167,168,170,167,168,168,167,170,171,169,171,170,167,169,172,167,167,168,167,170,171,168,170,170,169,167,168,167,167,167,167,170,170,165,171,170,171,166,169,167,168,168,167,167,170,169,169,170,171,166,170,167,167,168,167,169,171,169,168,170,170,168,169,167,168,167,168,169,171,171,169,170,170,167,168,169,168,167,168,169,170,170,169,172,171,168,169,170,167,168,167,168,171,171,167,170,169,168,168,169,168,168,168,168,170,170,166,170,172,170,164,169,167,166,167,168,169,170,168,169,170,169,166,169,168,168,167,167,169,170,168,169,169,169,167,169,167,167,169,168,168,170,171,169,170,170,168,168,170,167,169,169,169,171,170,169,170,170,168,169,171,167,166,169,167,170,170,166,170,170,169,168,171,167,168,168,167,168,169,165,169,170,171,166,169,168,167,167



[20:24:24.267]发→◇G
□
[20:24:25.211]收←◆168,168,167,170,174,167,168,170,173,170,167,168,168,167,167,167,172,168,167,166,171,169,167,167,168,167,167,166,171,167,168,166,172,167,167,167,166,168,167,168,173,169,167,167,171,168,168,168,167,167,168,168,172,170,167,167,172,170,167,168,168,166,166,168,172,173,167,167,172,174,168,168,168,168,166,167,169,172,168,168,169,173,167,167,167,168,167,166,164,171,167,166,165,172,169,167,168,168,169,167,166,172,168,167,166,172,168,168,167,167,168,167,169,171,168,167,167,171,169,169,167,167,168,168,167,170,170,168,167,173,172,168,167,167,166,168,168,172,174,168,168,171,173,168,168,167,168,167,167,168,172,168,166,169,173,167,167,167,167,167,167,164,172,168,167,164,171,168,169,168,167,168,167,166,171,167,168,166,172,168,168,168,167,167,166,167,172,169,167,166,173,169,168,168,168,167,166,167,172,170,168,168,171,171,167,168,167,168,167,167,170,174,167,166,171,173,168,167,167,167,167,167,170,174,166,167,169,172,169,168,168,167,167,167,166,172,167,167,165,172,168,167,167,168,166,167,167,171,167,168,166,172,168,168,167,168



[20:24:26.269]发→◇G
□
[20:24:27.213]收←◆167,167,167,172,167,168,169,174,169,169,168,167,169,167,167,172,168,167,166,172,168,168,168,168,167,167,166,173,167,166,166,172,168,167,167,168,167,168,167,172,169,168,169,171,169,167,167,167,167,167,167,172,169,167,168,173,173,168,168,168,167,166,167,170,173,167,167,171,173,167,167,168,167,166,168,169,173,167,168,168,171,168,167,167,167,168,167,167,172,167,168,166,172,169,168,167,167,168,167,166,171,168,167,166,173,168,167,167,167,168,168,167,171,168,168,167,171,170,167,167,168,167,167,166,171,170,167,167,171,171,167,167,169,168,167,168,171,173,167,167,169,174,167,169,169,169,167,166,168,173,167,167,169,173,168,168,167,169,167,167,165,172,168,167,165,171,168,169,167,167,167,167,165,171,169,167,167,172,169,168,167,167,168,168,167,170,168,167,168,173,171,167,167,168,167,168,167,172,171,166,167,174,172,168,168,168,168,167,168,171,174,167,167,170,173,168,167,169,168,167,167,170,175,167,169,169,174,169,169,168,167,168,168,168,172,167,167,167,171,168,168,168,167,168,168,165,171,168,167,167,172,169,167,168,167,167



[20:24:28.275]发→◇\00□



