
[20:26:51.069]发→◇G
□
[20:26:52.016]收←◆301,304,308,320,338,361,387,399,407,413,411,398,382,372,363,362,355,349,342,339,334,331,330,332,334,339,344,349,352,354,352,351,351,350,352,356,361,374,393,428,471,533,652,680,687,693,697,697,699,700,701,701,703,705,710,709,711,712,714,711,712,713,713,714,714,715,715,718,718,720,720,718,719,718,719,719,719,720,718,722,720,723,723,722,721,721,722,722,722,721,722,725,724,724,725,724,723,722,722,723,722,722,721,724,725,724,725,723,720,722,721,723,721,720,720,723,723,725,724,725,721,721,720,718,719,719,718,722,722,724,722,723,719,720,719,720,718,719,718,716,719,718,717,715,714,714,714,715,714,715,714,712,716,715,714,715,712,712,709,710,707,707,705,706,708,708,706,704,700,698,696,695,691,689,688,689,691,691,688,690,687,688,685,685,684,683,682,680,683,682,680,679,677,672,668,665,661,658,654,652,651,646,642,640,633,628,626,621,618,616,609,604,601,598,591,586,580,571,567,561,558,553,547,541,533,534,519,516,509,500,493,489,480,474,468,461,455,450,438,433,432,420,417,411,407,400,398,394,391,386,380,374,371,367,360,357



[20:26:53.065]发→◇G
□
[20:26:54.010]收←◆172,172,173,173,173,175,175,176,178,175,175,172,175,172,172,172,172,176,176,176,179,177,177,177,178,176,176,177,179,182,183,181,183,184,181,182,183,186,190,194,204,218,233,252,268,293,313,336,359,379,400,421,442,462,484,504,525,546,561,582,599,615,633,651,669,686,698,704,709,715,717,719,721,720,719,717,717,718,718,719,719,722,722,723,725,725,721,720,723,720,721,721,719,723,724,726,724,725,722,723,722,722,722,722,722,719,723,724,724,725,720,721,721,721,720,720,719,721,726,723,723,723,719,719,719,719,719,720,719,720,722,722,722,722,718,719,718,718,718,716,714,713,716,715,714,715,710,706,702,696,689,682,671,661,652,638,622,609,596,576,562,545,531,516,499,484,468,450,430,413,398,379,362,349,338,329,321,312,301,299,290,286,281,275,272,270,267,264,265,262,261,260,256,253,251,249,249,247,247,247,248,246,246,246,242,240,242,239,239,238,236,236,237,238,236,235,233,230,230,229,227,225,223,223,225,223,223,221,219,216,215,216,210,209,207,206,208,206,205,204,205,200,200,199,195,194,193,193,195,193,194,189,192,188,188,187



[20:26:55.068]发→◇G
□
[20:26:56.012]收←◆173,174,171,171,172,171,172,176,176,175,178,175,172,172,173,171,172,172,174,175,178,178,181,179,177,177,178,177,179,179,177,181,183,184,185,185,183,185,190,196,203,215,230,250,272,294,317,338,359,380,401,423,443,464,482,506,527,547,567,583,600,616,634,653,669,685,698,708,712,716,719,718,718,717,717,718,717,718,718,721,721,723,723,725,720,723,721,722,721,721,721,722,723,724,724,725,723,721,721,722,722,722,722,722,723,723,724,725,721,722,719,721,720,720,721,719,722,725,724,724,720,720,719,719,719,719,718,720,721,723,724,722,719,719,718,718,717,717,717,716,719,716,714,715,712,710,709,706,702,696,689,680,673,664,654,641,629,611,594,577,562,545,530,514,498,484,469,452,435,415,395,380,364,349,336,325,316,309,305,299,294,288,281,277,273,269,266,263,262,261,261,259,260,256,253,251,250,248,246,245,245,245,247,247,246,244,244,240,238,238,235,235,235,234,237,237,236,237,232,228,226,226,224,222,221,220,219,222,221,221,217,212,212,210,207,207,205,200,204,205,205,202,202,197,197,196,193,194,191,188,191,193,193,192,190,186



[20:26:57.064]发→◇G
□
[20:26:58.008]收←◆174,175,172,171,172,173,175,176,174,172,174,173,172,172,173,172,172,173,176,176,176,176,175,176,175,176,176,178,177,178,182,181,183,183,182,181,184,184,188,194,202,215,233,250,271,293,313,336,359,379,402,421,441,461,486,503,524,542,562,579,599,617,636,651,667,684,697,704,708,712,715,720,720,721,721,718,718,718,720,720,717,719,720,725,725,723,725,721,721,721,721,722,720,722,721,725,725,725,724,722,723,723,723,721,721,720,721,724,723,724,723,722,721,720,720,720,719,721,721,724,724,723,721,720,721,719,719,719,720,719,720,722,720,722,722,724,718,718,719,717,715,713,712,711,713,713,711,708,702,695,687,679,670,661,648,635,622,608,593,578,560,545,528,512,500,483,466,448,430,412,396,379,362,349,337,326,319,311,304,297,291,284,281,276,272,269,266,263,264,263,260,258,256,253,252,250,251,247,246,246,248,248,246,245,244,242,240,241,242,237,236,236,237,236,236,234,232,231,228,229,226,223,223,223,221,223,222,220,218,215,215,212,212,208,208,206,204,208,205,204,202,200,198,196,196,195,193,193,192,194,194,193,191,190,187,186



[20:26:59.069]发→◇G
□
[20:27:00.015]收←◆176,174,173,171,172,173,173,174,173,177,177,176,175,173,174,174,173,171,174,175,175,178,181,178,178,178,176,177,178,178,177,180,181,184,186,184,186,187,189,195,203,215,228,248,269,293,316,339,363,383,402,422,443,463,481,503,524,543,567,583,602,620,635,652,670,685,697,707,711,716,718,717,717,717,718,717,717,718,720,722,721,722,723,724,720,721,720,720,721,722,721,725,722,725,724,726,722,721,721,722,723,722,722,723,724,724,723,723,720,722,720,720,720,721,721,718,723,725,724,723,720,720,720,719,719,718,718,719,721,722,723,724,718,719,718,719,718,718,718,717,718,717,715,714,712,710,709,706,702,698,690,680,673,664,650,640,627,612,597,580,563,547,530,514,498,483,466,452,436,416,400,380,365,351,337,326,315,309,302,300,294,288,284,279,274,270,267,264,258,261,259,258,258,257,255,255,249,249,246,247,245,246,244,243,246,245,244,244,240,238,236,235,234,235,234,232,235,234,232,231,227,226,224,222,221,221,219,219,220,220,216,216,212,210,208,206,205,203,202,202,204,205,201,200,197,196,194,193,192,187,191,189,192,192,191,189



[20:27:01.068]发→◇G
□
[20:27:02.013]收←◆173,172,172,173,172,174,176,175,176,175,172,171,171,172,171,174,172,173,176,178,178,179,178,174,176,176,177,177,178,177,183,183,183,184,183,182,182,185,188,194,202,216,229,252,272,295,314,335,359,380,400,422,442,461,484,506,525,544,562,577,597,616,633,652,668,684,697,707,712,715,718,717,717,718,718,719,718,719,718,722,720,722,723,722,722,721,722,721,720,721,721,725,723,725,724,727,722,722,721,723,722,723,722,723,725,725,724,724,720,720,719,722,721,720,721,718,723,725,724,723,720,720,719,719,720,718,718,719,722,722,723,724,719,719,719,718,718,717,718,717,718,716,715,713,711,710,708,705,701,697,689,680,674,664,652,639,621,606,591,576,560,545,530,514,502,485,468,451,433,410,393,377,363,349,337,325,319,313,305,300,292,285,280,275,272,269,268,264,261,264,261,259,255,253,252,251,249,248,247,246,247,248,246,246,244,241,241,240,238,237,236,235,238,239,236,236,234,230,230,228,225,225,224,222,223,223,222,221,221,216,212,213,210,209,207,206,205,207,207,206,204,203,197,198,195,194,193,192,191,192,194,193,193,190,187,185



[20:27:03.069]发→◇G
□
[20:27:04.017]收←◆173,172,172,172,172,176,177,176,175,174,172,173,173,173,172,171,173,175,177,178,179,179,175,175,174,176,176,177,178,178,183,183,184,186,182,181,184,186,188,194,202,212,232,251,273,295,313,334,356,380,399,420,441,460,487,505,527,546,560,578,597,614,632,650,667,684,701,706,711,716,715,717,717,717,717,718,717,718,722,721,720,723,721,721,721,721,721,720,720,721,723,724,723,724,723,722,721,721,722,722,723,723,725,725,724,725,725,722,720,719,719,721,720,719,721,724,724,725,723,722,720,720,719,718,719,718,716,723,722,722,723,719,718,720,718,718,717,717,719,719,717,716,716,711,711,710,707,704,700,695,690,684,675,663,653,639,621,606,592,577,561,545,529,516,502,485,469,452,430,411,395,379,363,348,336,326,320,312,304,300,289,285,280,278,272,269,266,262,265,264,263,260,254,253,252,252,249,247,248,244,249,248,247,247,244,241,239,240,238,237,236,236,238,237,236,236,233,230,228,228,226,225,223,222,225,223,222,222,221,216,213,212,209,209,207,205,207,208,206,206,206,200,198,197,196,195,194,193,192,194,193,195,194,189,188,186


