
[20:27:45.205]发→◇G
□
[20:27:46.149]收←◆187,186,186,184,187,185,185,186,188,188,188,190,188,186,185,187,186,187,187,189,196,193,193,193,192,192,193,194,195,197,196,198,203,201,202,203,204,207,213,222,234,257,281,314,348,386,424,461,499,535,570,607,645,688,700,704,706,708,710,711,711,711,712,714,713,718,717,718,718,717,716,717,717,719,717,717,717,720,722,721,721,721,720,721,721,719,721,721,720,723,723,722,721,722,721,721,721,721,720,722,721,723,724,723,724,724,720,721,719,721,719,719,720,718,721,723,722,724,721,719,720,719,718,717,718,719,721,721,721,721,719,719,718,717,717,717,718,717,720,719,719,716,712,712,712,712,714,713,713,714,715,716,715,715,712,712,710,709,707,708,708,706,707,707,706,702,699,687,660,624,589,559,530,505,484,464,449,435,425,413,402,394,383,375,370,364,356,356,351,347,347,343,339,338,334,330,329,326,324,324,321,320,323,321,318,318,316,313,312,307,305,306,304,305,303,302,300,299,298,292,288,287,284,282,280,278,277,276,274,271,269,264,259,257,255,251,250,246,244,248,242,242,239,235,233,229,226,224,225,222,222,226,220,220,220,214



[20:27:47.203]发→◇G
□
[20:27:48.148]收←◆172,173,173,174,175,176,176,176,173,174,171,173,171,172,172,173,175,177,177,177,176,178,175,175,175,177,176,177,180,178,183,181,181,180,179,179,181,184,187,193,205,215,230,247,264,285,305,328,349,369,390,411,432,452,472,492,508,526,544,562,579,599,615,632,652,668,685,695,702,708,711,714,714,714,715,717,716,717,720,721,720,721,721,722,719,719,719,721,720,721,723,722,721,723,724,722,720,721,721,721,720,721,719,725,723,724,721,720,720,720,718,720,719,720,719,721,722,723,724,721,720,720,718,717,719,718,717,722,722,721,720,719,716,718,718,718,717,715,717,719,717,715,713,708,706,705,700,695,688,681,674,667,657,647,631,618,603,589,575,561,546,531,518,502,489,471,455,439,417,400,384,368,354,340,332,319,313,305,296,289,283,278,274,271,268,264,264,261,261,259,254,254,250,248,247,247,244,245,245,245,245,244,241,239,238,238,237,236,235,235,237,236,236,234,233,230,229,228,225,224,225,223,223,223,223,223,219,216,216,212,212,211,208,209,207,207,207,206,205,201,202,197,196,195,196,194,193,196,191,194,193,190,188,186,185,185



[20:27:49.203]发→◇G
□
[20:27:50.147]收←◆172,172,172,172,174,176,177,176,177,173,171,173,172,173,172,172,174,178,177,178,178,174,175,175,177,175,177,177,179,181,182,183,184,181,180,181,181,183,187,193,202,216,230,248,266,288,306,328,349,370,390,409,430,449,473,494,511,528,544,561,580,597,615,632,648,667,685,696,704,709,710,713,716,715,715,716,715,717,720,722,720,722,719,721,720,720,720,719,720,721,724,724,722,723,722,722,721,721,721,722,721,721,722,724,723,723,722,720,719,720,719,720,720,720,721,723,721,724,724,721,719,719,718,717,719,719,717,722,720,723,722,718,717,717,718,718,718,716,717,718,716,715,712,709,707,704,701,695,688,681,672,668,658,646,634,618,604,590,574,560,546,529,515,505,488,474,456,435,417,401,384,369,354,340,328,323,313,306,299,291,284,279,275,270,268,264,261,262,262,259,257,255,250,249,247,246,246,243,242,244,245,246,245,241,238,238,238,237,236,234,234,234,236,235,236,233,229,227,226,226,224,223,222,222,224,222,221,218,216,213,212,212,209,207,206,204,208,206,204,204,200,197,198,195,195,194,193,191,194,195,193,193,191,186,185,185



[20:27:51.203]发→◇G
□
[20:27:52.150]收←◆172,172,172,173,176,177,177,175,174,172,173,172,171,171,171,172,175,178,176,178,180,174,174,175,175,175,177,176,178,183,183,183,185,179,179,181,181,185,188,192,199,215,230,246,267,283,305,328,349,370,391,410,431,454,473,493,510,524,543,560,580,598,614,631,649,669,684,696,703,707,710,712,714,714,714,716,716,721,720,722,721,720,719,721,719,719,720,719,720,722,724,724,721,723,721,721,722,720,719,721,721,721,724,723,723,723,720,720,719,721,718,719,720,719,723,722,721,723,721,719,719,718,718,718,719,719,720,721,720,723,720,720,716,718,718,716,716,718,720,720,716,714,709,709,706,704,700,694,688,680,676,667,657,646,632,617,603,589,575,560,545,530,519,504,489,473,458,434,418,401,384,368,354,340,330,321,313,305,300,289,283,280,274,270,268,265,259,262,262,260,258,251,250,248,247,246,244,244,243,246,246,245,243,240,238,237,236,235,236,233,233,236,235,236,234,229,229,227,225,225,224,222,221,223,222,221,221,218,216,212,212,211,209,207,205,208,206,207,205,207,198,197,197,196,195,193,194,192,196,194,193,194,188,187,185,186



[20:27:53.205]发→◇G
□
[20:27:54.149]收←◆172,173,173,175,175,176,176,176,172,172,174,172,172,171,172,173,178,176,177,180,174,174,174,174,175,175,177,177,181,183,182,186,180,179,180,181,180,183,188,190,205,215,231,247,262,285,305,326,348,369,389,408,435,453,473,492,507,524,542,561,580,597,615,632,654,671,685,696,700,707,709,713,714,715,716,716,719,720,720,721,718,719,718,719,720,720,721,720,723,724,724,723,721,721,720,722,720,720,719,721,724,724,724,724,725,720,718,721,719,720,718,719,719,722,723,724,721,721,721,719,719,719,718,716,717,721,720,722,720,719,718,718,716,718,717,717,716,720,720,720,717,713,711,708,706,705,700,695,688,684,676,667,656,644,628,616,603,589,575,560,546,534,522,505,490,473,451,433,418,400,383,368,353,342,332,323,314,308,295,288,283,278,274,271,268,262,265,262,262,260,255,252,249,249,247,245,246,243,246,247,245,245,242,239,239,238,236,235,235,234,237,236,237,236,233,230,229,227,225,224,223,222,224,225,223,223,220,216,216,212,212,212,209,207,208,208,208,205,207,200,199,197,196,196,194,193,193,196,194,194,195,188,188,186,186,186



[20:27:55.204]发→◇G
□
[20:27:56.152]收←◆172,172,175,176,177,176,180,172,172,171,173,172,173,171,172,177,176,177,178,174,175,174,175,174,175,175,176,183,181,182,182,179,179,178,179,182,181,183,187,196,205,216,231,243,262,284,304,327,348,368,390,414,435,453,473,487,505,523,542,560,579,596,614,636,654,671,683,692,699,705,708,713,714,714,715,719,720,719,720,723,718,718,719,720,720,720,721,719,725,723,723,724,718,719,721,722,719,719,720,720,726,726,725,724,721,720,720,720,719,719,718,720,722,723,722,722,720,721,720,719,718,718,718,718,722,720,722,722,719,719,719,718,716,717,716,719,719,720,719,718,716,712,709,708,705,703,700,696,691,687,677,668,658,641,628,615,602,589,574,561,547,535,521,504,488,468,452,433,416,400,384,370,351,345,335,322,315,302,295,288,283,278,275,272,267,270,265,263,262,256,252,252,249,248,247,245,246,249,246,247,245,241,240,238,238,237,238,237,235,239,238,237,236,234,231,229,230,227,225,225,224,226,225,224,224,225,217,216,214,213,211,211,210,208,210,210,206,207,202,200,200,197,196,194,194,192,196,196,195,193,190,188,187,188,185,186


