
[20:28:43.206]发→◇G
□
[20:28:44.150]收←◆174,172,173,173,171,172,173,176,172,176,176,173,174,174,173,174,173,173,175,178,177,178,181,177,178,178,179,178,178,180,180,184,183,182,186,183,182,184,190,194,202,214,229,248,269,287,311,332,348,368,389,407,423,441,460,482,499,515,534,547,561,576,592,606,622,637,648,666,679,684,695,700,701,704,706,709,709,712,713,717,716,717,719,719,719,718,718,719,718,719,720,720,720,718,721,724,720,720,718,720,720,720,719,722,721,719,720,721,719,719,716,718,718,718,718,720,721,719,721,721,718,717,716,715,716,716,716,717,720,718,718,720,714,714,714,712,712,711,708,704,705,701,691,688,679,669,659,650,641,633,622,613,606,599,585,576,564,548,534,520,507,493,479,464,452,441,424,409,398,377,362,347,334,321,310,302,294,290,283,278,275,269,263,260,256,253,252,248,248,250,246,242,245,243,239,238,237,234,235,235,233,235,237,233,235,233,229,228,227,227,226,226,222,228,230,222,225,224,220,219,218,218,215,214,212,214,217,213,213,214,208,206,205,204,203,200,199,200,203,199,198,201,195,193,191,191,189,188,188,189,190,189,186,189,187,184



[20:28:45.208]发→◇G
□
[20:28:46.153]收←◆172,171,173,171,171,175,177,169,176,175,172,173,174,173,172,172,172,178,177,174,181,182,177,176,177,177,178,179,178,183,183,181,184,188,182,182,183,185,189,192,204,216,232,247,266,289,307,327,349,368,387,405,424,444,464,480,495,516,529,543,560,575,590,606,621,634,656,667,672,688,690,696,701,703,707,709,711,712,716,718,714,719,717,717,718,718,718,719,719,719,722,721,717,721,722,719,718,719,717,719,720,719,724,722,719,720,721,719,717,718,717,718,718,718,719,720,718,721,722,718,717,717,716,714,716,716,717,718,717,719,717,718,714,715,714,713,711,710,706,708,704,695,693,685,674,666,658,648,640,631,620,618,609,594,588,575,558,547,534,521,506,492,479,470,456,436,426,412,392,376,361,347,333,322,311,306,297,287,284,282,272,265,262,259,257,254,251,250,251,247,245,245,241,240,239,237,235,235,236,235,237,237,232,236,231,229,230,228,227,227,226,222,228,230,221,226,224,220,220,218,219,217,215,213,218,220,210,215,214,208,207,206,204,204,202,200,203,204,198,200,202,194,195,193,192,192,191,189,191,193,188,191,191,186,185,184



[20:28:47.209]发→◇G
□
[20:28:48.157]收←◆172,172,172,171,176,176,172,176,177,172,172,174,171,174,173,172,176,177,175,179,179,176,175,176,177,178,177,179,182,184,180,185,185,180,180,181,182,185,188,195,207,218,229,247,269,286,306,326,349,368,387,405,421,446,467,475,498,510,526,542,560,576,590,606,620,641,656,660,678,685,689,695,700,703,707,708,709,714,716,715,716,721,716,717,718,717,718,718,719,723,722,718,721,721,718,721,719,720,718,719,721,722,722,719,721,720,718,719,717,718,718,718,718,720,721,717,718,721,719,719,717,716,716,714,716,715,719,720,716,718,717,716,715,713,713,713,712,710,713,711,701,700,691,682,674,666,657,648,640,631,627,619,603,600,589,571,558,545,534,520,507,493,485,471,451,442,428,407,390,375,361,346,334,322,316,305,294,290,284,275,270,266,262,259,257,254,253,252,250,246,247,242,242,240,238,238,238,235,232,237,240,230,236,231,230,231,229,229,227,226,225,229,232,222,227,226,221,221,219,218,217,218,215,217,219,212,216,216,209,208,208,206,204,203,202,204,205,199,203,202,195,196,194,192,192,191,190,193,192,189,190,190,187,187,184,184



[20:28:49.202]发→◇G
□
[20:28:50.145]收←◆171,171,172,174,175,172,175,176,175,171,173,175,172,172,174,176,177,173,176,178,177,174,177,179,177,177,180,181,182,181,181,184,182,179,182,182,182,184,190,194,205,218,228,249,267,284,304,329,348,367,387,405,427,443,458,478,495,509,523,543,557,573,590,605,623,636,647,660,674,683,687,696,701,703,705,708,708,711,711,714,715,720,716,721,720,718,718,718,718,718,719,718,719,720,719,722,723,720,720,721,719,720,719,719,721,720,717,722,720,718,717,718,719,717,717,716,719,721,719,719,719,718,716,714,717,715,716,715,718,719,716,715,717,714,712,712,711,709,708,704,701,698,692,679,675,665,657,647,639,632,624,613,606,597,586,569,559,549,532,518,505,495,482,465,453,439,423,405,392,378,360,346,334,325,314,304,295,290,280,273,270,266,261,258,256,254,254,252,247,250,244,241,240,239,239,237,236,235,238,236,233,234,233,232,227,230,228,229,227,227,229,228,225,224,228,224,220,221,220,218,217,217,219,219,214,215,216,213,208,209,210,206,204,203,206,204,200,202,202,198,195,195,197,192,191,192,191,193,190,190,191,187,184,184,184,182



[20:28:51.204]发→◇G
□
[20:28:52.149]收←◆172,173,171,171,172,170,176,177,170,175,175,173,172,173,173,174,173,173,178,179,174,178,181,176,176,178,178,179,180,180,183,185,180,183,187,182,182,185,188,194,203,213,229,248,264,286,310,328,348,368,386,405,423,442,460,481,498,513,533,545,560,575,590,606,620,634,649,665,679,685,693,697,701,703,705,708,709,711,711,718,718,714,720,718,718,718,719,719,719,719,719,720,720,717,721,722,718,719,718,719,720,720,719,722,721,719,722,722,717,719,716,719,717,717,719,719,721,718,722,720,717,718,716,716,716,716,715,720,719,717,720,720,715,715,712,713,711,710,708,707,705,700,691,686,678,669,658,649,640,630,623,612,608,601,580,576,562,546,534,520,507,492,479,464,456,440,421,411,395,376,361,347,335,321,310,302,297,290,280,276,277,266,262,260,256,255,251,249,248,250,245,243,244,240,238,238,237,235,235,233,234,237,234,233,234,230,229,228,229,227,225,224,224,228,228,223,225,224,221,219,219,217,216,214,212,216,217,208,214,213,207,207,204,203,202,201,200,202,202,196,200,200,194,193,192,192,190,190,187,192,189,186,187,191,185,184


