
[21:08:21.453]发→◇G
□
[21:08:22.397]收←◆179,177,174,175,174,173,174,173,174,174,177,177,179,180,178,177,177,177,179,178,180,181,183,186,187,187,186,185,185,187,186,186,185,186,188,190,191,194,195,203,210,223,240,261,282,307,335,360,383,411,433,454,477,494,515,534,553,574,594,615,632,654,669,684,697,702,708,711,714,716,716,718,719,722,722,722,720,719,719,719,718,719,719,721,720,724,724,723,725,722,721,722,720,720,720,723,721,724,724,726,726,722,722,722,720,719,720,720,720,722,722,724,723,721,720,719,719,721,720,720,719,717,721,721,721,723,718,719,717,718,719,719,718,717,720,720,719,719,715,715,713,710,707,704,702,699,697,688,678,668,656,645,634,623,611,600,589,576,564,549,532,516,498,482,467,451,435,419,407,389,376,360,344,330,318,307,298,291,286,281,277,275,271,270,261,259,256,252,251,250,247,245,247,245,243,245,243,240,241,237,236,236,234,233,234,236,233,236,235,232,233,229,229,227,227,225,225,229,227,226,226,222,220,220,217,216,215,213,214,215,212,214,211,209,208,205,203,201,199,198,199,201,199,201,199,196,192,193,191,190,190,188,187,190,188,188



[21:08:23.462]发→◇G
□
[21:08:24.407]收←◆176,177,177,173,175,173,174,174,175,174,175,176,178,178,178,177,176,177,179,180,180,180,181,184,185,187,188,187,185,185,187,187,186,186,186,186,190,193,198,204,211,224,241,262,284,310,334,359,386,410,435,456,476,496,513,539,557,577,597,614,634,654,671,685,695,704,709,714,716,718,720,719,719,719,718,718,717,719,719,722,720,722,723,721,722,721,721,721,722,720,721,724,722,723,724,722,721,721,720,722,722,721,721,725,723,724,724,721,720,719,719,721,720,720,719,720,722,725,723,721,720,719,718,717,718,717,717,717,721,721,722,722,717,716,716,717,717,716,715,713,716,713,712,710,702,699,695,689,679,669,658,647,640,628,617,604,588,577,564,549,533,516,500,484,470,455,438,422,404,389,374,359,345,332,319,309,299,294,286,282,276,272,270,268,264,262,256,253,251,251,249,248,246,244,245,245,244,243,239,238,235,237,236,237,238,235,236,235,235,233,230,229,225,229,228,226,228,225,227,226,225,225,220,219,216,217,216,215,213,212,214,212,211,210,206,205,202,202,201,202,200,197,199,199,198,197,194,191,191,191,190,189,187,188,186,188



[21:08:25.460]发→◇G
□
[21:08:26.405]收←◆173,173,173,174,173,177,176,178,178,176,175,176,175,174,175,176,178,179,178,182,184,184,183,182,182,182,184,184,186,188,187,189,190,188,188,187,187,190,193,201,210,224,243,263,287,311,333,357,382,406,429,451,472,494,516,538,560,578,594,611,628,645,663,679,693,702,708,714,716,718,720,719,719,718,718,719,717,718,719,721,721,723,724,725,721,721,721,720,721,721,722,720,723,723,724,726,721,721,721,721,722,722,721,720,723,723,722,722,720,719,719,720,720,719,720,719,722,724,723,722,719,718,719,718,719,718,718,718,720,721,721,722,718,718,716,716,716,716,715,715,716,712,711,708,703,697,690,683,674,664,654,648,638,628,616,601,587,571,557,544,529,513,498,485,468,455,439,421,405,386,370,356,340,328,317,310,299,296,288,283,277,270,267,263,260,258,255,253,253,253,252,249,246,244,241,241,240,238,238,237,239,240,240,239,234,234,233,232,231,230,229,229,231,232,230,232,227,224,223,222,221,221,219,218,220,220,219,218,213,213,211,209,208,206,205,204,206,202,205,203,200,201,196,195,195,193,192,193,193,191,193,192,189,189,185,186



[21:08:27.454]发→◇G
□
[21:08:28.400]收←◆174,173,173,173,173,174,178,177,176,178,175,176,175,175,175,176,176,178,181,181,183,185,184,183,185,183,184,185,185,187,189,188,188,190,187,187,189,191,194,201,210,222,243,263,284,307,335,358,383,409,428,451,472,493,516,535,556,574,593,612,631,647,662,678,692,703,707,710,712,715,720,722,722,720,718,719,717,719,718,719,718,720,722,723,725,724,721,721,721,722,721,720,719,720,724,724,724,724,721,721,722,723,722,721,721,720,723,724,722,723,720,720,720,719,719,719,720,720,720,722,723,721,721,717,719,717,718,718,718,717,718,722,719,721,720,718,716,716,715,714,712,709,706,707,702,699,692,681,673,663,654,645,635,624,613,604,587,575,560,541,528,512,498,482,469,453,438,423,405,388,371,355,342,329,316,307,302,294,288,283,275,272,267,264,260,258,254,252,253,252,249,248,247,244,243,243,240,238,237,237,238,238,238,234,235,233,232,234,231,231,230,228,230,230,230,228,228,225,223,223,222,220,220,219,218,219,218,216,216,215,211,211,208,205,205,203,203,204,203,202,202,198,196,196,194,192,193,191,190,193,192,191,191,187,186,186



[21:08:29.461]发→◇G
□
[21:08:30.410]收←◆175,173,173,173,174,175,175,174,177,177,177,179,176,175,176,175,175,178,180,180,185,184,185,186,184,184,184,184,183,187,187,187,189,189,190,188,191,190,194,200,209,224,240,262,284,310,336,361,385,408,429,452,473,496,516,538,558,577,596,615,633,648,665,681,694,706,711,714,716,716,716,718,719,719,718,718,718,721,722,724,720,722,720,722,721,722,722,720,721,722,725,724,723,725,720,721,721,722,721,722,721,721,725,723,725,723,721,721,720,720,719,719,720,720,723,723,722,722,721,720,719,719,719,718,718,718,721,721,720,722,718,718,717,717,718,716,717,716,718,718,715,712,709,705,703,700,693,684,675,667,659,651,638,628,616,604,590,577,560,546,530,515,499,485,470,454,440,423,406,390,373,356,341,328,316,308,300,294,289,283,279,274,270,264,261,258,255,254,251,251,248,249,247,247,245,242,240,238,239,238,238,236,236,239,237,236,237,232,232,229,230,230,229,229,227,229,229,228,226,223,222,222,218,220,220,218,216,218,216,215,214,211,208,206,206,204,204,202,202,205,202,200,199,197,195,193,192,188,193,190,191,192,191,190,189,188