

[21:08:58.579]发→◇G
□
[21:08:59.524]收←◆177,176,178,177,176,175,175,175,175,175,176,180,180,178,182,181,181,181,181,182,182,184,184,188,188,188,191,191,189,191,189,188,188,189,188,191,194,194,198,211,215,235,254,278,304,334,364,395,429,455,484,515,535,561,584,606,628,652,675,696,705,712,717,719,718,723,723,718,719,720,721,721,723,723,725,725,720,725,725,722,721,723,724,724,725,724,727,727,724,728,728,724,721,724,723,725,724,724,728,728,726,726,727,726,724,724,723,724,722,724,722,727,728,722,726,723,722,725,723,722,721,721,720,723,724,721,723,724,721,721,721,722,720,720,720,723,722,720,722,722,718,716,714,714,713,716,714,717,717,713,714,711,704,696,685,673,657,645,629,611,597,577,557,539,518,499,480,462,442,426,407,388,375,360,342,332,321,311,303,297,292,287,287,278,275,280,268,267,265,261,259,257,257,255,257,253,252,255,251,249,252,246,246,245,245,244,245,244,243,246,243,240,240,239,238,236,235,234,236,235,232,233,232,227,226,224,224,222,220,219,221,219,217,218,215,212,210,208,207,206,204,202,203,202,199,200,203,196,195,195,192,192,191,190,190,192



[21:09:00.577]发→◇G
□
[21:09:01.523]收←◆177,177,176,180,177,176,178,175,176,176,177,177,179,180,180,181,182,181,182,181,182,183,185,184,186,189,193,190,191,191,190,189,188,187,187,188,190,195,201,206,221,236,253,278,305,333,365,395,425,456,485,510,540,561,584,607,629,650,675,695,706,712,713,720,721,719,721,721,720,720,721,721,722,721,722,726,724,722,726,727,721,723,722,724,723,724,724,727,728,725,727,725,722,723,724,724,725,724,724,727,729,725,729,727,724,723,723,724,722,724,721,725,726,724,724,725,721,723,723,723,721,723,721,719,724,725,718,725,723,721,721,722,720,721,720,719,723,722,719,722,721,716,715,715,714,715,714,713,717,714,710,711,706,696,685,672,657,641,628,612,597,576,559,540,520,500,480,461,441,423,405,390,376,357,346,333,321,311,304,297,292,287,282,282,280,273,276,269,265,262,261,257,257,256,254,256,251,252,256,250,250,247,245,245,243,244,243,246,244,243,244,242,240,241,237,236,236,234,233,234,234,232,232,229,227,225,223,222,221,220,218,218,218,218,214,215,210,209,205,204,203,202,200,200,202,202,198,200,198,195,194,192,192,189,189,188



[21:09:02.583]发→◇G
□
[21:09:03.530]收←◆176,177,177,175,178,178,174,175,175,174,176,177,178,180,183,180,183,184,181,182,183,182,183,184,187,193,188,191,192,192,190,188,189,188,187,186,192,196,198,211,219,236,254,277,304,334,366,396,427,457,486,514,539,562,585,606,629,653,677,696,709,713,716,720,720,720,719,719,719,721,721,722,725,725,722,726,723,722,722,722,720,723,722,725,726,727,726,726,729,724,724,723,723,723,724,725,722,727,728,723,729,726,725,725,724,723,722,724,720,726,724,724,727,726,723,721,722,723,723,724,722,726,724,720,726,723,720,722,721,721,722,721,720,724,723,720,723,723,720,720,717,716,715,714,713,718,718,714,715,715,711,708,704,696,685,674,658,646,629,617,595,578,560,541,519,500,481,462,444,420,407,393,372,360,344,333,320,312,304,298,291,285,284,280,279,276,274,271,267,262,260,258,257,255,255,253,255,255,249,253,251,247,247,246,244,243,245,244,244,246,241,243,242,239,238,237,236,233,233,233,235,231,229,230,229,225,224,221,221,218,217,217,221,216,215,214,212,209,206,204,203,201,199,200,203,199,200,200,198,195,193,192,191,189,187,189



[21:09:04.580]发→◇G
□
[21:09:05.525]收←◆177,178,179,175,174,175,175,175,175,177,177,179,181,178,182,182,178,181,181,181,183,183,185,188,189,184,192,194,186,189,191,189,188,188,188,191,193,193,202,210,216,234,256,277,303,334,364,397,427,453,486,512,532,560,583,603,628,651,674,696,705,712,717,720,718,722,722,720,718,720,722,721,721,722,725,725,722,724,725,723,722,722,723,723,724,725,724,726,729,723,726,725,723,722,723,725,725,724,722,728,729,724,727,729,724,723,724,723,723,723,723,727,725,723,726,726,722,723,723,722,723,722,721,723,725,720,724,723,721,721,722,721,720,721,720,723,723,720,721,721,719,717,714,715,713,715,715,716,716,712,710,711,703,696,685,672,658,644,627,607,596,580,552,539,519,499,479,461,441,425,406,385,375,361,342,332,323,311,303,297,291,289,286,278,279,276,268,267,265,263,260,257,256,258,256,252,255,254,248,248,248,246,245,244,245,247,247,243,245,245,241,240,239,238,237,235,234,233,237,235,232,234,231,225,226,225,224,221,220,219,221,219,213,217,219,210,209,211,206,204,205,202,203,204,198,203,201,194,197,196,193,191,190,191,191,191



[21:09:06.581]发→◇G
□
[21:09:07.528]收←◆175,176,179,177,177,177,176,174,175,175,177,176,177,181,182,180,181,186,183,183,183,183,185,186,186,189,191,189,193,193,191,190,188,187,188,188,190,195,203,207,223,238,254,277,305,333,363,395,424,456,486,510,540,561,584,605,628,650,674,695,705,711,713,719,721,721,722,720,718,720,720,722,723,723,722,724,723,722,725,727,721,723,723,724,723,724,724,727,727,726,728,727,722,723,723,726,725,723,723,727,728,728,728,727,723,724,723,724,722,723,722,725,726,726,725,725,723,724,723,723,721,723,720,719,724,723,724,725,721,721,722,721,719,721,720,719,722,721,720,722,719,716,714,714,714,714,714,714,717,716,711,711,707,695,685,673,656,643,626,611,596,576,559,542,519,498,480,461,442,423,404,389,375,357,348,335,321,311,304,297,290,286,282,282,279,274,274,270,265,262,259,259,257,255,253,256,251,253,252,251,250,247,245,247,245,244,243,244,245,244,241,241,240,241,238,237,235,233,234,232,233,233,229,230,231,227,223,222,220,219,218,217,217,217,212,216,214,208,207,204,203,203,200,200,201,201,197,202,199,194,192,191,190,189,190,189