
[21:09:40.565]发→◇G
□
[21:09:41.510]收←◆175,174,173,174,173,175,174,177,178,175,179,180,175,175,176,177,176,176,178,183,184,183,187,186,183,184,185,187,187,187,187,190,192,191,192,192,190,193,198,204,215,229,247,272,300,328,352,383,407,433,458,483,505,528,551,572,603,624,638,665,681,695,705,711,715,717,716,715,720,721,719,724,726,721,721,720,719,721,721,720,723,724,721,726,726,722,723,722,723,723,724,721,725,725,722,726,724,723,722,723,724,723,724,723,724,724,722,724,724,722,721,721,722,721,720,720,722,724,722,722,724,722,720,719,720,719,718,719,718,723,725,718,722,721,718,719,718,717,719,716,715,716,716,711,713,715,708,706,700,695,687,676,667,659,646,628,619,604,583,567,551,535,517,500,483,471,455,434,418,401,380,364,347,334,321,311,302,298,292,285,281,278,270,267,263,259,257,256,253,251,254,250,247,249,245,243,241,240,239,239,238,235,241,243,234,239,240,234,234,232,232,231,231,228,234,234,228,231,234,225,224,222,221,220,221,220,220,221,216,218,217,211,210,208,207,206,205,203,207,203,203,203,201,198,196,194,193,193,192,191,192,194,191,190,191,187



[21:09:42.562]发→◇G
□
[21:09:43.509]收←◆175,173,173,172,173,173,178,177,175,177,176,177,176,174,176,176,176,177,180,182,182,183,184,182,183,184,186,186,186,187,189,191,191,191,191,187,189,192,197,205,216,230,248,273,297,325,355,378,407,433,458,482,505,528,550,575,595,619,645,660,681,698,705,710,714,715,716,716,716,720,723,721,724,724,721,719,719,720,720,721,719,726,724,724,725,726,722,723,723,722,724,721,721,724,724,725,724,725,723,723,723,723,723,722,722,724,723,723,721,725,720,722,722,721,720,719,720,719,724,725,720,724,721,718,719,719,718,718,720,719,723,725,718,721,721,719,718,718,717,717,715,714,714,713,710,712,710,705,700,695,685,676,666,656,643,631,615,600,584,567,550,533,517,500,485,468,450,434,415,396,380,362,347,335,321,311,305,297,290,282,282,272,270,267,263,259,257,256,252,254,249,250,251,246,246,245,242,241,240,240,239,240,237,237,242,238,236,238,232,234,232,230,231,233,231,231,233,229,226,226,223,222,221,220,220,221,222,218,219,216,215,213,209,208,208,205,204,206,205,202,202,202,199,197,195,194,194,193,191,192,194,191,190,192,185,187



[21:09:44.567]发→◇G
□
[21:09:45.512]收←◆174,174,174,175,173,175,175,177,179,175,176,177,175,175,175,177,176,177,180,184,183,182,182,186,184,184,185,185,186,183,188,191,188,191,189,192,192,193,196,204,215,229,249,272,298,328,356,381,409,433,459,482,506,529,554,575,598,622,640,662,681,695,705,711,713,715,720,719,717,722,722,720,720,721,720,720,720,722,723,723,720,723,724,723,723,722,723,722,722,723,724,726,725,724,726,725,722,722,722,723,723,724,721,725,726,721,724,723,720,721,719,722,721,720,719,725,723,722,725,725,721,720,719,719,720,719,719,724,723,719,722,722,718,718,718,718,717,719,719,721,719,713,714,715,711,710,707,704,700,694,685,679,668,658,646,629,616,602,583,568,551,534,518,500,485,472,452,435,415,400,381,362,348,334,322,308,305,300,288,288,279,276,274,267,262,260,257,253,254,253,252,252,250,249,247,243,242,241,239,240,240,239,240,242,237,238,238,235,233,232,233,232,233,233,232,233,229,230,229,225,223,223,223,221,220,219,220,221,218,216,216,213,211,208,207,206,204,205,206,202,203,200,200,199,196,195,194,192,189,192,192,190,194,190,190,189



[21:09:46.564]发→◇G
□
[21:09:47.511]收←◆173,173,173,174,174,176,176,176,179,174,176,177,175,175,176,176,176,180,181,180,183,183,182,182,184,185,185,186,187,190,191,189,191,190,189,189,190,193,197,204,215,232,251,270,299,329,349,379,406,431,457,481,504,530,553,570,598,621,635,658,678,695,704,710,713,716,717,716,720,721,719,723,725,721,721,720,719,720,721,721,723,725,721,726,725,724,722,722,722,722,722,722,723,725,722,726,725,724,722,722,724,724,723,722,726,725,722,724,723,722,721,722,722,721,721,720,722,725,724,722,722,722,720,718,720,720,718,719,717,722,724,719,722,721,719,718,717,718,718,717,715,716,714,710,713,713,708,704,699,694,685,678,666,655,644,626,614,598,581,565,549,533,515,502,485,467,453,432,414,397,378,363,347,334,322,315,305,295,292,285,278,274,269,266,262,259,256,257,255,250,254,254,246,245,244,242,242,241,239,243,242,234,240,240,235,236,236,235,233,234,233,234,233,229,232,234,226,227,230,224,224,223,222,221,223,221,219,221,216,214,215,211,210,208,207,206,207,206,204,204,202,200,198,195,195,195,195,193,194,194,191,192,192,188,188,187



[21:09:48.566]发→◇G
□
[21:09:49.509]收←◆175,173,173,174,173,176,179,176,176,177,179,175,175,175,176,177,176,178,182,183,182,183,184,182,183,184,185,187,187,186,189,193,189,189,190,189,191,192,198,204,214,227,249,278,299,325,355,382,405,432,459,481,506,527,553,580,597,619,643,660,678,695,705,710,713,716,720,719,718,721,723,721,721,720,720,721,719,720,723,724,719,724,725,723,722,723,723,722,722,723,724,724,721,724,725,724,722,723,723,723,723,724,725,727,724,721,723,723,721,720,720,722,722,721,719,724,726,721,724,723,720,720,720,718,720,720,718,723,723,720,722,723,717,718,718,718,719,718,718,720,716,714,715,712,711,710,709,704,700,695,685,679,669,656,644,632,615,598,584,568,549,533,516,502,488,470,450,435,416,397,379,362,348,334,322,312,305,299,292,284,281,274,269,267,261,259,257,252,253,258,250,248,250,247,244,243,242,242,240,237,240,243,241,239,242,238,236,234,234,233,231,230,232,234,232,230,233,229,226,225,224,223,223,221,220,222,220,218,220,217,213,212,210,208,208,206,206,207,206,204,205,201,198,196,195,194,194,192,192,192,195,192,192,190,189,185