
[21:12:26.219]发→◇G
□
[21:12:27.164]收←◆176,175,174,177,175,173,172,173,172,172,174,172,175,173,175,177,177,177,175,174,176,177,176,177,180,180,182,184,182,182,184,180,180,181,181,182,185,188,192,199,206,214,229,245,263,285,307,329,354,375,397,415,435,451,469,483,503,519,537,554,570,589,607,621,639,649,660,669,680,688,694,700,704,707,708,714,714,715,716,715,713,715,716,718,717,718,717,722,720,717,721,720,718,718,718,720,717,719,718,723,722,718,722,723,718,717,717,718,716,717,716,721,720,718,719,719,718,719,717,717,715,715,715,719,718,720,718,717,714,716,714,714,712,713,712,713,713,712,707,704,697,688,682,673,665,659,653,641,635,629,619,607,596,585,574,561,551,540,529,515,501,492,475,459,447,428,414,398,383,370,358,344,331,320,308,297,292,283,276,271,266,263,261,259,257,255,252,247,246,243,241,239,238,236,237,237,238,236,238,234,231,230,229,229,228,227,227,229,229,226,230,226,226,224,223,220,220,221,219,221,218,218,218,216,214,214,212,209,208,207,207,208,206,204,206,202,201,201,198,196,194,194,194,195,195,193,195,192,190,190,187,186,186,185,184,185



[21:12:28.220]发→◇G
□
[21:12:29.162]收←◆174,176,176,175,176,175,174,172,173,173,172,172,172,175,177,175,179,178,176,175,175,176,176,176,179,182,181,182,184,185,183,180,180,180,181,181,183,189,189,198,207,216,228,245,264,284,306,328,350,375,395,416,434,451,470,489,501,519,537,552,570,586,603,621,636,647,660,672,679,688,693,699,703,707,709,713,713,714,716,717,713,715,715,719,718,718,717,720,721,723,721,720,717,717,717,719,719,718,717,717,722,723,721,722,719,718,717,719,716,717,716,717,721,719,716,718,720,717,717,717,716,715,716,715,719,718,714,719,717,715,715,716,713,713,711,712,712,711,705,704,698,689,681,675,666,659,650,645,637,625,621,609,597,584,573,562,550,538,527,515,504,488,479,462,445,430,413,399,384,369,355,345,328,318,311,298,292,283,276,271,266,263,259,259,255,254,251,246,245,247,240,239,237,237,236,235,236,238,236,234,234,233,230,229,229,227,227,226,228,228,225,229,227,223,222,221,221,221,219,217,220,220,216,221,217,214,210,210,208,207,206,207,207,205,205,207,203,200,197,195,195,194,193,194,196,192,194,194,189,190,188,186,186,186,183,183



[21:12:30.221]发→◇G
□
[21:12:31.165]收←◆174,174,177,177,175,176,176,173,172,172,172,172,174,173,177,177,176,179,176,175,176,176,175,177,177,178,184,183,182,186,184,182,182,182,181,182,183,184,193,198,204,217,230,245,264,286,306,329,350,372,394,416,433,452,471,486,501,519,536,552,569,587,602,622,636,646,663,673,679,687,695,699,705,705,709,714,712,712,716,718,713,715,716,717,716,718,717,720,721,718,722,720,717,717,718,719,718,719,717,721,723,719,722,722,719,718,717,717,717,717,716,720,721,721,719,719,717,718,716,717,717,717,717,714,718,720,713,718,716,715,714,715,712,712,711,711,712,711,705,704,700,689,681,674,666,657,650,641,638,628,615,611,598,586,575,563,550,539,526,512,506,493,475,463,446,428,414,399,384,369,355,343,332,321,307,301,294,282,276,271,265,262,259,256,257,254,252,248,247,243,240,239,237,236,236,234,233,238,236,233,235,231,229,229,228,227,227,226,228,229,229,227,229,225,222,221,222,219,218,219,217,221,218,215,218,214,211,210,209,208,206,205,205,206,206,201,204,203,198,196,194,194,194,194,193,194,193,193,191,192,187,187,185,185,185,183



[21:12:32.222]发→◇G
□
[21:12:33.169]收←◆173,176,177,172,177,175,172,173,171,172,172,172,172,178,178,173,178,179,175,174,175,175,176,178,178,183,184,185,182,185,182,181,180,180,181,181,183,185,193,201,201,218,228,243,263,285,306,329,350,369,396,415,429,455,473,486,501,519,536,551,570,586,607,621,631,650,665,669,678,687,694,700,703,706,710,713,710,715,716,714,714,715,715,716,717,718,722,722,718,721,720,717,716,718,718,720,717,718,720,721,723,723,721,718,718,718,717,719,716,717,715,721,721,716,720,717,716,717,718,717,717,715,715,718,719,715,716,719,715,715,714,714,713,713,711,713,712,708,707,704,695,689,682,673,666,657,650,646,637,623,618,610,595,584,573,562,551,538,526,518,505,489,477,464,445,428,414,399,384,369,354,342,333,322,306,301,290,281,276,272,265,263,258,253,256,256,245,250,248,242,241,238,239,237,234,235,238,237,232,236,237,231,229,230,229,227,226,227,231,230,225,229,227,223,221,221,221,219,219,218,221,220,216,218,217,212,211,209,208,207,207,206,208,207,206,204,204,200,197,196,194,195,193,193,192,194,196,189,195,190,187,186,186,185,183,184



[21:12:34.221]发→◇G
□
[21:12:35.167]收←◆174,175,174,177,177,172,174,173,172,172,173,174,176,174,175,176,178,175,175,176,176,176,177,176,178,182,182,180,184,185,181,181,181,180,181,183,184,187,192,192,205,218,226,247,263,286,306,327,351,373,393,409,433,454,463,485,505,517,535,551,568,586,602,616,635,648,655,670,680,686,694,698,702,705,707,710,713,716,714,717,715,715,715,717,717,717,717,718,720,721,722,720,719,716,718,719,719,717,717,720,722,723,724,720,721,717,716,718,715,718,717,717,716,719,719,717,719,720,718,718,716,716,716,715,715,717,717,714,718,720,716,714,712,712,712,711,710,709,707,701,697,690,680,672,666,656,651,641,632,627,618,605,594,586,572,562,549,539,525,514,501,489,475,461,445,429,414,400,384,369,355,344,332,315,309,303,288,282,277,271,267,263,259,259,255,248,252,250,241,245,242,238,239,237,236,238,237,232,235,235,229,232,232,228,229,227,228,228,228,225,228,228,224,224,223,221,220,220,218,220,219,219,218,217,214,213,212,209,208,209,207,206,207,206,203,205,205,200,197,195,195,194,194,192,195,195,187,192,192,188,188,186,185,184,184,183