
[21:14:13.639]发→◇G
□
[21:14:14.584]收←◆172,173,172,172,171,175,175,169,175,176,170,173,175,173,171,173,173,176,176,173,178,179,174,175,177,175,175,177,178,180,180,179,182,182,178,181,181,181,184,190,196,208,220,230,246,266,280,298,316,332,348,364,380,397,413,427,442,460,470,482,500,513,526,539,553,566,580,592,599,614,620,624,634,639,644,648,653,659,665,670,671,682,687,689,696,704,704,707,710,712,713,712,712,716,717,716,718,719,715,716,717,716,716,715,716,718,716,715,716,716,714,715,714,713,714,712,712,716,716,712,710,713,710,709,709,707,706,707,704,705,704,700,692,692,686,680,673,667,661,656,648,637,635,627,615,609,605,591,583,575,568,562,553,540,537,529,512,503,494,479,466,455,442,433,420,403,394,384,364,352,339,326,313,303,294,288,281,272,268,266,257,254,252,248,245,244,242,240,240,236,235,236,233,228,231,229,228,228,227,225,228,226,223,228,227,222,222,222,221,220,220,219,222,221,214,221,222,214,216,216,212,212,210,209,212,211,208,209,210,204,203,204,201,199,199,198,199,198,194,197,199,193,191,191,190,188,188,187,189,190,186,186,188,185,182,183



[21:14:15.640]发→◇G
□
[21:14:16.587]收←◆175,171,171,172,171,171,171,174,176,173,175,175,173,172,171,172,172,172,173,175,178,175,177,176,176,176,177,176,178,177,177,180,183,179,180,180,183,182,185,190,195,205,217,233,245,264,282,300,318,336,349,365,379,395,409,426,443,459,476,488,504,515,527,541,552,565,577,589,602,614,620,627,639,641,644,648,653,658,663,668,673,682,687,691,696,702,705,708,710,711,713,712,712,716,717,717,714,719,716,716,716,716,717,714,716,715,718,716,714,717,714,714,714,714,714,711,711,713,716,718,712,715,714,708,709,709,707,706,704,703,703,702,694,694,690,680,673,667,660,654,646,641,637,624,618,612,602,592,584,576,568,559,550,544,538,525,515,505,492,479,467,454,442,430,417,407,395,380,366,352,340,326,314,303,294,285,278,274,267,265,259,256,254,252,246,242,241,239,237,237,236,237,235,234,232,232,229,226,226,226,225,224,227,229,224,224,225,220,221,220,219,218,218,218,220,219,217,217,217,215,213,212,211,209,210,209,209,210,206,206,203,203,202,199,199,198,197,195,198,196,194,192,194,193,191,190,188,187,187,186,186,184,186,187,185,184



[21:14:17.645]发→◇G
□
[21:14:18.590]收←◆172,171,171,171,172,170,173,176,174,169,173,176,172,173,171,173,173,172,173,177,176,173,175,178,177,176,175,176,177,177,175,178,183,180,180,185,183,182,184,189,194,204,217,231,252,266,282,302,319,333,348,364,379,395,411,429,445,458,472,489,502,514,527,539,552,566,578,590,605,613,620,630,636,639,643,649,654,658,663,670,678,680,683,692,697,700,705,707,710,712,713,713,714,715,714,720,718,716,715,716,716,716,716,714,718,719,714,718,717,714,713,714,715,714,714,712,715,717,713,716,715,711,709,709,709,709,706,707,707,708,701,702,699,692,687,681,674,668,660,654,650,644,634,624,619,612,601,592,585,576,567,559,551,547,538,523,514,507,492,481,468,454,443,430,414,406,395,380,366,357,342,325,315,303,294,285,278,274,274,265,260,259,254,248,246,242,240,238,238,237,240,236,233,233,232,229,228,227,226,226,224,225,227,226,222,225,225,221,221,219,220,220,219,218,220,219,213,215,218,213,214,210,211,209,208,206,208,209,207,207,208,205,201,200,198,197,196,194,196,199,194,193,197,195,191,189,190,187,188,186,186,192,186,185,186,184



[21:14:19.646]发→◇G
□
[21:14:20.593]收←◆172,170,171,171,171,173,176,173,171,173,174,172,171,171,172,171,172,173,175,176,175,176,179,177,174,174,177,176,178,178,178,182,181,180,181,181,180,182,184,188,196,205,218,234,249,264,284,299,316,331,347,363,380,394,413,430,442,456,473,487,499,511,526,540,552,565,579,595,601,608,620,628,631,638,643,647,653,657,662,671,675,678,683,693,696,700,703,707,710,711,712,712,714,715,713,719,719,715,714,716,716,716,715,714,719,717,713,719,718,714,713,714,713,714,713,712,715,718,713,716,714,711,710,708,709,708,706,707,707,705,700,700,696,692,684,679,674,668,660,655,651,641,631,623,618,608,600,591,583,575,568,559,554,547,534,526,516,502,489,478,468,455,443,430,417,410,393,381,368,356,338,325,314,303,294,285,280,277,270,264,262,256,251,248,246,242,240,240,241,241,237,235,236,234,231,230,227,227,227,225,227,228,224,223,224,224,221,220,221,221,219,218,219,221,219,215,215,218,214,212,212,211,212,208,209,208,211,207,208,208,206,203,202,200,199,197,197,196,198,198,195,197,195,191,189,189,187,187,186,188,190,188,185,187,184,183



[21:14:21.648]发→◇G
□
[21:14:22.596]收←◆171,171,172,171,170,172,176,173,171,175,175,171,171,171,173,171,173,172,177,178,173,175,178,176,175,176,177,176,177,177,180,183,178,180,182,182,179,181,184,188,195,205,217,235,249,264,284,301,315,331,349,364,379,396,412,431,444,454,475,485,498,512,526,541,552,566,580,593,602,609,621,628,632,637,643,649,653,658,662,672,675,677,683,693,694,700,703,706,709,711,713,715,716,715,713,719,716,715,715,716,715,716,717,715,718,717,714,718,717,714,713,715,714,713,712,712,715,717,714,715,713,711,711,708,709,707,706,707,707,707,701,701,697,690,684,679,674,666,661,654,651,642,631,626,619,608,599,592,583,575,567,559,555,546,533,525,516,503,491,478,466,455,442,431,419,409,391,380,369,353,339,325,313,303,293,285,278,278,269,264,263,257,251,248,246,242,242,240,239,239,238,234,235,232,229,228,228,228,227,226,228,228,226,224,226,224,223,222,220,220,221,218,218,222,220,216,216,219,215,213,213,212,211,211,210,211,210,205,205,206,205,203,201,200,199,198,196,195,198,194,195,197,195,191,189,188,188,188,188,187,190,188,186,187,184,182