

[21:14:42.782]发→◇G
□
[21:14:43.725]收←◆172,172,171,172,174,175,173,174,174,170,174,172,171,171,173,171,174,174,170,173,177,172,176,176,174,175,175,176,177,180,176,177,184,177,179,180,179,179,182,187,193,204,212,224,242,256,269,285,300,315,330,344,359,376,389,403,419,432,443,457,468,482,495,506,519,532,545,553,567,574,578,589,595,599,605,609,613,621,626,628,636,640,643,652,658,664,671,677,685,691,697,699,706,708,709,714,715,710,711,712,713,713,713,711,715,715,710,713,710,707,706,707,705,703,703,699,701,702,697,697,695,690,688,685,684,683,680,677,675,673,666,659,656,649,644,635,630,624,621,613,605,600,592,580,576,567,559,552,545,538,533,526,514,510,500,489,482,474,459,449,439,427,418,408,390,383,376,358,347,335,321,310,299,290,283,276,268,264,264,256,251,247,243,241,238,236,235,236,234,230,233,228,225,226,224,222,222,223,221,223,223,220,223,221,215,217,216,215,215,214,214,216,216,212,214,214,211,211,210,208,208,207,206,207,207,202,205,205,201,201,204,198,198,196,195,196,197,192,193,197,191,191,190,188,188,186,186,187,188,186,185,186,184,183,182,181



[21:14:44.782]发→◇G
□
[21:14:45.729]收←◆171,170,171,172,171,172,174,174,172,173,175,172,171,171,172,170,171,172,173,177,173,174,179,176,175,174,174,175,176,177,177,181,180,178,182,180,179,181,184,188,193,202,215,229,239,252,273,287,300,316,330,344,358,374,390,406,416,427,445,457,469,481,494,506,519,530,543,556,565,570,582,591,594,599,603,608,614,618,622,631,638,639,645,656,658,662,671,676,684,691,698,699,707,708,707,714,714,711,711,712,712,712,713,711,716,717,710,713,711,709,705,706,704,703,701,700,701,702,697,697,694,689,688,685,685,681,678,676,677,671,664,661,659,649,644,636,630,622,616,609,608,598,589,583,580,569,559,552,544,537,530,523,517,511,498,492,484,473,461,449,439,427,415,405,394,386,372,359,350,338,322,311,301,290,282,274,270,266,262,254,253,249,244,240,240,237,235,233,232,234,229,227,229,227,225,223,222,221,220,221,222,223,221,218,217,221,218,215,216,214,215,213,214,216,216,211,212,214,211,208,208,206,206,205,204,205,206,202,203,205,203,200,199,196,195,195,194,194,196,195,192,194,190,187,189,187,185,185,185,187,189,185,183,185,183,181



[21:14:46.783]发→◇G
□
[21:14:47.727]收←◆171,170,171,171,171,171,175,174,174,174,175,173,171,171,171,171,171,172,174,176,175,175,175,173,174,175,174,175,176,176,178,181,180,179,177,179,180,181,184,188,194,202,214,226,239,254,272,286,303,315,330,345,358,372,389,401,416,432,444,457,471,482,494,506,519,529,544,555,563,575,583,590,594,598,604,608,612,617,623,629,635,640,644,651,658,662,669,677,684,691,696,700,706,709,708,709,714,711,711,712,713,712,713,713,714,713,710,710,711,709,706,706,705,703,701,698,697,700,697,694,694,694,688,686,684,681,678,676,673,671,668,660,656,650,641,635,630,622,615,608,605,598,592,583,578,570,559,552,545,536,529,523,517,512,500,492,482,471,459,449,437,427,415,404,396,384,371,359,346,334,322,311,300,291,283,274,270,264,258,255,251,248,245,240,239,236,234,232,233,229,229,229,229,226,227,223,222,222,222,219,222,222,220,222,219,221,216,216,216,215,213,214,213,216,214,213,214,214,209,208,208,207,207,206,205,206,206,203,205,200,201,199,196,196,195,195,193,195,196,191,191,192,190,190,187,186,185,184,186,187,184,185,184,185,183,184



[21:14:48.782]发→◇G
□
[21:14:49.725]收←◆173,172,172,170,170,172,173,174,173,173,173,172,174,170,171,171,172,171,173,174,174,174,177,172,175,175,175,176,175,176,178,180,179,178,180,180,181,181,182,187,193,200,212,227,237,255,272,287,302,319,330,344,358,372,387,402,416,429,447,458,469,481,493,505,519,529,541,554,565,574,582,589,593,600,603,607,612,616,620,628,635,638,644,652,655,664,670,676,683,691,696,699,702,708,710,710,709,714,712,713,714,714,712,713,711,711,713,710,708,711,709,706,705,703,700,699,697,696,699,698,692,692,690,684,682,680,676,674,672,669,666,665,654,651,643,635,628,621,616,609,605,598,589,582,576,566,562,552,543,536,529,521,516,509,499,490,481,469,460,450,437,427,416,403,393,383,369,360,348,334,324,311,299,289,281,274,268,264,256,255,253,250,245,244,238,236,235,232,231,233,229,227,232,228,226,225,223,222,221,220,219,223,222,219,221,221,216,218,216,214,216,213,214,215,215,212,212,213,209,210,209,207,206,205,204,205,206,203,202,204,197,201,198,196,196,195,194,192,194,193,191,193,191,189,189,187,185,185,184,184,187,183,183,185,185,182



[21:14:50.782]发→◇G
□
[21:14:51.728]收←◆172,173,170,171,170,171,172,173,171,172,172,173,174,174,171,171,171,172,171,174,172,174,176,175,176,177,175,175,175,175,176,177,179,180,180,179,183,181,184,186,193,202,210,223,241,256,268,286,304,318,329,344,358,372,386,400,416,433,444,456,468,483,493,505,519,529,542,551,563,575,582,586,594,601,605,608,613,617,620,627,633,638,645,649,656,665,673,677,684,690,696,699,702,704,710,715,710,714,713,713,712,712,714,711,712,711,711,713,708,709,709,706,705,703,700,698,698,697,698,698,692,692,690,685,684,679,676,674,672,670,669,660,654,649,644,636,628,622,615,609,602,597,590,583,573,568,561,553,544,536,529,523,514,507,498,490,481,473,462,452,438,426,415,402,391,381,371,360,348,336,327,312,300,289,282,274,268,262,259,259,250,250,247,242,239,237,233,233,230,229,229,229,226,227,224,224,222,221,220,219,219,218,222,221,218,217,217,217,217,215,214,214,213,212,214,213,212,210,211,210,210,207,207,205,204,205,203,202,202,205,202,201,200,195,196,194,194,192,193,193,194,192,192,191,189,187,186,185,185,185,184,186,187,185,185,183