
[21:15:15.486]发→◇G
□
[21:15:16.430]收←◆174,175,173,171,172,174,171,171,171,174,174,174,174,176,175,174,174,174,173,173,174,176,179,178,178,181,177,179,179,179,177,177,177,179,182,181,182,183,183,187,192,202,211,224,240,259,278,294,313,328,343,360,376,392,405,420,433,447,464,479,491,503,516,527,538,549,560,569,578,586,596,600,607,613,617,619,622,625,629,630,634,638,646,653,658,662,672,674,683,689,693,695,699,701,704,707,708,708,712,712,714,713,712,710,708,707,705,706,703,700,699,699,695,691,688,682,679,677,676,675,673,670,666,666,664,659,656,650,647,641,637,634,629,624,618,614,606,598,593,586,576,569,563,559,552,547,538,532,523,517,511,503,493,484,478,471,462,453,444,434,421,411,401,389,376,365,355,346,335,324,312,301,289,281,274,267,258,253,249,248,245,243,240,236,233,231,230,227,226,224,224,225,224,224,223,219,219,218,217,216,217,216,215,214,217,218,215,215,214,213,211,211,215,209,209,209,210,210,210,208,208,206,204,204,206,202,201,201,201,201,200,200,199,196,194,193,194,191,191,192,191,191,191,190,191,188,185,186,185,183,183,182,184,185,184,184



[21:15:17.483]发→◇G
□
[21:15:18.430]收←◆174,174,176,177,176,173,173,172,171,170,172,171,174,174,175,177,175,174,174,174,174,173,175,175,178,180,177,181,181,179,179,177,178,176,177,179,179,182,184,191,197,202,213,226,240,257,274,291,311,330,346,363,379,395,406,422,432,447,462,475,488,504,518,531,543,553,562,570,578,585,592,599,606,612,616,623,626,628,629,633,634,638,643,649,654,662,669,677,685,690,694,700,699,702,704,707,708,708,709,710,714,714,712,713,709,706,705,704,702,700,697,696,696,694,689,686,683,678,677,672,670,670,668,665,666,664,659,654,651,641,637,631,626,621,619,612,609,602,596,586,579,571,564,556,551,543,539,532,527,520,514,503,496,485,477,468,459,450,443,433,422,415,403,388,378,366,354,343,332,321,310,302,291,285,277,266,260,255,250,245,242,239,238,238,236,236,233,230,228,228,224,222,220,221,221,222,222,222,222,221,217,217,215,216,214,214,215,216,214,216,215,213,212,210,209,209,208,207,206,209,208,207,209,207,205,203,201,199,200,200,198,198,198,195,198,195,193,193,190,189,190,188,188,187,188,186,188,188,185,184,184,183,181,182,180,180



[21:15:19.490]发→◇G
□
[21:15:20.436]收←◆173,174,174,175,174,173,171,171,170,170,169,173,173,173,176,176,176,175,174,173,173,175,174,177,177,178,180,180,181,181,180,178,178,178,176,178,178,181,186,192,194,203,214,225,240,256,274,294,311,329,349,365,378,394,409,421,433,448,462,477,491,506,520,532,542,554,563,570,580,587,594,602,609,613,618,623,626,629,631,633,635,640,644,649,659,663,671,679,685,689,695,696,701,703,705,708,710,713,713,713,713,711,712,710,709,708,707,705,705,704,700,701,700,693,690,685,683,680,676,676,674,672,672,671,667,662,658,654,648,643,639,634,631,625,619,616,610,601,595,589,580,573,564,557,553,546,539,532,528,519,513,505,495,487,478,469,458,452,443,433,426,414,402,391,380,367,354,343,332,322,311,301,295,286,275,268,264,254,250,246,242,242,238,236,237,238,232,230,229,225,223,223,221,221,221,222,224,221,221,220,219,217,216,215,213,214,214,213,217,215,215,214,213,210,210,208,207,205,207,207,207,210,207,207,205,203,201,200,199,196,198,198,197,199,198,197,196,193,190,190,189,189,188,188,189,190,192,188,187,187,183,182,182,181,181,182



[21:15:21.485]发→◇G
□
[21:15:22.430]收←◆176,173,173,171,173,172,172,171,170,172,176,176,175,176,174,173,173,173,173,173,174,175,177,177,178,178,179,178,179,179,179,177,177,178,180,181,182,183,183,187,194,201,214,225,240,258,276,295,313,329,345,360,375,391,404,420,433,446,462,477,491,503,515,528,538,550,559,571,575,584,591,600,607,610,616,619,622,624,628,631,633,638,642,650,654,661,668,677,680,686,694,698,698,701,705,708,708,708,708,708,713,713,712,711,709,707,705,705,702,700,697,694,696,690,688,684,680,678,674,675,671,669,667,665,662,658,655,651,648,640,637,630,629,623,617,612,604,598,593,584,578,570,562,555,552,545,537,531,523,516,508,501,495,485,477,468,462,453,442,431,423,410,399,390,378,366,353,343,334,323,313,301,289,280,274,266,261,254,249,246,245,243,239,238,235,231,230,228,226,225,224,222,224,224,223,222,220,220,217,218,217,218,215,216,214,215,216,216,217,212,213,212,210,209,209,209,208,211,209,208,209,207,205,203,204,202,201,201,200,202,201,200,198,198,196,194,193,192,190,189,189,191,190,191,189,186,185,185,184,184,183,183,181,183,184,183



[21:15:23.483]发→◇G
□
[21:15:24.429]收←◆172,173,174,174,176,175,173,172,172,170,170,171,172,172,174,174,177,176,176,175,175,174,175,175,176,176,179,177,181,181,180,178,178,177,177,177,179,180,185,189,197,204,214,226,243,257,274,291,309,326,345,361,377,395,409,420,437,448,461,475,488,501,515,528,543,553,564,570,578,587,591,598,605,608,615,619,625,628,632,633,638,639,642,648,653,659,666,674,680,689,694,698,700,702,704,707,708,709,708,710,710,714,714,713,711,708,705,704,701,700,697,696,694,694,690,686,684,682,675,674,670,667,665,664,662,662,659,656,649,645,636,632,626,620,615,611,607,601,596,589,580,571,562,555,549,542,535,530,525,518,513,506,496,487,477,469,458,450,440,429,422,409,402,391,379,367,355,343,331,320,309,298,291,281,276,269,262,255,251,245,242,239,237,235,235,233,234,231,229,226,226,222,221,220,221,219,221,220,220,222,221,216,216,214,213,213,213,214,215,213,216,215,213,211,211,208,208,207,207,207,206,207,206,207,206,203,201,200,198,197,198,196,195,198,193,198,195,194,191,191,188,188,187,186,186,189,187,189,188,187,182,183,181,181,180,181