
[21:16:19.784]发→◇G
□
[21:16:20.730]收←◆176,172,173,172,172,171,172,172,177,177,179,177,177,173,173,174,174,175,174,175,177,181,181,181,182,179,180,180,180,180,181,181,178,183,183,185,185,185,186,190,197,207,221,236,253,277,299,318,340,360,374,393,410,428,447,463,481,501,519,533,552,570,578,593,607,619,633,644,656,668,679,684,689,692,692,695,696,699,702,704,705,713,714,717,717,717,716,715,716,716,716,715,714,717,718,720,719,720,717,719,717,717,718,717,716,714,718,719,717,719,716,717,715,715,715,715,715,716,718,717,717,716,715,712,713,711,710,710,709,709,710,708,703,703,700,691,684,677,671,663,655,646,644,636,630,622,612,598,589,582,573,563,555,546,540,530,520,510,495,480,467,455,441,428,414,402,389,379,366,351,340,322,312,299,290,282,274,269,261,265,259,255,254,249,245,242,240,238,236,235,232,236,235,231,235,234,227,225,225,225,225,223,223,227,226,222,226,226,220,219,219,218,218,217,216,220,219,220,218,218,214,211,211,210,208,207,206,209,211,208,208,207,202,200,198,199,196,197,193,193,198,195,194,194,191,189,188,187,186,186,186,184,188,188,185,186



[21:16:21.781]发→◇G
□
[21:16:22.724]收←◆174,174,172,173,173,171,172,171,175,174,176,177,173,174,174,174,174,174,175,175,179,178,180,181,178,180,182,180,179,180,181,181,183,183,183,184,183,185,188,192,198,207,221,236,256,276,296,318,340,355,375,392,410,427,445,463,483,499,518,535,551,564,579,590,606,618,630,642,654,666,672,682,688,691,694,695,695,700,701,705,705,709,710,716,716,716,719,716,717,715,717,716,714,715,716,721,720,717,719,721,718,717,718,716,717,715,715,719,718,718,718,718,716,714,715,716,714,716,715,718,717,717,716,713,712,710,710,710,710,709,707,709,705,704,697,692,683,678,669,661,653,647,642,630,629,618,608,599,591,580,572,563,553,545,538,526,518,508,492,480,468,454,440,427,415,401,390,377,365,351,335,325,313,299,290,281,274,270,267,262,258,256,252,247,246,242,239,238,236,235,236,235,234,235,235,229,228,226,226,225,224,225,226,226,225,225,226,222,222,219,218,220,217,217,219,218,216,217,218,214,215,212,210,209,208,208,207,209,206,207,206,203,202,202,199,198,196,196,194,196,196,195,196,190,192,192,187,188,187,186,185,187,186,186,186,187



[21:16:23.783]发→◇G
□
[21:16:24.728]收←◆179,174,172,172,172,172,171,172,174,176,177,176,177,176,173,175,174,174,175,175,178,180,183,180,183,182,179,179,180,179,179,179,182,184,183,184,187,186,187,191,198,208,221,237,251,277,298,319,339,358,374,392,409,427,446,463,480,500,519,533,551,567,578,591,606,619,631,642,654,668,676,682,687,694,694,695,696,699,701,704,705,711,712,716,716,717,715,716,717,717,716,716,715,718,719,721,721,719,717,717,718,718,717,716,717,718,719,720,719,718,716,716,717,715,715,713,715,714,718,716,716,715,713,713,713,712,711,710,708,708,711,709,704,703,698,691,684,677,669,662,654,648,642,636,626,619,613,601,590,581,573,563,554,545,538,531,519,507,496,482,467,453,441,427,414,402,389,379,367,352,337,325,310,300,290,281,275,268,264,262,261,257,254,251,244,241,240,237,236,236,230,234,237,233,234,232,229,226,225,224,225,225,223,224,226,224,224,226,220,219,219,217,217,217,216,217,220,217,216,219,215,213,211,210,208,207,206,208,211,208,205,207,203,201,200,197,197,196,195,194,197,197,195,194,193,189,188,188,186,185,185,185,188,187,187,186



[21:16:25.781]发→◇G
□
[21:16:26.726]收←◆174,173,172,171,172,173,173,175,175,178,177,178,175,174,173,173,175,174,174,176,178,179,183,181,180,180,179,180,180,180,180,181,184,180,184,185,182,184,187,192,199,208,222,236,256,276,295,318,335,355,377,391,410,427,445,463,482,499,517,534,550,563,578,591,604,617,631,642,655,665,676,682,689,691,693,694,696,699,702,704,704,708,713,715,717,716,717,715,716,716,716,716,715,716,715,722,719,720,720,717,719,716,716,717,716,716,714,720,718,717,718,717,715,714,716,714,715,716,716,717,717,714,717,716,712,711,710,711,710,708,708,708,705,700,697,692,683,676,669,661,654,649,641,635,628,620,608,599,588,581,571,562,554,547,537,529,517,510,494,480,466,454,440,427,414,403,390,374,364,352,335,324,309,299,290,282,275,269,268,261,260,256,249,246,245,241,238,238,236,236,236,236,233,234,230,229,230,225,225,224,226,224,226,225,224,225,225,222,221,219,218,219,217,218,220,219,220,219,220,215,213,211,209,209,208,208,209,209,209,208,208,204,201,199,198,199,196,195,194,196,193,196,195,193,190,189,189,186,186,187,185,187,184,188,186,183



[21:16:27.781]发→◇G
□
[21:16:28.724]收←◆177,175,172,173,172,172,172,172,172,178,177,180,178,174,174,173,174,175,176,175,176,180,181,180,183,181,179,180,180,180,181,180,181,182,183,182,186,187,186,191,197,208,222,235,254,275,298,317,339,358,376,392,409,427,444,463,479,498,518,535,548,566,580,591,604,617,630,642,653,665,675,682,687,691,694,694,696,699,701,703,703,709,712,715,718,718,718,717,716,716,716,716,714,716,717,721,720,718,719,718,718,717,718,718,717,716,714,720,717,718,719,717,715,715,714,714,714,716,714,717,717,715,716,714,713,712,709,710,708,708,708,708,705,700,699,691,682,676,669,662,655,646,641,635,628,619,611,599,590,580,572,563,554,544,534,529,519,510,496,481,465,454,440,428,414,401,387,376,365,351,339,325,310,299,289,281,275,270,264,258,260,253,252,251,247,242,240,237,236,234,233,234,235,232,232,232,231,226,225,225,225,224,223,225,227,225,223,224,224,219,218,218,217,217,217,217,219,219,217,216,214,211,211,209,209,208,206,206,209,208,209,206,202,200,198,197,196,196,195,193,197,196,194,195,194,190,189,188,187,186,186,185,186,187,186,187