

[21:17:00.347]发→◇G
□
[21:17:01.290]收←◆194,192,199,195,209,196,194,197,206,195,192,193,193,194,195,198,209,207,198,195,211,202,198,197,199,199,205,206,214,216,208,206,216,212,203,204,206,209,215,222,236,249,253,266,293,309,315,334,351,368,387,410,425,449,456,471,490,509,511,525,540,551,567,587,596,622,621,636,646,667,660,666,671,678,680,691,695,711,704,703,707,729,716,718,723,726,726,728,729,747,744,731,730,747,737,735,732,730,730,734,734,746,747,734,734,747,744,731,729,732,730,731,731,740,748,730,729,744,747,732,730,729,728,725,726,732,742,726,726,733,738,723,715,714,710,707,702,695,703,684,675,669,672,652,640,632,627,618,615,609,609,597,583,568,573,555,540,528,518,505,497,489,485,468,449,432,435,413,393,381,365,352,345,335,333,328,313,305,308,300,288,281,280,277,273,274,272,280,266,266,269,272,258,256,254,254,253,258,252,264,255,255,251,262,246,247,244,243,242,246,244,256,246,244,240,254,241,237,234,236,232,237,237,247,241,235,229,243,229,223,222,224,223,225,226,232,231,220,218,227,223,211,212,210,210,210,213,217,220,210,211,218,215,205,202,203



[21:17:02.347]发→◇G
□
[21:17:03.294]收←◆192,192,189,195,199,205,193,196,200,206,193,189,189,190,193,197,200,205,200,198,200,209,197,196,198,199,199,202,208,214,210,207,209,214,206,202,203,205,211,216,229,245,261,263,285,308,328,333,351,369,387,401,426,440,463,466,486,505,519,523,536,553,564,579,598,614,631,629,646,659,671,666,669,675,682,688,692,696,714,705,705,715,729,720,719,721,725,725,729,730,744,738,728,730,744,734,731,730,728,731,731,730,743,740,729,728,743,738,727,729,727,728,728,728,741,743,727,727,742,740,726,728,728,724,725,723,727,738,722,721,731,734,716,712,708,703,699,697,695,695,675,668,665,661,644,634,626,615,611,606,602,600,584,573,566,560,540,528,516,505,495,484,478,468,453,438,426,419,395,378,364,354,341,332,327,325,317,303,301,299,294,281,276,276,270,269,273,274,274,259,263,271,269,256,253,254,251,251,257,256,260,249,252,257,258,246,242,242,243,243,247,246,255,242,245,242,250,239,233,234,233,232,234,238,243,237,231,231,237,225,222,223,221,219,221,224,229,224,219,218,227,218,211,209,209,209,206,215,218,219,206,211,217,213,204,201



[21:17:04.344]发→◇G
□
[21:17:05.288]收←◆192,190,189,188,195,193,191,202,207,190,189,202,195,189,192,190,196,198,193,205,214,197,194,206,207,196,196,200,202,207,200,203,220,208,200,213,214,206,209,215,223,239,244,264,295,303,314,336,361,370,384,400,417,437,449,463,490,500,508,525,551,553,563,579,591,608,620,629,652,664,656,664,681,677,678,683,687,693,698,700,717,724,711,718,732,731,724,726,727,728,727,726,734,744,729,728,742,741,730,730,731,732,729,731,733,743,730,729,740,743,727,730,727,726,728,725,727,745,729,727,729,739,726,723,727,724,721,723,724,736,728,720,715,725,711,704,697,692,689,683,672,677,673,648,639,647,631,614,607,601,598,588,577,577,578,552,536,540,527,504,492,481,471,463,441,435,436,410,392,387,375,352,340,328,321,315,304,302,308,296,285,287,287,273,271,266,265,268,263,262,273,266,253,257,264,251,249,250,249,253,251,247,258,263,246,245,254,245,243,242,241,246,244,240,246,253,238,234,247,240,234,230,231,233,236,226,236,244,230,222,233,230,221,218,217,218,222,214,218,231,216,211,217,222,210,207,205,207,211,206,205,220,210,201,204,213



[21:17:06.345]发→◇G
□
[21:17:07.291]收←◆201,190,188,190,191,189,192,198,204,198,193,195,202,193,189,191,190,190,192,199,206,204,199,199,208,200,197,199,197,200,200,204,213,212,202,208,215,214,210,215,220,233,245,265,285,310,316,336,362,379,383,400,417,433,446,469,485,505,509,527,544,563,565,578,591,603,615,632,645,660,660,667,676,689,682,685,689,693,697,700,705,723,723,717,720,737,729,725,725,726,729,727,726,739,742,729,730,741,738,730,729,729,728,730,728,735,740,729,726,743,738,731,727,726,728,728,727,731,743,727,725,737,738,726,725,723,722,723,723,725,734,722,716,718,722,704,697,691,686,677,673,668,672,657,646,639,637,617,609,601,592,583,577,572,570,557,540,531,531,508,491,482,466,456,442,436,427,416,389,381,375,360,339,329,320,313,303,303,299,299,283,287,286,284,272,267,264,261,260,265,266,269,257,260,261,265,250,250,250,247,246,253,252,256,248,247,249,254,245,240,240,240,238,237,242,249,245,239,238,246,237,232,231,230,228,227,232,237,233,227,229,234,227,217,219,214,214,215,220,222,224,212,215,221,219,208,204,207,205,203,211,212,215,203,208,212



[21:17:08.346]发→◇G
□
[21:17:09.289]收←◆205,191,190,191,190,190,191,194,209,201,189,197,207,192,190,190,192,193,191,196,213,207,196,198,214,202,197,199,198,201,202,201,218,214,203,204,223,216,209,216,223,233,246,262,286,312,316,333,369,382,385,401,416,434,450,461,487,510,509,523,550,568,566,577,592,605,617,628,645,666,663,662,678,693,681,685,686,690,697,701,706,724,724,720,721,739,729,727,727,730,728,729,728,740,744,731,729,744,738,731,730,730,730,730,729,737,742,730,727,742,742,729,729,728,730,727,727,733,745,729,726,739,741,727,725,726,722,723,721,724,737,724,717,718,723,708,698,692,686,678,673,668,675,657,643,641,645,622,609,602,591,586,576,573,578,559,536,531,537,511,494,479,468,454,442,432,436,418,392,380,383,364,341,331,321,312,304,298,302,304,284,282,294,286,272,268,267,266,261,259,266,275,256,256,265,266,252,252,248,247,246,247,251,265,252,242,250,259,243,241,241,239,238,238,244,257,248,235,242,251,237,231,230,230,230,230,230,245,237,225,226,242,227,222,218,218,217,213,213,228,226,212,211,230,220,208,208,207,205,205,205,214,220,204,201,219