
[21:17:41.520]发→◇G
□
[21:17:42.465]收←◆177,175,175,174,175,174,172,174,173,172,173,176,177,175,175,176,176,175,174,174,176,177,176,180,179,182,180,183,183,185,183,184,184,184,186,185,188,193,197,204,214,224,236,254,274,297,320,341,366,391,409,429,450,467,484,504,522,540,560,577,598,619,633,649,665,681,691,698,704,710,713,714,716,718,719,716,715,720,719,718,717,719,718,719,719,720,722,721,721,724,722,719,718,719,719,721,720,718,724,724,721,724,725,721,720,718,718,719,720,720,721,723,719,721,721,718,718,720,719,719,717,719,720,720,718,720,719,718,717,718,717,718,715,716,719,721,717,714,717,714,712,709,707,705,703,701,698,694,683,675,666,654,643,631,620,608,594,585,569,557,541,526,513,497,478,461,445,429,413,396,383,367,354,340,332,319,306,298,294,286,282,278,277,273,269,267,264,260,256,254,253,252,248,247,249,249,244,247,245,242,240,240,238,237,238,237,240,240,237,236,233,233,231,231,230,229,228,227,228,226,226,224,224,222,221,218,217,216,214,213,214,212,211,212,209,208,207,202,202,200,199,197,196,198,199,197,196,197,194,191,189,190,188,188,188,189



[21:17:43.518]发→◇G
□
[21:17:44.464]收←◆176,173,174,178,177,174,174,174,173,173,173,174,176,175,174,177,177,175,175,176,176,176,177,177,181,183,179,184,186,184,181,184,184,184,184,187,190,194,193,203,213,222,236,257,275,295,318,340,367,388,406,425,451,469,483,503,524,539,557,577,596,614,629,646,666,680,690,700,708,709,711,713,715,715,716,716,719,721,717,721,719,719,718,720,719,720,719,721,722,724,721,720,721,719,719,720,719,721,720,721,723,725,721,720,723,720,719,719,718,719,718,720,718,720,722,719,721,723,721,719,719,718,718,716,717,720,722,717,720,721,717,717,716,716,718,716,716,720,718,714,715,713,707,706,703,699,695,689,681,676,667,652,642,632,619,607,593,581,572,555,538,530,515,493,476,462,444,428,412,396,383,368,350,340,331,316,306,300,292,286,282,277,276,273,266,261,264,262,257,254,256,249,248,248,248,247,246,242,245,245,240,240,241,238,237,236,236,238,236,234,238,234,231,232,231,229,227,228,226,229,226,222,227,224,220,218,219,216,216,213,213,214,212,209,211,210,204,200,202,200,199,198,197,199,199,196,193,196,192,190,193,192,189,189,187,190



[21:17:45.520]发→◇G
□
[21:17:46.467]收←◆174,175,176,178,174,173,177,174,172,173,173,173,173,173,174,177,178,173,178,180,175,175,176,176,178,179,180,185,187,182,187,188,183,184,184,186,187,190,194,206,213,221,240,259,275,295,318,340,363,386,405,431,451,465,488,508,521,540,559,576,594,613,630,650,668,678,689,703,705,710,711,715,716,716,716,717,719,717,718,721,717,718,719,719,719,720,719,719,723,724,720,722,722,720,720,720,720,720,719,722,724,725,720,722,724,720,718,720,719,719,717,719,723,721,718,721,719,720,719,718,717,719,718,716,720,720,718,718,720,718,717,718,716,716,717,718,717,719,716,714,715,712,708,706,704,699,695,690,681,678,665,653,647,635,620,607,594,581,567,554,539,529,513,492,483,467,446,429,412,396,380,365,351,343,332,316,312,304,292,286,281,277,273,271,267,267,267,258,259,258,253,251,249,247,246,244,244,248,247,241,240,243,240,239,237,236,237,235,234,235,238,233,231,235,232,229,227,228,225,225,223,222,226,225,220,223,221,216,216,213,213,211,209,208,210,211,203,206,207,201,201,198,197,197,197,194,197,198,193,196,195,189,188,188,186,186



[21:17:47.522]发→◇G
□
[21:17:48.466]收←◆174,174,178,177,174,174,176,174,174,172,173,174,172,173,176,178,173,176,178,177,176,177,176,176,179,180,180,185,184,184,187,187,184,185,184,186,186,190,197,205,214,224,242,256,274,296,320,341,363,385,409,431,447,465,488,506,520,539,558,576,594,611,630,652,665,678,692,701,704,710,712,714,715,716,717,719,718,717,716,720,717,718,718,719,720,719,721,720,723,721,721,722,720,719,719,722,721,720,720,720,723,725,722,722,724,719,719,720,719,719,718,719,723,723,718,721,722,721,719,719,718,718,717,718,720,719,717,719,720,717,717,718,716,716,716,717,719,719,715,714,715,710,707,705,704,700,694,688,684,677,663,654,647,633,620,607,594,582,568,553,540,529,512,496,483,467,446,428,414,396,380,365,353,341,331,317,311,303,293,286,283,278,273,269,268,268,263,259,261,256,252,251,248,249,247,246,245,249,244,241,244,243,239,239,238,236,237,235,234,238,237,231,232,235,231,229,228,227,225,226,224,225,226,221,223,224,219,216,214,213,212,211,210,208,212,208,206,206,205,199,199,198,198,196,196,197,197,196,192,195,192,190,189,188,186,186



[21:17:49.521]发→◇G
□
[21:17:50.469]收←◆175,175,175,175,176,177,172,175,173,173,172,173,173,173,177,175,175,177,177,176,178,176,176,178,178,181,182,182,183,190,186,185,187,184,185,186,188,191,196,203,210,226,239,256,276,296,319,341,363,384,409,428,448,468,486,504,522,540,557,575,593,611,631,648,664,679,690,697,706,709,711,715,714,715,715,717,717,721,718,717,718,720,719,720,719,721,719,719,719,723,723,720,722,725,720,721,721,719,720,721,721,724,725,720,723,721,719,720,718,719,717,719,721,721,721,717,721,723,720,720,718,719,717,716,718,720,721,718,719,720,717,717,716,717,716,716,716,717,720,714,711,712,708,706,702,699,695,689,681,672,665,655,644,633,621,606,594,580,567,553,541,525,510,501,480,463,449,430,412,395,380,366,354,340,329,320,310,301,294,286,281,276,273,269,268,266,262,259,259,254,254,250,249,247,247,245,246,246,243,243,243,238,239,238,238,237,236,236,235,236,234,233,235,230,233,229,227,226,226,225,224,227,221,223,223,222,218,220,214,213,212,212,209,211,208,208,211,205,203,202,199,198,196,196,195,197,196,194,195,194,192,191,188,187,187,185