
[21:20:02.139]发→◇G
□
[21:20:03.086]收←◆173,172,176,175,172,173,176,176,172,173,175,172,172,173,176,175,173,173,179,176,173,176,175,175,175,175,177,178,176,176,180,180,179,176,181,178,179,181,185,190,194,202,217,230,242,257,277,293,309,327,344,363,379,390,408,426,436,450,470,484,495,510,523,540,553,563,577,594,600,607,620,627,631,638,644,651,656,658,662,674,677,678,687,693,696,699,705,708,710,713,714,715,716,713,715,720,715,716,715,716,717,715,717,718,719,714,714,718,713,714,713,715,715,713,714,714,717,713,712,716,713,710,711,708,708,707,705,705,707,702,698,700,695,688,682,678,673,667,659,652,648,640,627,622,614,605,595,588,583,575,565,556,553,544,528,520,512,498,487,477,466,455,440,427,420,405,389,372,364,350,336,324,313,304,294,285,283,275,266,261,259,256,252,249,247,248,245,239,242,241,235,233,235,235,230,229,229,230,230,227,225,229,227,223,223,227,221,221,221,222,223,220,219,223,222,215,217,216,214,214,213,214,214,209,208,214,210,205,205,205,203,202,202,202,203,199,197,200,198,193,192,193,191,190,190,189,192,189,186,189,191,186,184,184,185,183



[21:20:04.146]发→◇G
□
[21:20:05.095]收←◆173,173,169,174,174,174,176,174,173,175,173,172,172,172,172,175,177,175,176,174,173,176,174,174,175,175,177,177,178,179,180,179,178,180,180,179,179,182,183,189,195,202,214,228,242,262,278,294,310,328,344,360,378,391,409,428,438,456,471,483,497,511,525,537,553,565,581,594,605,614,621,626,633,639,644,649,658,664,666,674,677,681,686,691,696,701,705,708,714,716,714,716,717,715,714,717,717,715,715,717,720,721,717,715,720,716,715,715,715,714,712,714,717,716,714,711,716,715,713,712,711,712,709,709,711,711,706,706,709,708,701,699,692,689,683,678,672,670,661,654,650,641,632,624,615,607,599,589,582,577,571,561,556,543,532,525,511,499,488,476,465,455,443,431,421,405,391,381,365,350,336,325,313,304,294,285,279,275,267,265,262,257,252,249,245,246,243,241,241,241,236,237,236,232,230,229,229,227,228,228,228,230,229,226,226,223,222,221,220,218,222,222,221,223,221,216,220,215,216,214,213,211,212,215,212,213,209,206,208,206,203,201,201,201,201,200,197,198,197,195,197,195,192,191,190,189,191,189,186,188,188,186,188,186,184,182



[21:20:06.141]发→◇G
□
[21:20:07.087]收←◆173,173,175,176,172,175,176,177,172,173,175,173,172,173,176,176,174,174,179,175,173,173,176,174,175,176,178,178,177,177,181,179,177,175,178,178,179,180,186,190,194,202,217,229,241,256,277,293,310,327,343,362,376,389,406,425,436,450,467,483,495,508,523,540,554,563,577,592,599,606,618,625,630,637,643,650,656,658,664,671,675,677,684,692,695,699,703,708,710,711,713,716,715,713,715,718,716,715,716,717,717,717,717,719,718,716,713,719,714,714,714,715,716,714,714,714,716,715,713,715,713,710,710,709,708,708,705,704,707,702,698,699,695,688,681,676,671,667,657,651,648,639,626,621,612,604,596,588,584,575,564,557,553,542,528,520,510,499,486,476,467,454,438,426,419,402,388,373,364,348,336,324,315,305,292,284,281,274,267,261,259,255,251,248,246,248,242,239,240,241,236,233,233,235,230,229,229,231,229,227,225,229,225,223,225,225,221,221,222,223,222,220,220,222,220,215,217,217,214,214,213,215,214,210,208,213,208,206,204,206,203,203,201,204,202,198,197,200,198,195,191,193,191,190,192,191,192,189,187,191,191,185,182,185,184,183



[21:20:08.148]发→◇G
□
[21:20:09.097]收←◆173,172,173,173,175,176,177,173,173,175,173,173,172,172,172,174,177,174,177,176,175,176,174,174,175,176,175,180,179,180,178,179,178,181,179,179,179,180,182,189,196,202,216,230,243,261,279,292,311,328,344,360,377,391,410,427,442,456,471,482,496,512,525,537,554,564,579,594,603,611,621,626,632,639,644,650,658,663,666,673,677,680,686,691,695,700,704,709,714,717,713,715,715,715,714,717,715,716,715,717,719,719,717,715,720,715,714,716,713,713,713,714,716,717,713,712,715,715,714,713,711,710,710,708,707,710,706,706,709,707,700,698,693,689,683,678,671,668,661,653,650,640,630,623,614,605,597,591,582,576,571,561,553,542,530,524,511,500,488,476,464,455,443,431,417,404,389,379,364,349,336,324,314,304,294,286,279,274,268,267,261,254,251,250,245,244,243,240,242,240,238,237,236,231,231,230,228,225,228,228,229,229,229,226,227,224,223,221,221,221,222,223,222,223,218,217,220,216,214,213,213,211,211,214,213,210,208,206,208,206,204,203,200,199,201,201,200,197,196,195,196,195,191,190,190,190,189,191,188,189,190,186,188,188,184,182



[21:20:10.146]发→◇G
□
[21:20:11.096]收←◆172,172,175,176,174,175,175,171,175,173,172,172,172,172,176,176,175,174,175,174,176,177,174,174,175,175,178,178,175,179,180,179,180,182,178,178,180,180,184,190,192,204,217,228,243,258,274,292,310,328,344,363,375,393,412,424,435,453,465,481,495,509,522,540,552,565,582,590,597,609,616,623,630,636,643,649,655,659,666,670,671,682,683,690,696,700,704,707,710,713,717,713,712,718,719,717,716,715,715,718,717,716,720,717,715,718,716,715,715,713,713,715,714,713,717,713,712,715,716,713,712,710,709,708,708,707,709,709,705,701,702,697,691,687,681,677,672,667,660,654,646,635,631,620,611,604,596,589,584,576,566,559,550,538,532,521,508,497,487,476,467,454,439,430,417,402,390,379,362,349,337,324,314,305,292,288,282,275,268,265,257,254,251,248,247,247,242,241,244,239,234,235,232,231,230,230,228,231,231,228,232,228,223,225,224,223,222,221,220,223,222,221,220,220,217,219,218,215,214,213,212,216,214,211,211,211,206,208,208,205,203,202,202,203,201,197,200,198,197,195,196,192,192,192,189,189,191,186,190,190,190,186,185,184,183,182