
[21:22:13.647]发→◇G
□
[21:22:14.595]收←◆174,180,177,174,173,174,174,173,174,174,178,175,174,178,181,174,174,174,173,174,175,173,180,180,177,178,184,177,179,179,179,178,180,178,183,185,181,184,190,190,196,205,215,230,245,263,286,308,319,336,361,376,388,406,421,438,454,470,488,506,517,530,552,565,574,588,601,613,624,635,647,657,661,665,675,680,679,683,687,692,695,701,702,712,711,712,718,718,717,716,717,716,714,715,715,720,718,718,719,721,719,718,719,717,716,717,715,721,719,716,716,721,716,714,715,716,715,717,716,718,718,715,712,717,716,713,711,712,711,712,710,712,710,704,701,704,696,690,684,675,666,659,653,646,642,630,621,617,609,594,585,577,568,558,548,537,533,519,505,496,487,467,454,440,427,415,400,386,378,363,346,334,327,311,300,291,285,278,272,268,269,268,257,252,255,251,245,243,242,240,239,236,239,240,234,231,238,234,232,229,228,228,228,226,227,232,226,225,227,228,223,221,221,221,220,218,218,223,221,216,217,221,215,211,211,210,210,208,204,212,208,205,206,207,201,200,198,197,195,195,194,198,200,191,191,196,191,190,190,187,187,186,185,190,192,184



[21:22:15.646]发→◇G
□
[21:22:16.592]收←◆177,177,175,176,172,173,173,174,173,176,173,176,180,176,173,176,173,175,175,175,175,179,179,178,180,179,175,180,179,179,178,180,179,181,183,181,182,185,185,191,197,204,218,231,247,267,285,300,321,339,355,374,392,405,421,438,454,472,487,498,518,533,548,562,576,588,599,610,622,632,646,650,662,669,671,676,681,682,686,690,694,699,703,707,715,717,713,713,719,716,716,716,715,715,715,718,721,720,716,717,722,719,719,717,717,716,716,716,718,720,715,716,721,718,715,715,714,715,716,715,715,719,714,714,717,717,711,712,712,711,710,709,707,708,703,700,695,690,680,674,665,659,651,644,635,629,625,612,603,596,586,577,566,559,547,541,530,519,510,495,477,468,454,440,426,414,400,388,376,360,347,335,321,312,301,291,283,277,272,271,265,260,257,256,250,249,250,243,242,241,240,240,239,233,235,236,233,231,232,229,229,228,227,226,229,225,226,229,226,225,225,222,221,220,220,218,220,219,218,223,219,212,215,212,211,210,209,209,212,210,206,207,205,201,202,201,199,198,196,194,199,198,194,194,194,191,193,190,190,189,187,187,190,189,184,185



[21:22:17.645]发→◇G
□
[21:22:18.591]收←◆174,175,175,173,176,174,173,172,172,172,175,176,172,177,175,174,176,177,175,174,175,175,179,178,176,178,181,180,180,179,177,178,178,179,180,182,180,184,191,192,195,205,217,230,246,265,281,303,321,338,360,374,386,407,421,437,453,470,486,502,519,532,549,563,573,590,601,610,622,632,640,652,659,665,671,675,677,685,690,691,692,699,703,708,710,710,716,714,715,719,720,715,714,717,717,717,718,717,721,719,719,720,720,718,717,717,715,717,717,715,720,720,716,715,719,714,715,717,715,715,714,714,717,716,713,712,715,712,711,710,710,709,707,705,705,700,693,688,685,676,665,658,650,642,637,630,620,614,605,593,588,581,567,558,547,536,529,518,501,494,482,468,455,441,426,414,400,386,373,363,345,335,327,312,301,292,284,277,273,267,263,262,258,254,257,251,243,244,241,239,239,236,236,238,236,235,236,233,230,232,230,228,228,226,226,228,227,225,226,226,224,223,223,220,219,219,219,220,220,213,217,217,213,214,215,211,208,208,207,209,208,204,205,206,203,200,200,197,197,195,197,195,197,192,195,198,192,189,189,188,187,187,186,186,189,185



[21:22:19.639]发→◇G
□
[21:22:20.585]收←◆177,173,174,175,177,176,173,171,175,173,173,173,175,175,173,176,179,177,174,174,177,175,177,176,179,181,177,178,184,181,178,178,179,181,180,179,184,185,184,189,197,208,217,229,247,267,281,301,323,340,355,372,389,408,422,436,453,471,484,499,516,533,544,558,575,591,604,610,621,633,641,648,657,663,667,673,678,686,688,689,692,701,703,706,708,710,712,713,715,719,719,715,716,719,717,717,718,717,716,719,718,719,720,716,718,719,721,717,715,716,715,718,716,714,720,715,714,721,720,716,713,715,713,713,714,712,715,714,711,713,712,709,705,703,701,697,691,687,685,677,665,657,652,641,632,626,621,609,602,594,590,580,566,556,550,538,524,515,505,494,478,468,458,442,425,413,401,387,371,359,348,336,320,310,301,294,283,276,273,270,263,258,259,256,251,247,247,246,241,238,238,238,235,235,235,236,231,231,234,235,232,227,226,228,225,225,225,228,225,224,226,227,225,220,216,220,219,216,217,220,215,215,216,217,212,211,209,211,208,206,207,207,207,201,201,204,199,196,195,199,197,193,193,195,195,191,189,190,190,187,186,189,188,185,186,186



[21:22:21.640]发→◇G
□
[21:22:22.583]收←◆173,173,173,175,174,176,172,175,176,176,173,173,172,173,173,176,176,176,175,178,180,178,175,175,176,177,178,178,182,181,182,182,182,182,179,178,180,182,185,188,199,209,219,232,246,265,282,301,318,337,353,372,391,411,423,438,455,472,486,500,515,529,544,558,576,591,603,611,624,636,646,649,656,662,668,674,679,683,689,693,695,703,706,708,710,710,713,714,716,715,720,716,715,718,720,717,716,717,717,717,717,718,721,721,718,716,718,718,716,716,715,716,717,716,718,718,716,715,720,716,714,715,714,714,714,713,714,716,711,712,713,710,705,703,700,697,692,688,685,677,667,662,655,646,634,626,617,609,601,595,587,579,567,560,554,541,525,514,503,490,480,466,456,443,429,416,403,387,371,359,346,332,320,309,303,296,289,279,273,269,263,259,255,253,250,248,249,248,244,240,240,240,236,236,234,232,231,231,233,233,229,228,230,229,228,226,224,225,223,224,226,223,222,221,224,221,223,217,218,216,215,214,215,213,214,212,213,213,208,207,206,204,203,201,201,203,201,202,198,199,196,193,193,192,191,191,191,191,192,190,188,187,188,185,186,183