

[21:23:20.097]发→◇G
□
[21:23:21.044]收←◆173,176,176,172,171,171,170,172,172,172,173,177,174,177,177,174,174,174,174,174,175,176,177,179,180,182,182,179,179,178,178,178,179,178,177,179,184,184,184,189,196,204,213,227,243,260,280,298,321,334,350,370,384,397,410,425,438,452,466,482,497,507,521,534,543,551,563,572,581,590,596,605,613,615,620,626,626,626,630,632,638,641,647,654,662,668,677,680,685,690,694,697,699,703,706,708,709,713,714,711,714,712,711,709,709,708,706,707,702,706,703,698,700,696,692,688,684,683,681,680,678,680,675,672,672,669,660,656,653,648,645,641,637,636,626,620,617,608,599,591,585,578,571,564,562,557,546,542,537,526,517,509,501,494,485,477,470,464,454,446,433,419,408,397,384,373,362,350,341,328,322,310,300,290,279,273,264,260,256,251,247,245,246,240,238,238,237,232,230,228,226,226,225,227,228,223,224,225,224,220,219,218,217,218,215,220,220,218,218,219,216,214,212,212,212,211,212,212,214,210,212,210,207,205,204,203,204,200,201,203,202,202,203,200,196,194,193,193,191,191,190,189,188,192,191,189,189,185,185,184,184,183,182,182,183,184



[21:23:22.094]发→◇G
□
[21:23:23.037]收←◆174,175,175,175,172,173,171,171,171,171,173,175,175,175,177,174,174,174,174,176,175,176,176,180,179,175,182,183,180,180,178,178,179,179,177,181,182,180,187,190,194,203,215,229,244,261,279,301,318,332,353,370,381,397,413,423,439,453,466,481,496,507,522,535,544,552,563,571,581,587,595,603,609,615,619,625,625,627,630,631,636,640,645,652,658,664,672,680,684,690,696,697,699,704,705,709,707,708,709,715,713,715,713,711,708,708,706,705,704,702,699,701,699,695,693,688,685,683,679,678,676,676,673,673,670,665,661,660,653,648,644,639,636,631,624,623,616,606,600,593,584,578,570,565,559,553,546,540,535,524,517,511,501,493,485,477,467,460,451,438,432,419,408,396,384,372,362,351,340,331,319,303,301,292,280,272,265,259,254,251,247,248,245,238,241,240,234,233,232,228,227,225,224,226,226,222,226,224,220,220,222,219,218,217,218,219,220,219,218,219,214,214,213,212,211,210,211,210,210,210,210,211,207,206,204,203,201,202,202,200,203,200,196,199,198,195,194,192,193,191,191,190,191,191,185,190,190,187,185,186,183,183,183,183,184,184



[21:23:24.098]发→◇G
□
[21:23:25.041]收←◆175,175,176,174,175,173,171,172,171,171,172,171,173,175,176,177,180,174,175,175,176,175,176,176,178,182,182,182,184,181,178,178,178,179,177,179,180,183,187,190,198,206,215,227,244,262,278,297,314,337,354,370,384,399,410,424,439,453,466,479,490,510,524,536,547,555,563,573,580,589,594,603,607,614,622,624,629,630,630,634,636,640,645,652,656,666,675,682,687,694,693,697,699,704,705,708,709,713,713,714,714,714,711,710,709,707,705,706,704,705,702,702,699,697,693,689,685,683,680,678,676,674,676,675,672,670,663,657,653,650,644,640,634,628,628,622,617,610,602,593,585,579,571,564,557,550,547,543,536,529,521,509,501,493,486,478,468,459,451,444,434,423,413,397,385,373,362,350,338,328,319,311,299,291,282,274,266,260,255,251,246,245,242,243,242,240,236,234,230,229,228,227,224,224,222,225,225,225,224,224,219,218,218,218,216,216,213,217,219,218,217,217,212,213,211,209,210,209,208,209,210,211,209,210,205,204,201,201,201,200,199,199,201,200,200,200,193,193,191,190,191,188,188,188,190,192,190,189,188,185,182,183,182,182,180,182



[21:23:26.096]发→◇G
□
[21:23:27.039]收←◆174,176,176,175,172,173,171,172,172,172,171,175,176,177,178,176,176,177,174,175,176,177,176,179,179,182,183,182,180,181,179,178,178,177,178,179,181,184,188,191,196,203,214,228,243,260,278,298,318,333,353,369,381,398,409,424,437,451,466,478,495,507,523,534,546,553,561,571,580,587,595,601,610,615,620,624,626,628,631,632,635,639,643,649,659,664,673,679,686,690,695,696,699,702,705,708,708,710,712,714,713,714,713,709,709,707,706,706,703,704,701,700,699,694,693,686,685,682,679,677,676,675,671,673,671,665,662,656,651,648,643,638,634,630,624,621,615,608,599,593,583,577,570,563,557,552,546,542,534,527,517,511,500,493,483,475,467,461,450,444,433,422,408,399,384,372,361,351,338,331,319,309,300,289,280,272,266,260,254,250,248,245,244,244,240,239,235,232,230,229,228,227,224,224,226,222,225,224,223,219,219,218,218,217,216,216,217,217,218,218,218,214,214,212,211,210,210,211,211,211,212,210,209,206,208,202,203,201,201,200,202,201,202,200,200,195,194,193,191,190,190,189,189,191,191,190,189,186,186,184,184,183,182,181,181,183



[21:23:28.096]发→◇G
□
[21:23:29.042]收←◆175,175,175,174,175,171,171,172,171,172,171,171,174,176,177,177,178,174,175,175,174,175,175,176,178,181,182,183,182,180,178,178,178,178,179,177,178,184,187,192,199,206,214,227,243,260,279,296,315,337,353,369,385,399,410,423,439,451,465,478,492,511,522,533,545,556,563,572,580,588,594,602,606,615,621,624,627,630,628,632,636,640,643,650,657,663,674,681,686,692,693,697,700,704,706,708,707,708,712,713,713,714,711,709,709,708,707,706,705,701,703,702,700,695,693,686,683,683,680,678,674,673,676,673,670,668,665,655,651,647,644,639,632,628,627,622,615,611,603,591,585,577,571,563,557,550,547,541,536,528,520,508,502,493,484,476,467,458,450,443,432,422,411,397,384,372,361,351,338,327,317,310,300,292,282,272,265,259,255,251,247,245,242,244,241,239,237,235,231,229,226,227,224,223,224,227,227,224,224,224,219,218,218,217,216,216,216,219,218,219,217,217,213,211,212,211,210,209,209,211,211,210,209,209,205,204,203,201,201,199,198,198,200,199,199,198,193,193,192,190,189,189,188,188,192,190,190,188,188,186,182,183,184,181,180,182
