
[21:24:47.062]发→◇G
□
[21:24:48.009]收←◆173,173,175,176,173,172,176,176,172,175,175,173,173,174,176,176,175,175,179,182,176,175,179,178,177,180,180,183,179,181,184,185,179,178,182,180,181,183,184,191,198,204,220,235,247,264,286,305,323,343,361,382,399,411,429,450,461,476,493,509,522,535,548,567,580,589,599,617,622,632,641,649,653,657,663,669,673,676,679,687,690,691,697,704,703,707,709,713,713,714,715,719,718,714,714,720,718,717,716,717,717,718,717,720,720,716,715,720,715,715,713,715,716,714,714,716,716,714,713,717,716,711,711,709,709,707,706,705,708,703,700,701,696,689,684,680,674,669,660,651,650,638,630,623,616,605,598,590,585,576,565,557,555,547,529,520,513,498,487,475,464,454,440,427,419,408,389,372,363,350,335,324,312,304,293,283,281,276,267,260,259,255,252,249,245,247,244,240,240,240,234,233,233,235,229,230,228,232,230,226,223,230,225,225,225,225,222,222,222,224,224,219,218,223,221,217,217,217,215,214,213,214,215,212,211,214,214,206,204,205,204,202,202,202,203,198,199,200,199,194,193,193,192,191,190,190,192,191,190,190,190,186,185,185,185,184



[21:24:49.065]发→◇G
□
[21:24:50.012]收←◆172,172,174,172,172,178,177,172,172,177,175,174,172,173,174,173,176,179,179,176,177,182,180,179,177,179,179,180,179,182,185,180,179,185,186,180,180,180,185,188,195,204,222,232,246,269,289,304,323,342,361,380,396,412,433,449,461,479,498,507,522,536,550,563,576,589,607,620,623,631,647,649,654,657,663,668,671,677,685,689,687,693,700,702,704,707,710,711,715,713,718,718,714,715,718,723,717,716,716,717,717,718,716,720,716,716,719,719,714,714,714,716,716,714,714,716,714,714,716,715,712,711,710,709,710,709,706,709,710,703,702,703,695,690,685,680,672,666,660,657,652,638,631,627,617,607,599,590,583,574,567,563,554,540,532,527,513,500,488,476,465,453,440,430,421,402,389,380,368,349,336,324,313,301,292,282,283,272,265,265,262,255,252,248,245,243,240,240,242,241,236,237,236,233,230,230,229,228,228,226,232,232,224,223,227,225,222,222,222,221,219,219,224,223,217,217,220,218,215,214,213,213,211,210,214,214,208,208,211,210,204,202,202,202,199,199,197,202,196,195,200,199,192,192,191,189,189,189,186,193,187,187,190,189,183,183



[21:24:51.066]发→◇G
□
[21:24:52.011]收←◆174,173,171,172,175,177,174,171,175,178,175,173,173,174,173,175,174,175,177,175,179,180,180,177,178,178,179,179,181,182,183,180,181,182,181,179,180,183,184,188,195,208,220,235,247,268,286,304,322,342,360,378,395,416,433,447,460,477,495,506,521,535,549,564,575,592,607,615,622,635,644,647,654,659,662,668,671,676,682,687,687,692,701,705,703,707,709,710,713,714,713,719,716,716,718,719,717,715,715,717,719,716,717,719,718,717,717,719,715,715,714,715,716,714,714,716,717,715,713,717,711,711,710,709,709,707,707,710,708,704,702,702,695,689,684,678,672,667,661,658,647,638,634,627,617,605,599,590,583,574,566,560,552,540,533,527,513,500,488,476,464,452,439,429,417,401,390,379,364,349,336,323,312,302,292,288,281,275,267,264,260,253,251,249,245,243,241,243,242,239,236,235,235,231,231,229,228,227,227,230,230,228,224,226,226,223,221,222,221,221,220,220,223,221,218,220,221,220,216,213,213,212,212,210,210,211,207,210,210,208,205,202,203,202,199,199,199,199,198,196,197,195,192,192,191,189,188,188,190,192,190,185,187,186,184,184



[21:24:53.063]发→◇G
□
[21:24:54.009]收←◆174,172,172,172,174,176,173,173,179,179,172,171,174,174,174,173,175,177,175,176,181,182,177,176,179,178,178,179,181,184,183,180,180,185,178,179,182,184,186,189,196,208,219,231,246,270,285,303,326,345,359,377,395,413,430,445,458,481,492,504,523,537,548,562,575,588,603,609,620,636,644,645,653,659,661,667,671,674,681,682,686,695,700,701,702,710,711,711,713,714,716,713,714,717,717,718,716,718,717,717,717,718,716,716,717,718,717,716,714,718,717,715,715,714,713,712,714,713,717,714,712,714,713,708,709,707,706,705,705,703,703,700,692,690,686,678,671,665,659,653,644,637,635,629,612,603,600,591,581,572,565,560,548,539,535,525,508,497,489,477,464,453,439,429,416,400,390,380,363,347,337,326,312,300,292,286,281,272,265,267,258,253,254,252,245,242,241,242,241,236,232,238,234,230,232,230,229,227,227,228,230,224,224,229,230,224,222,222,223,221,220,221,222,219,218,221,223,216,212,217,213,213,211,211,212,212,207,212,210,204,202,204,204,201,200,199,200,199,195,195,198,194,192,193,194,191,188,190,191,191,186,184,190,186,183,184



[21:24:55.066]发→◇G
□
[21:24:56.011]收←◆174,173,172,173,173,172,174,175,178,173,174,177,178,173,173,175,174,174,176,177,181,176,177,183,183,178,179,179,181,179,179,179,184,182,180,183,184,183,186,188,195,204,215,231,251,270,284,304,329,343,360,379,394,411,428,445,466,481,492,507,526,536,549,562,577,587,601,611,627,637,639,646,658,662,663,666,670,676,677,684,686,696,695,700,707,711,710,711,712,714,714,714,712,719,716,717,719,718,716,716,717,717,716,716,716,719,719,716,714,718,715,716,715,715,715,712,712,717,716,713,711,715,712,708,709,709,707,706,705,705,704,698,694,694,685,679,673,665,659,652,645,640,634,622,614,612,603,590,582,573,566,557,549,540,537,521,509,505,494,477,465,453,439,426,413,401,392,377,361,352,339,324,313,300,293,285,277,272,269,266,257,253,254,248,245,243,242,238,238,237,240,239,232,231,235,231,229,228,226,227,224,224,229,229,223,224,226,225,222,220,219,219,218,219,219,222,217,215,220,218,215,212,211,211,209,208,207,212,207,206,207,208,202,200,199,199,198,197,195,199,199,193,194,196,191,190,189,188,189,187,186,190,190,186,185,189