

[21:26:01.250]发→◇G
□
[21:26:02.195]收←◆175,171,172,172,171,172,172,175,173,172,174,177,177,173,173,174,173,174,176,176,178,177,178,182,179,179,180,181,182,182,180,182,182,181,180,181,183,183,187,192,199,210,222,240,259,281,295,315,336,354,371,388,405,424,438,457,474,489,500,517,533,544,557,570,583,594,607,618,630,637,643,651,661,664,666,669,672,676,679,684,687,694,695,700,707,709,708,711,712,713,714,712,710,717,714,716,716,718,716,716,716,716,717,714,715,717,714,716,712,716,713,715,714,713,712,712,711,716,718,711,710,712,708,707,706,704,702,701,700,700,697,692,686,685,677,669,663,655,649,640,635,630,620,611,605,600,591,579,571,564,556,547,538,530,522,511,503,493,480,466,454,442,430,418,405,393,381,367,354,345,330,316,305,294,286,278,271,269,264,257,251,249,247,243,241,239,237,235,233,235,235,233,229,230,229,227,224,224,224,222,221,225,226,222,220,222,223,220,219,217,217,218,216,217,218,214,213,214,215,214,210,210,208,208,207,206,206,205,203,203,206,202,200,199,197,198,197,194,195,194,193,191,193,192,190,189,188,187,185,187,188,187,189,184,183,183



[21:26:03.251]发→◇G
□
[21:26:04.195]收←◆174,172,171,171,173,173,171,177,174,173,174,177,177,174,173,174,176,174,175,176,181,177,178,181,181,180,181,180,181,180,182,182,185,181,182,184,183,185,186,192,198,209,222,240,260,277,295,316,338,353,372,390,407,422,439,456,475,489,500,518,533,544,555,569,582,593,605,616,632,637,642,651,661,663,665,668,671,675,680,684,689,694,695,700,706,711,709,710,712,713,714,713,712,716,714,716,718,717,715,718,717,717,716,715,715,717,715,714,715,715,714,714,713,712,712,711,713,716,718,711,707,712,709,706,706,704,702,702,699,701,698,690,686,686,675,668,662,655,648,641,633,631,621,609,605,600,589,580,571,563,554,547,538,532,522,510,499,493,483,467,454,442,430,418,405,393,384,368,354,346,330,317,306,296,286,278,271,269,264,258,254,252,247,243,241,239,236,235,234,235,235,234,229,227,230,225,225,224,223,224,222,223,225,223,220,223,224,219,219,218,217,216,216,216,218,215,214,214,217,214,211,210,208,208,208,207,205,207,204,203,206,204,199,200,197,197,195,195,194,197,192,191,193,193,189,188,188,187,187,187,186,189,185,183,183,183



[21:26:05.250]发→◇G
□
[21:26:06.197]收←◆174,173,173,173,172,171,173,175,174,175,175,176,174,175,174,174,174,175,175,179,178,178,179,181,181,180,181,180,181,181,182,184,183,183,180,183,183,187,188,192,199,209,223,239,256,276,296,317,336,356,370,389,405,422,438,456,472,487,501,518,529,544,555,569,582,594,606,616,629,637,647,651,657,662,664,667,671,675,680,684,687,694,698,700,703,709,710,709,711,713,713,714,713,718,717,715,715,719,720,718,717,717,716,715,716,714,715,716,714,717,716,714,715,713,713,712,711,712,714,711,709,711,710,707,706,704,703,702,699,698,697,693,686,680,677,668,662,655,649,641,633,629,622,614,606,595,589,579,571,562,554,546,538,532,522,513,501,491,481,468,454,443,429,417,406,395,384,370,353,344,331,321,306,295,285,278,272,269,260,256,252,252,248,247,241,240,236,234,233,235,231,230,229,230,229,227,225,224,223,223,222,223,223,221,223,222,219,220,219,217,217,216,216,216,219,214,218,214,215,213,212,210,209,208,207,207,208,207,204,204,204,203,201,198,198,196,195,195,197,195,193,191,194,193,192,188,186,187,186,185,187,184,185,183,184,183



[21:26:07.253]发→◇G
□
[21:26:08.200]收←◆174,173,172,173,171,172,172,176,175,172,173,179,177,174,174,175,174,175,174,179,179,178,180,181,182,179,180,180,180,181,180,182,184,180,180,183,186,184,187,191,200,210,222,240,262,276,293,317,339,354,372,389,406,422,439,455,476,489,500,518,533,543,556,569,581,594,606,618,631,639,643,653,662,661,666,669,672,676,679,684,689,694,695,703,709,706,709,710,711,714,714,712,716,713,713,719,719,715,716,715,716,716,715,716,718,716,714,713,716,713,712,714,713,712,713,711,714,717,711,711,712,710,708,706,705,705,702,703,702,702,695,692,689,684,676,670,664,655,650,641,636,632,623,611,606,603,589,579,572,563,556,548,536,534,524,511,502,494,481,467,456,443,431,418,405,395,383,367,354,346,331,318,305,295,287,277,273,268,268,258,249,251,249,245,240,239,236,235,233,233,236,233,228,229,230,226,225,224,223,223,222,224,225,223,221,219,224,219,219,218,217,218,217,215,218,217,214,213,220,214,211,209,208,208,207,204,207,207,205,204,204,204,199,198,197,197,195,194,195,196,192,189,195,193,190,188,187,186,187,185,186,191,185,181,185,185



[21:26:09.252]发→◇G
□
[21:26:10.195]收←◆173,176,171,171,172,172,175,172,169,175,175,172,174,175,174,175,175,175,177,179,175,178,181,179,178,180,180,181,180,181,183,184,180,182,186,180,178,185,186,191,198,210,226,241,257,277,301,316,335,355,371,387,405,422,439,457,469,486,504,517,529,545,556,569,581,594,604,618,625,635,646,651,654,661,668,667,671,674,679,683,686,689,698,701,703,707,710,711,713,712,714,714,712,714,718,716,715,715,718,716,715,715,716,716,715,714,716,718,714,713,715,715,714,713,713,711,711,712,715,716,710,709,710,707,706,704,703,701,698,696,697,693,686,680,676,673,662,655,648,640,636,625,618,613,605,594,588,582,570,563,555,546,541,530,517,513,503,488,478,467,455,442,430,418,407,396,378,368,357,341,327,318,305,295,285,278,275,268,260,257,259,250,245,244,242,238,237,234,237,234,230,230,235,229,226,225,225,223,224,223,224,224,222,221,224,222,219,220,221,219,216,216,217,219,215,211,217,216,212,211,212,209,208,209,207,209,208,202,204,205,201,202,202,198,198,197,195,198,198,193,193,197,191,187,190,189,189,186,186,189,187,184,184,190,183,181