
[20:30:58.314]发→◇G
□
[20:30:59.257]收←◆188,190,189,189,192,188,187,186,185,186,187,188,188,193,192,193,196,195,194,197,196,198,199,200,202,206,208,210,213,209,210,209,212,207,207,210,212,218,229,241,264,291,326,372,423,477,532,596,674,690,696,697,701,706,707,708,707,707,707,708,709,710,712,711,710,716,715,715,715,714,714,715,715,715,716,716,714,719,718,718,716,718,717,719,717,718,717,717,718,721,722,721,720,718,717,718,717,719,718,718,720,722,721,720,720,721,717,718,717,716,716,716,717,720,719,718,719,721,718,716,715,715,714,713,715,717,716,718,718,718,715,715,713,714,714,713,714,713,717,716,715,712,708,708,709,708,708,708,708,710,713,712,711,710,706,707,707,706,704,704,703,702,704,703,702,703,699,695,692,686,668,628,592,561,537,512,490,473,460,442,432,422,413,408,402,394,389,382,376,373,368,361,361,356,353,354,351,349,346,347,341,339,337,335,332,333,330,332,330,329,323,326,321,318,316,314,312,309,307,306,307,303,300,300,293,292,288,284,282,279,275,274,272,269,266,266,259,255,251,249,245,243,242,240,242,239,236,235,230,227,224,225,221,218,217,216



[20:31:00.318]发→◇G
□
[20:31:01.264]收←◆172,172,172,176,176,175,174,174,173,172,172,172,170,173,174,176,177,177,177,179,176,177,176,176,176,178,180,181,184,182,184,184,180,181,181,180,180,184,186,191,202,214,225,241,260,280,300,320,341,364,384,404,425,444,459,477,490,507,524,539,555,572,589,603,621,636,644,656,663,672,679,686,690,696,700,703,705,708,708,709,709,713,712,714,715,716,719,719,720,718,718,717,715,716,716,719,718,717,720,721,721,722,719,717,717,717,717,717,715,716,718,721,719,719,717,717,715,717,717,717,715,716,716,716,717,718,715,714,713,712,711,710,708,708,706,703,700,696,693,682,676,667,656,648,640,632,624,616,608,603,596,584,575,563,552,540,529,517,504,495,484,473,461,445,433,419,401,387,373,359,344,333,322,312,305,294,287,281,271,266,263,257,253,254,250,248,248,246,244,242,238,235,234,235,232,232,233,231,234,236,231,230,227,226,226,225,224,223,223,224,226,228,223,223,221,219,218,216,215,215,215,215,217,216,215,212,211,208,206,206,205,200,203,202,204,202,200,200,199,195,194,192,190,189,190,192,191,193,191,190,190,186,185,183,182,182



[20:31:02.318]发→◇G
□
[20:31:03.263]收←◆175,175,177,177,173,171,172,172,171,173,172,172,172,176,177,178,175,173,174,176,175,175,176,177,179,181,182,182,181,180,179,179,178,180,180,181,182,186,190,194,203,209,224,239,256,278,298,321,344,366,387,407,425,440,455,471,489,505,522,539,555,576,590,605,620,631,639,650,659,670,677,684,689,696,701,703,705,707,706,708,708,712,713,714,715,715,720,718,720,720,718,716,717,716,717,718,717,716,719,722,722,721,718,719,716,717,716,717,716,716,718,719,720,718,716,714,716,716,715,715,716,715,717,715,716,717,715,713,712,712,711,710,707,706,707,704,701,696,689,679,670,663,654,646,639,631,628,620,611,603,591,579,569,561,549,539,529,518,506,498,485,473,456,441,426,412,401,385,372,359,347,337,323,313,302,291,283,276,271,267,261,259,258,255,255,250,248,245,240,238,237,235,234,234,235,237,234,233,235,231,229,227,226,226,226,224,226,229,226,227,227,224,220,221,220,218,217,217,215,217,219,218,215,212,211,209,208,208,206,205,204,204,206,204,204,200,198,197,196,194,193,192,192,192,194,194,193,190,187,187,187,186,184,183,183,185



[20:31:04.312]发→◇G
□
[20:31:05.257]收←◆175,176,174,175,173,174,174,174,171,172,173,174,174,175,176,175,175,174,175,177,175,175,176,177,181,181,182,180,182,180,180,180,178,179,180,181,183,186,189,194,204,211,222,238,258,277,300,321,345,364,385,404,424,438,455,472,489,504,522,537,554,571,587,601,617,627,639,653,663,669,677,683,689,694,697,700,705,706,708,710,710,712,713,714,715,715,717,716,715,719,720,720,719,717,716,718,718,716,717,718,717,721,721,720,720,718,716,718,715,716,714,717,716,719,719,718,720,718,717,716,715,714,714,713,714,715,716,716,715,715,711,711,707,706,703,702,697,695,688,680,673,664,653,645,638,629,624,615,607,602,589,581,570,560,550,537,527,516,507,495,482,468,457,441,428,416,399,385,373,358,348,335,322,309,301,290,283,276,269,266,261,259,257,255,251,249,249,242,241,240,237,235,235,233,235,235,233,234,234,229,228,228,227,225,224,225,226,227,226,225,226,223,221,221,222,219,217,217,217,219,217,217,216,213,210,210,209,207,205,205,205,205,206,204,200,201,199,196,195,194,194,192,192,193,194,193,189,189,189,186,187,186,184,185,184,186



[20:31:06.311]发→◇G
□
[20:31:07.256]收←◆171,172,173,175,176,175,175,173,172,171,172,172,173,173,174,174,179,177,178,177,174,175,176,176,178,179,179,180,184,184,184,181,181,180,179,180,180,184,186,192,203,212,226,242,257,277,299,320,341,361,381,404,423,441,461,477,491,504,522,538,553,568,584,600,617,631,644,656,664,671,677,684,688,692,698,699,702,708,710,711,711,710,712,715,714,715,716,716,715,719,721,719,719,716,717,717,717,716,717,719,719,721,720,720,720,716,717,717,716,715,715,716,716,720,719,719,719,718,718,717,716,714,714,714,713,717,716,716,716,715,711,710,707,705,704,701,696,695,690,685,676,668,655,646,637,629,621,612,605,600,594,583,574,562,550,539,529,516,504,493,481,468,459,447,432,416,401,385,371,359,344,332,321,312,302,293,287,278,271,266,262,258,254,252,249,249,249,248,244,242,238,235,235,233,232,233,230,232,234,233,232,232,230,226,225,224,224,224,223,224,225,225,224,224,222,218,219,216,216,216,214,213,216,215,214,215,209,207,206,205,205,202,202,201,199,202,201,201,197,194,193,191,191,192,190,189,191,191,190,192,189,186,184,184,182,182



[20:31:08.318]发→◇G
□
[20:31:09.263]收←◆173,172,173,175,174,177,175,172,172,172,173,173,172,172,174,175,177,178,177,176,176,175,176,177,179,178,180,183,183,182,183,183,181,181,179,181,183,184,188,195,202,213,226,242,258,280,298,320,344,363,384,406,423,441,459,478,490,506,522,537,555,573,588,604,618,631,645,655,662,672,678,685,694,696,700,704,702,707,707,709,709,713,712,714,718,717,719,719,719,719,717,717,715,715,717,718,720,720,720,721,721,718,719,717,718,716,715,717,717,719,718,721,720,717,716,716,715,716,717,717,716,717,718,716,717,715,713,714,713,711,710,710,706,709,706,705,700,694,690,683,675,664,657,647,639,635,625,618,610,601,592,585,575,561,551,540,529,521,509,495,484,472,459,447,432,416,401,386,373,359,348,334,322,315,303,294,286,280,271,265,261,259,255,253,249,252,249,246,244,242,239,236,234,233,234,233,231,234,233,233,232,230,226,226,224,221,224,224,224,225,225,224,224,223,220,220,218,216,217,215,216,214,216,215,213,213,209,207,206,204,206,203,202,202,204,202,202,200,197,195,193,191,192,191,190,191,195,192,190,190,188,185,184,183,184,183


