[20:33:03.329]发→◇G
□
[20:33:04.273]收←◆173,173,174,172,172,172,174,177,178,177,177,177,178,177,179,179,180,180,181,185,186,186,186,186,186,187,188,186,186,188,188,189,189,188,187,189,186,188,193,197,207,222,240,264,287,313,340,369,393,417,442,464,484,505,526,546,567,587,607,626,641,657,673,688,695,703,707,711,711,713,715,719,720,720,720,720,716,717,718,718,716,717,716,719,722,723,723,723,720,719,719,719,717,718,718,720,722,723,722,723,722,720,720,720,718,719,716,719,720,720,720,722,719,718,717,716,716,719,718,719,719,719,720,718,719,715,716,716,717,715,716,716,716,718,715,717,716,710,709,707,704,699,694,687,683,673,664,655,645,634,624,613,604,596,585,573,559,548,535,520,505,488,474,459,445,434,418,401,385,372,356,340,327,315,303,293,286,284,277,272,267,265,258,256,251,249,245,244,244,243,243,241,241,240,237,236,233,233,230,230,230,230,233,232,232,229,228,226,226,227,223,223,224,223,226,225,224,224,220,219,217,216,214,214,213,213,214,213,212,208,209,206,205,204,201,200,199,199,201,199,199,196,197,193,192,190,189,190,190,188,190,190,188,187,189,184



[20:33:05.330]发→◇G
□
[20:33:06.275]收←◆176,176,174,172,173,175,174,174,173,172,179,181,181,181,178,178,180,179,181,181,182,183,188,188,189,192,187,188,187,187,186,186,184,184,188,188,190,193,194,198,208,221,238,260,284,311,342,370,395,422,449,463,485,507,527,547,565,584,608,628,645,663,679,686,697,704,709,710,711,714,717,719,720,721,721,719,718,718,718,717,716,719,717,723,722,722,723,721,721,720,718,718,717,718,718,722,722,722,722,720,721,719,719,719,719,718,717,720,720,721,720,721,720,717,717,717,717,718,719,720,720,720,719,719,716,716,716,716,715,717,716,718,717,716,717,717,713,711,711,708,703,699,692,686,684,676,668,659,646,635,624,615,606,594,582,569,563,551,538,523,506,491,476,461,447,431,415,399,388,373,359,344,328,316,305,295,286,279,274,269,268,265,260,258,256,249,246,243,244,241,239,239,241,239,239,239,240,232,232,231,231,230,229,228,230,230,231,229,232,226,225,224,223,222,221,221,217,224,223,222,221,216,216,214,214,211,211,210,207,211,212,210,208,203,202,201,199,198,198,196,196,198,199,198,196,193,191,190,189,189,187,186,185,189,187,186



[20:33:07.329]发→◇G
□
[20:33:08.274]收←◆177,173,173,173,172,173,173,173,175,177,178,180,180,177,180,178,178,179,180,181,182,185,188,189,190,189,190,186,186,186,186,185,185,188,187,188,189,191,192,198,208,221,239,260,284,312,339,369,397,423,444,463,484,507,526,545,564,585,605,627,644,661,674,687,696,703,708,710,713,713,716,719,720,719,721,719,716,719,718,717,716,718,718,722,721,722,721,721,720,720,719,718,717,718,718,723,721,723,721,725,720,720,720,719,718,718,719,720,721,720,719,721,719,717,718,716,716,718,717,716,719,720,719,719,716,716,715,715,715,715,716,715,717,718,717,716,712,713,709,707,703,698,692,689,685,675,669,656,644,634,624,614,604,593,584,573,563,552,538,522,506,490,475,460,445,430,415,401,389,374,358,342,330,315,305,294,287,280,274,271,267,266,262,259,252,250,247,244,244,241,240,241,236,240,238,239,234,233,233,231,230,230,229,228,229,231,232,231,226,226,224,223,223,223,221,221,223,224,222,221,218,218,215,214,214,213,212,211,212,212,210,211,206,207,201,201,201,198,197,196,198,198,198,196,195,194,190,189,190,187,188,187,189,187,189,188



[20:33:09.328]发→◇G
□
[20:33:10.273]收←◆177,177,175,172,174,173,172,174,175,177,177,180,179,181,179,179,179,180,180,182,183,185,184,190,190,190,187,186,187,188,187,186,187,185,185,190,189,190,192,199,207,221,238,261,285,312,340,369,396,421,443,465,486,506,526,545,566,584,607,627,645,661,675,687,698,704,708,710,713,715,715,719,719,721,720,720,717,718,718,717,716,719,719,721,723,722,723,722,719,720,720,720,718,719,718,719,722,723,722,723,720,720,720,719,720,718,718,719,720,720,718,722,719,717,718,716,716,718,718,719,719,720,719,719,718,716,715,716,715,716,716,715,717,718,717,716,714,711,709,706,704,699,693,689,683,676,668,659,648,635,625,616,604,595,583,573,562,552,538,526,507,491,476,461,446,429,414,401,385,373,358,345,328,315,304,296,286,281,273,270,267,264,263,259,254,249,246,244,242,241,239,238,241,240,238,237,235,234,231,231,232,229,230,230,230,232,231,230,228,227,225,223,223,222,222,222,223,224,223,222,222,220,215,214,213,212,212,212,211,211,211,210,210,206,201,201,201,198,197,197,195,196,197,197,197,192,191,189,188,189,188,186,185,187,187,188



[20:33:11.333]发→◇G
□
[20:33:12.276]收←◆176,176,172,172,173,174,173,172,175,177,179,179,180,180,178,178,179,180,180,181,183,183,188,189,193,189,188,188,187,188,186,185,186,186,188,190,190,191,193,199,209,221,239,259,284,313,342,369,396,421,445,465,486,508,526,546,565,589,609,628,646,659,675,686,698,704,708,710,711,717,717,720,720,717,718,717,717,717,718,718,716,722,721,723,721,721,720,719,719,720,719,718,718,721,722,724,723,722,719,720,719,720,719,719,720,722,720,722,722,722,718,719,719,718,719,717,717,719,720,721,720,720,716,716,715,715,715,716,715,715,719,718,717,717,714,713,712,712,710,707,703,699,695,690,684,677,668,657,646,636,627,615,606,595,586,574,564,552,537,523,505,491,476,460,445,430,417,401,389,373,362,343,327,315,305,295,286,279,275,271,269,266,263,259,253,250,247,245,242,240,236,239,241,240,240,238,236,234,232,231,231,228,227,229,232,231,231,230,229,226,225,224,224,223,221,221,222,224,222,221,220,217,215,214,213,211,210,211,209,211,211,209,208,203,204,202,199,198,196,197,196,198,197,199,194,192,191,191,189,187,187,187,186,190,188,189



[20:33:13.330]发→◇G
□
[20:33:14.274]收←◆173,174,172,174,174,173,173,177,177,177,178,179,178,176,178,178,179,180,180,185,186,187,189,189,186,186,188,186,188,186,188,186,188,187,188,188,188,189,195,197,209,221,240,261,289,313,339,370,393,419,442,463,484,505,526,546,568,587,604,627,641,657,672,685,695,703,707,710,711,714,715,721,721,719,719,718,716,717,717,717,716,718,718,721,722,722,723,720,719,719,719,718,718,720,719,723,722,723,723,723,721,720,720,719,719,718,717,722,720,721,721,721,720,719,719,716,717,719,717,718,720,720,719,718,717,716,716,717,715,715,716,716,717,718,716,717,713,711,710,706,704,698,693,687,684,675,665,655,644,635,624,615,605,595,586,574,564,551,535,520,504,489,475,460,446,433,418,402,388,372,356,340,330,313,303,294,287,279,277,273,269,265,260,255,254,249,247,246,242,242,243,240,239,240,236,234,233,232,231,231,230,231,232,231,228,230,228,228,226,224,224,225,224,223,225,224,223,224,222,218,218,215,214,214,213,213,215,213,213,214,210,207,205,204,201,201,200,199,200,200,198,199,197,195,194,194,189,189,188,188,189,190,188,189,188,184
