[20:35:23.160]发→◇G
□
[20:35:24.103]收←◆170,171,171,176,174,176,174,173,171,172,171,171,170,171,172,175,176,176,176,174,174,175,174,175,175,173,178,182,182,182,181,183,179,180,179,182,181,182,189,195,206,217,232,249,266,286,308,330,351,371,394,414,434,454,472,488,502,520,538,556,576,597,615,633,653,671,683,687,695,701,705,709,712,713,716,718,719,721,723,718,716,719,719,720,720,721,722,723,724,723,723,721,719,720,720,722,721,721,720,724,726,725,724,721,720,719,719,720,719,719,718,723,722,722,723,720,719,721,720,721,718,719,718,720,721,720,722,720,717,719,719,718,717,717,717,720,719,719,720,717,713,709,704,702,696,691,684,678,670,667,657,649,635,622,610,597,585,571,558,547,533,524,509,494,478,461,444,428,411,395,379,362,353,344,333,324,314,306,295,289,285,280,275,270,269,268,267,264,262,259,255,253,251,249,246,245,245,245,246,246,247,244,240,239,238,236,235,233,235,234,235,237,239,235,231,229,227,226,226,224,224,223,226,225,225,221,217,216,214,212,210,210,208,208,211,210,208,206,203,201,200,198,197,196,192,196,197,196,196,194,193,190,189,188,187,186



[20:35:25.164]发→◇G
□
[20:35:26.111]收←◆177,179,181,177,178,175,174,174,174,173,174,174,176,180,179,178,179,177,176,177,177,177,176,179,182,184,185,184,185,184,183,182,181,182,180,185,185,191,195,200,210,220,232,250,268,289,309,333,355,379,401,418,436,455,469,487,505,521,539,559,577,597,615,630,644,658,669,679,689,698,703,711,713,717,717,719,715,716,716,717,716,719,718,723,723,723,725,723,722,720,721,719,717,719,719,721,723,723,723,724,722,722,722,720,721,719,719,718,721,721,722,723,720,719,719,718,719,720,719,719,721,721,719,720,719,718,717,718,717,718,717,717,720,720,719,719,719,716,715,713,711,707,704,701,699,695,690,683,676,662,654,640,630,620,608,597,585,574,563,551,539,520,506,489,474,457,441,425,410,396,381,369,355,342,330,318,309,300,295,287,279,279,276,275,273,268,266,261,258,256,252,252,249,250,249,250,249,247,247,247,242,240,239,237,236,237,236,239,239,239,237,236,231,230,230,227,226,226,226,227,228,229,226,225,220,218,216,216,213,214,212,212,214,214,211,209,204,203,201,199,198,196,199,197,200,198,197,196,193,191,190,188,188,184,188,188



[20:35:27.160]发→◇G
□
[20:35:28.108]收←◆178,177,175,176,174,174,173,173,173,174,176,177,179,178,175,176,175,175,176,176,176,177,180,180,182,183,181,181,182,182,182,181,182,183,186,185,188,192,191,197,205,216,231,248,267,289,313,335,360,379,397,415,432,449,467,486,503,520,541,559,578,596,612,626,642,652,665,678,688,698,703,708,714,715,718,717,718,716,717,717,715,719,718,719,721,723,723,722,723,721,720,720,718,719,720,721,719,723,723,725,724,722,721,721,720,720,719,720,718,722,722,722,723,719,719,718,719,720,720,719,718,722,721,721,722,719,717,718,717,718,717,718,716,719,718,719,718,719,716,712,710,707,703,700,696,694,687,681,670,660,646,637,628,616,606,594,585,575,562,550,533,517,500,485,470,456,441,424,413,394,383,367,351,339,325,316,306,299,292,288,285,282,278,274,268,264,262,257,256,255,252,251,252,252,250,249,247,243,242,241,240,239,239,237,239,239,240,238,237,235,236,230,230,230,230,229,229,230,228,228,229,223,223,218,219,216,215,216,215,215,215,214,213,208,205,205,204,202,201,199,198,200,198,199,200,194,193,193,191,190,189,190,189,191,189,190



[20:35:29.157]发→◇G
□
[20:35:30.102]收←◆176,177,177,172,174,177,173,174,174,173,174,176,177,179,179,176,176,177,176,175,176,177,178,181,182,182,184,185,182,182,181,183,182,182,182,186,188,186,194,198,205,217,230,247,267,288,311,335,358,375,398,418,431,451,468,485,503,521,538,557,576,594,612,628,637,654,668,677,689,695,702,708,710,712,717,717,716,720,722,718,716,718,719,720,719,720,723,722,724,723,722,719,718,719,720,722,720,720,722,724,726,725,724,721,720,719,718,721,718,719,716,722,723,722,722,719,719,720,719,719,718,718,717,719,722,720,720,719,718,718,718,718,716,717,716,720,720,714,717,715,711,708,703,700,696,691,686,680,672,657,651,642,628,617,606,593,582,574,560,548,536,519,502,487,471,455,440,425,409,398,381,368,354,341,327,317,307,299,292,287,282,281,277,270,272,267,262,259,256,253,252,249,248,250,249,246,247,246,240,241,240,240,238,237,236,240,238,238,239,237,229,232,231,228,228,229,227,227,228,228,227,225,220,220,222,217,216,213,214,212,214,212,211,210,208,206,204,201,200,199,198,197,200,200,198,198,197,193,191,189,189,189,188,188,190,189



[20:35:31.164]发→◇G
□
[20:35:32.111]收←◆177,177,177,177,177,174,174,173,169,173,175,173,177,177,178,178,178,176,176,176,176,177,178,176,180,182,184,185,185,184,182,181,181,182,182,180,186,191,193,198,209,218,232,248,268,289,311,333,355,382,398,416,436,454,469,487,504,523,542,559,576,598,612,626,644,658,670,680,691,699,708,714,715,716,714,715,714,716,716,718,716,717,722,723,721,723,720,720,719,720,720,719,718,719,722,725,720,724,721,722,723,721,721,720,719,719,722,722,718,723,721,720,721,719,720,718,718,719,723,724,719,722,722,717,718,716,716,718,717,719,721,722,718,720,719,716,716,715,715,713,711,708,707,703,701,696,689,681,671,662,653,640,630,619,606,598,588,573,563,549,535,522,506,488,472,458,440,426,411,392,380,370,355,342,331,318,307,301,292,288,283,275,276,276,270,266,266,261,256,255,251,251,250,247,247,252,248,245,247,244,241,240,238,238,237,237,236,239,237,236,236,236,232,230,229,228,228,229,226,227,226,226,224,224,220,218,216,211,214,213,210,212,212,211,210,209,204,202,200,197,197,197,195,197,199,198,196,197,192,191,189,188,189,188,183,187
