[20:35:59.315]发→◇G
□
[20:36:00.260]收←◆172,172,173,171,173,173,174,178,176,176,173,173,172,173,173,174,174,173,175,177,178,178,177,175,175,176,176,176,177,178,181,182,185,183,182,180,181,183,187,191,197,208,222,239,255,272,291,307,324,342,360,378,394,411,432,449,466,482,498,513,524,539,556,571,585,599,615,630,642,653,663,668,673,679,686,689,692,698,702,704,709,714,717,717,717,716,717,718,717,718,718,716,719,720,721,722,719,719,718,719,720,720,719,719,722,720,721,722,718,717,716,718,718,717,717,716,719,723,722,721,719,718,716,715,716,716,714,715,717,718,718,718,717,713,711,710,708,707,703,699,696,691,684,677,667,655,645,637,628,621,610,603,594,588,577,569,552,538,527,513,500,486,473,458,448,436,421,406,390,373,358,345,332,320,309,302,296,289,283,279,271,267,263,258,256,253,250,248,249,248,249,244,243,243,237,236,235,234,233,232,235,234,236,234,233,232,228,229,227,226,225,225,225,225,226,226,226,221,219,218,217,216,216,216,214,212,216,214,214,209,206,207,205,203,202,202,200,201,202,200,199,197,194,192,193,192,190,190,189,191,191,191,190,187,185,184



[20:36:01.311]发→◇G
□
[20:36:02.259]收←◆174,172,172,173,172,174,177,176,174,176,174,174,174,172,172,173,173,174,177,177,178,178,177,176,175,177,176,177,177,178,181,181,182,183,182,180,183,183,186,191,198,207,224,237,253,272,291,307,326,345,360,377,394,410,429,447,464,481,496,511,526,542,554,569,584,597,611,628,639,650,661,668,676,680,683,688,693,696,701,704,705,710,715,718,718,718,717,717,717,717,719,718,716,717,721,721,721,722,719,719,720,720,719,718,718,718,720,721,721,721,719,719,717,717,716,718,716,717,722,720,721,719,720,716,717,716,715,716,715,715,717,719,715,715,714,710,708,706,702,699,693,687,678,676,666,657,648,637,628,619,610,602,595,586,573,566,552,540,527,512,500,485,472,459,447,433,419,407,390,373,360,344,331,319,310,301,295,288,282,279,274,266,264,261,255,252,252,248,249,248,246,245,246,239,239,240,235,234,233,234,233,235,235,233,234,231,228,228,228,226,226,225,224,227,226,222,226,221,221,218,217,216,215,215,213,216,214,213,212,209,208,208,204,204,202,201,200,202,201,200,201,197,194,195,192,190,191,189,189,190,190,190,191,191,186,185



[20:36:03.313]发→◇G
□
[20:36:04.257]收←◆173,172,172,172,172,173,172,172,176,177,176,177,175,173,172,173,173,172,173,174,178,178,179,179,180,177,176,177,177,178,177,180,183,183,184,184,186,184,186,191,198,208,219,233,251,272,292,312,329,343,361,377,394,410,428,445,458,482,498,514,530,541,556,570,584,598,611,624,636,653,662,672,680,680,685,689,692,697,701,703,706,713,716,719,719,719,717,717,717,718,718,717,717,720,720,721,721,722,718,719,719,719,718,718,719,719,719,721,720,720,717,718,718,716,717,717,716,717,721,721,719,719,717,716,717,716,715,715,716,715,718,719,716,716,712,710,707,706,703,698,692,685,683,678,670,662,648,638,629,620,610,601,593,582,578,568,557,543,531,513,500,486,473,458,444,431,419,407,392,377,364,346,332,319,310,300,292,286,281,279,275,271,266,261,257,254,252,248,246,244,241,246,246,243,243,237,236,234,233,233,233,231,230,234,233,234,232,228,227,227,225,225,224,224,222,225,226,224,224,220,218,216,215,214,214,212,210,214,214,212,212,212,205,205,202,201,199,199,197,200,199,200,199,200,192,191,192,190,188,189,187,188,190,189,189,188



[20:36:05.316]发→◇G
□
[20:36:06.261]收←◆174,172,173,171,172,172,169,176,177,177,176,176,173,173,173,172,173,172,172,176,179,178,179,178,176,176,178,177,177,178,178,179,183,182,184,184,181,184,186,190,198,206,220,235,254,272,291,314,326,342,360,378,393,410,427,447,465,482,499,514,526,540,555,571,585,598,611,623,642,653,663,673,677,679,686,688,692,696,700,703,710,714,715,718,715,717,716,716,717,717,717,717,719,720,720,722,719,719,717,718,719,719,719,719,720,721,721,722,718,717,716,718,718,717,717,715,719,721,720,721,722,716,716,715,717,715,713,715,716,717,718,718,715,714,711,709,709,705,703,697,692,689,684,677,668,659,647,637,629,620,611,602,591,588,578,568,556,542,528,513,499,486,472,458,444,433,422,406,392,377,360,344,332,320,310,300,292,288,284,278,274,272,263,259,256,253,251,249,246,245,247,247,244,246,239,237,237,234,234,233,232,230,234,234,234,232,230,229,228,225,227,224,224,220,226,225,225,223,224,219,217,217,216,213,213,211,215,213,213,212,212,208,205,203,203,202,200,198,198,199,200,199,198,193,194,192,190,189,188,188,188,189,190,189,191,185



[20:36:07.314]发→◇G
□
[20:36:08.259]收←◆173,173,173,172,173,173,176,174,178,177,174,174,173,172,172,173,173,174,176,177,178,178,176,176,178,176,176,177,179,178,181,182,183,183,183,182,183,183,186,191,198,209,221,236,253,274,292,307,326,341,360,377,394,410,427,447,462,483,497,511,525,539,554,568,584,597,611,628,639,652,662,669,676,678,683,689,692,696,700,705,705,712,716,717,718,718,717,718,717,719,718,716,716,720,720,722,721,723,718,718,720,719,719,718,718,719,720,721,721,722,716,717,718,717,718,716,716,719,721,720,719,719,716,715,715,714,715,714,715,713,718,719,716,716,712,711,708,704,702,697,693,688,684,675,667,656,646,636,628,619,610,602,595,585,577,567,552,540,526,511,498,485,473,458,447,434,420,406,391,373,362,344,331,320,309,300,295,289,283,279,273,268,264,258,256,252,250,248,249,248,244,246,244,241,240,236,235,235,234,233,233,235,232,234,233,231,228,227,227,226,225,224,224,226,226,227,226,221,221,220,217,216,215,214,213,215,214,215,213,209,207,207,204,203,202,201,200,201,201,200,200,198,196,196,191,191,190,189,190,192,192,191,190,190,186,185