[20:38:06.646]发→◇G
□
[20:38:07.589]收←◆177,177,173,174,174,174,174,174,174,177,179,179,181,181,179,179,182,179,181,182,183,186,187,188,189,191,189,188,189,187,187,187,186,186,188,189,188,191,193,198,208,221,238,260,283,309,338,366,389,419,441,464,484,503,523,543,562,581,602,620,635,656,669,682,695,700,705,709,711,713,714,716,717,721,719,720,720,719,718,718,717,718,718,719,719,723,723,722,724,724,720,719,717,720,718,720,719,721,722,723,724,724,720,720,719,718,717,718,717,719,720,722,721,721,718,717,717,718,718,718,717,715,720,718,719,719,715,717,717,717,716,715,713,714,716,714,713,711,706,702,697,691,683,676,669,661,654,645,633,623,613,602,592,581,570,562,548,536,527,511,494,479,466,448,433,418,403,390,377,362,348,337,320,306,297,287,278,273,267,263,261,258,253,252,248,245,242,240,238,236,237,235,236,235,230,233,231,230,228,227,227,226,227,227,228,227,224,227,226,222,223,222,220,220,220,218,223,222,219,219,219,215,214,215,211,212,211,209,212,211,209,209,207,203,202,203,200,198,197,195,196,198,197,196,195,195,191,190,189,187,187,187,187,188,188,186



[20:38:08.645]发→◇G
□
[20:38:09.588]收←◆177,177,176,178,176,174,175,174,175,174,176,177,179,181,181,183,183,180,181,182,184,184,184,186,189,190,193,192,188,187,187,187,185,186,185,185,187,193,197,203,208,221,239,260,283,310,336,363,391,420,443,467,486,504,523,543,562,581,599,616,637,657,671,686,695,702,706,710,711,712,715,717,716,721,720,721,720,721,718,717,716,718,718,719,719,722,723,722,724,723,721,719,719,719,719,720,720,722,722,724,724,724,720,720,720,718,717,720,718,717,720,723,721,722,719,718,717,719,718,718,717,716,720,719,721,719,716,715,716,716,715,716,714,713,716,716,713,713,709,702,696,690,682,674,667,660,656,647,638,629,615,602,592,582,569,558,547,536,525,512,498,482,467,450,433,419,403,388,374,359,349,336,323,311,299,288,279,273,268,262,258,255,252,253,251,248,243,241,238,237,235,235,233,232,233,234,234,233,230,227,227,227,226,226,225,225,227,229,226,227,226,223,221,220,220,220,218,219,220,220,220,218,218,216,212,212,209,210,209,207,209,209,207,207,205,204,199,198,199,196,195,195,194,196,196,196,193,190,190,189,187,186,186,186,185,183



[20:38:10.640]发→◇G
□
[20:38:11.587]收←◆177,176,177,177,175,175,176,173,174,175,175,178,180,180,180,182,179,181,181,182,183,182,185,186,190,189,187,193,190,188,188,186,185,186,185,186,189,192,194,202,208,221,239,258,283,308,336,362,392,418,440,466,484,506,526,543,562,580,598,617,636,652,667,685,695,703,708,713,710,713,715,717,718,717,717,719,721,720,722,721,717,719,719,720,719,719,719,721,723,722,723,722,718,719,719,720,719,720,719,719,723,723,723,724,720,718,719,719,718,718,717,718,722,721,720,720,718,720,718,718,717,718,716,717,720,719,719,720,718,717,716,716,714,714,712,712,714,712,710,705,701,690,682,673,665,659,653,642,636,627,614,603,594,581,570,558,545,534,522,509,495,482,465,450,434,417,402,388,373,359,347,334,318,311,298,288,281,273,267,263,259,255,255,253,249,248,243,241,239,236,235,234,233,233,236,234,232,234,229,228,226,226,226,226,226,225,227,227,226,226,225,223,223,224,219,219,219,219,221,220,219,220,218,214,212,212,210,209,208,207,208,209,207,205,205,203,200,198,196,195,196,193,194,196,195,192,194,192,190,189,186,186,185,185,185,188



[20:38:12.645]发→◇G
□
[20:38:13.590]收←◆174,174,177,178,177,177,174,174,175,173,175,175,178,178,182,183,182,183,183,183,184,182,183,183,186,188,190,191,192,191,188,186,187,185,184,184,187,188,197,202,211,225,242,259,285,310,335,363,390,416,442,467,489,509,528,544,563,582,601,617,637,654,672,687,699,702,708,710,712,713,714,716,721,720,721,719,720,718,718,718,717,718,718,719,719,722,722,723,725,720,721,719,718,718,719,721,718,722,723,723,724,721,720,719,719,718,719,718,718,721,721,723,722,719,717,716,718,719,718,717,717,720,720,719,719,718,717,716,715,717,717,716,713,717,716,716,713,714,708,704,699,692,683,675,667,661,653,645,639,628,616,607,594,582,571,559,547,535,524,509,498,483,469,452,436,420,404,389,374,356,346,332,322,311,301,291,282,275,268,262,258,254,252,251,250,249,246,244,243,238,236,234,233,231,232,231,234,233,233,231,231,226,227,225,224,223,224,223,228,226,230,225,225,222,220,220,218,217,218,217,216,218,221,216,215,212,211,209,208,206,204,206,205,206,206,205,202,200,197,196,195,194,190,193,192,194,193,194,193,189,187,186,186,185,183,184



[20:38:14.644]发→◇G
□
[20:38:15.588]收←◆177,177,178,175,174,174,174,175,175,174,175,176,179,182,182,180,180,180,180,182,183,183,184,186,189,190,191,189,187,187,187,186,186,185,184,188,189,193,197,201,208,221,238,259,283,310,336,365,395,419,444,466,485,503,523,542,562,580,600,618,639,656,671,685,697,701,706,708,710,713,715,716,719,720,720,720,719,719,718,717,716,718,718,719,718,722,722,722,724,721,719,718,718,720,720,720,719,723,722,724,723,722,720,720,719,718,719,718,718,721,721,722,721,719,718,718,718,719,718,717,718,721,719,717,721,720,716,715,715,716,716,715,713,718,716,716,715,713,706,702,696,689,681,673,666,663,656,646,637,625,613,602,592,580,569,558,546,535,525,511,497,481,464,449,434,417,404,389,374,361,350,335,322,310,297,288,279,273,267,262,258,258,256,254,250,247,243,241,239,237,236,233,233,236,237,235,235,233,230,227,228,227,226,226,225,226,227,228,228,226,225,222,222,221,221,219,220,219,222,220,220,220,215,214,213,211,209,209,208,207,208,209,209,208,203,200,200,198,197,196,196,195,193,197,195,195,192,190,189,187,187,185,185,185,187,187