[20:38:57.520]发→◇G
□
[20:38:58.463]收←◆173,172,173,172,175,176,173,174,177,176,172,172,173,171,172,172,176,176,176,176,178,177,175,175,176,176,177,178,178,182,183,179,183,180,179,180,180,182,186,189,197,207,222,236,252,273,291,312,332,351,370,388,407,426,448,465,480,500,511,527,543,559,574,588,603,621,636,648,658,670,677,681,686,690,695,698,700,705,709,713,709,715,717,715,715,716,716,716,718,718,721,720,715,719,720,719,718,717,719,718,719,718,722,720,719,719,719,717,717,717,716,717,716,717,715,718,719,716,721,718,716,715,716,713,714,715,713,717,718,715,717,715,712,711,708,707,704,701,698,696,689,682,675,667,654,645,637,628,620,610,605,599,586,576,569,555,541,528,517,503,490,478,465,455,439,424,413,395,379,364,350,337,326,313,303,298,290,282,276,270,264,260,257,254,252,249,247,244,246,243,239,239,237,236,234,233,233,232,230,231,234,231,231,232,229,227,226,225,224,223,224,225,227,223,224,224,224,219,218,216,217,215,214,215,217,213,213,214,211,208,206,205,204,203,202,201,203,201,199,199,197,194,194,192,192,190,190,189,190,191,187,188,189,186,184,183



[20:38:59.516]发→◇G
□
[20:39:00.462]收←◆173,173,173,172,175,176,172,174,175,175,170,173,173,173,172,172,176,178,173,175,179,178,173,177,176,176,177,179,179,182,181,179,184,182,178,180,183,183,185,189,197,210,222,234,255,272,290,312,333,351,370,390,407,427,446,459,482,497,510,528,544,558,572,587,603,619,632,642,659,667,672,682,688,690,695,698,701,703,706,708,707,715,717,717,719,716,717,717,718,717,718,717,716,721,719,719,720,720,717,719,720,718,719,717,717,721,719,716,721,719,715,717,716,716,716,715,715,721,720,718,720,720,715,714,716,714,713,715,714,718,716,717,716,713,709,707,704,702,697,692,685,681,675,666,655,646,636,626,618,610,604,595,582,573,568,553,540,530,516,502,490,477,464,452,436,423,413,395,378,365,350,336,325,313,304,298,290,280,278,270,264,261,258,253,252,248,247,247,245,240,243,241,239,236,237,233,231,232,231,233,234,230,232,232,228,227,226,225,225,225,224,226,225,222,223,225,222,219,216,216,216,215,214,215,215,212,209,213,209,207,207,204,203,202,202,201,204,199,197,202,196,195,193,192,191,190,190,189,191,191,187,190,188,185,185,186



[20:39:01.516]发→◇G
□
[20:39:02.461]收←◆173,172,172,173,173,172,172,173,176,175,175,174,173,172,172,172,173,173,173,176,178,176,179,180,176,178,177,178,177,178,178,182,182,181,183,184,181,182,186,189,198,206,219,237,255,272,294,316,335,351,370,390,407,425,443,461,481,497,515,533,546,560,573,589,603,617,630,642,658,669,676,686,689,691,695,698,701,703,707,709,707,716,716,719,718,717,716,717,717,718,717,717,715,721,719,722,720,718,717,720,718,719,718,718,717,719,719,721,719,718,715,718,718,716,716,715,715,720,719,720,719,720,716,713,715,715,712,714,715,717,717,715,713,715,710,707,705,701,696,692,686,681,675,666,659,648,637,629,618,609,601,592,582,575,570,556,545,532,517,503,489,477,463,449,437,423,413,396,384,368,352,337,324,313,304,293,287,282,278,274,268,264,258,253,252,249,246,244,243,243,243,242,241,239,239,234,232,232,232,230,229,228,231,232,232,231,227,226,224,224,224,223,222,220,222,224,224,223,219,216,216,214,214,212,212,211,210,213,212,210,208,205,203,203,201,200,200,198,200,201,199,199,196,193,191,191,190,189,188,187,188,191,191,189,187,186



[20:39:03.520]发→◇G
□
[20:39:04.463]收←◆172,172,172,172,172,173,173,177,177,177,175,174,173,173,174,172,172,172,174,179,179,180,180,176,176,177,177,177,177,178,181,183,182,185,184,182,181,183,186,190,197,208,219,238,257,277,298,315,332,352,370,388,407,425,442,464,482,499,516,531,543,560,575,588,603,617,630,645,661,672,679,684,687,691,695,698,701,704,707,711,712,716,716,717,716,716,716,716,718,718,717,719,719,719,720,719,719,718,717,719,720,719,718,721,720,720,719,720,716,718,716,717,717,715,717,718,719,720,719,721,717,716,715,714,715,714,714,714,717,718,717,716,711,712,709,707,705,702,697,691,688,683,676,670,658,647,638,628,620,610,601,594,586,579,571,557,544,531,517,503,491,478,463,449,439,427,413,399,383,367,350,338,324,312,302,293,286,285,278,274,272,264,258,255,253,248,246,243,242,243,243,243,243,239,236,233,233,231,231,231,227,229,232,231,232,229,226,226,226,224,224,223,220,222,225,225,223,221,219,218,216,216,215,213,211,213,215,212,212,210,207,205,203,203,202,200,199,199,200,201,199,198,197,193,192,191,190,190,188,190,190,191,190,190,188,185



[20:39:05.516]发→◇G
□
[20:39:06.463]收←◆175,171,173,173,173,175,176,176,173,173,173,173,172,172,171,172,173,176,177,177,177,178,176,176,177,177,177,178,180,181,182,183,182,183,180,180,181,181,185,190,196,207,222,239,255,274,292,313,334,352,369,388,407,424,446,463,479,497,513,529,544,561,572,587,603,615,633,644,656,666,675,681,687,693,694,697,700,704,706,708,709,711,716,717,718,719,717,718,717,716,718,716,717,716,720,721,721,721,718,718,719,720,718,719,717,716,720,721,720,719,718,717,718,716,716,716,716,717,720,720,719,718,719,714,715,715,713,714,714,715,715,716,714,714,713,707,704,701,697,692,686,680,672,665,656,648,637,628,618,610,601,594,585,575,563,554,543,530,517,503,490,475,463,451,439,424,409,397,380,366,353,337,323,312,304,296,289,282,277,272,265,261,257,254,250,248,246,245,245,245,243,241,238,236,235,236,232,232,230,230,232,233,231,231,227,226,225,227,224,224,224,223,226,225,223,221,220,218,218,217,217,215,215,213,214,215,213,209,212,207,207,206,203,201,202,201,202,201,201,199,198,196,194,193,192,191,190,191,190,190,191,188,191,185,185,185
