
[20:39:31.453]发→◇G
□
[20:39:32.396]收←◆175,173,173,171,173,173,172,172,176,177,174,177,176,174,175,174,174,174,175,176,179,181,181,182,181,176,180,180,179,180,181,181,185,184,184,186,184,184,188,195,199,210,224,239,259,279,298,319,338,355,373,391,405,423,439,456,474,491,508,526,541,555,567,582,594,606,619,631,642,656,665,670,682,684,686,693,692,696,699,702,703,708,710,712,716,717,716,719,717,718,717,716,716,717,716,719,720,720,717,721,720,719,718,717,718,716,717,717,719,719,716,720,721,717,716,714,715,716,716,715,719,718,717,717,717,713,713,714,712,713,711,712,710,710,709,706,701,695,688,681,675,667,661,654,644,641,631,618,613,599,592,582,573,564,557,546,534,526,511,495,485,471,458,445,430,418,406,393,380,366,349,334,324,313,303,292,287,279,276,272,267,264,259,254,252,252,246,244,243,242,243,241,240,239,238,235,233,232,230,231,229,228,232,230,230,230,229,228,225,224,222,222,221,221,220,223,223,217,220,217,214,214,213,211,210,210,209,212,210,208,210,206,203,204,201,200,198,198,198,198,199,196,196,194,189,192,191,188,189,187,186,190,187,187,189,185



[20:39:33.457]发→◇G
□
[20:39:34.404]收←◆174,177,174,173,172,173,171,172,174,174,174,177,178,177,176,175,175,174,174,175,178,178,180,182,181,182,184,180,181,180,181,179,181,182,186,184,186,187,191,194,201,210,223,239,255,277,300,320,339,357,376,390,407,425,440,457,471,490,509,526,542,555,571,583,595,608,621,632,644,658,665,673,683,685,689,692,694,696,699,703,704,711,714,713,718,719,717,715,716,716,718,717,715,719,719,718,721,722,718,719,718,719,718,717,717,720,720,721,719,721,716,716,717,717,716,715,715,718,719,722,718,719,715,715,714,713,712,713,713,711,715,716,711,713,707,705,700,695,690,683,676,669,662,656,648,644,630,623,612,602,593,583,575,565,558,546,536,528,515,502,487,473,459,446,431,418,405,393,379,368,353,340,327,312,303,293,286,280,274,270,270,266,260,258,255,250,247,245,242,240,238,238,241,240,239,238,236,232,231,230,230,228,224,228,227,229,229,227,228,225,224,222,223,221,220,220,220,218,221,218,219,216,215,212,211,211,209,208,209,208,210,208,208,205,202,200,198,196,196,196,195,196,197,195,194,194,191,189,188,188,187,186,186,188,187,187



[20:39:35.452]发→◇G
□
[20:39:36.398]收←◆171,175,174,171,172,172,173,175,176,175,177,177,172,175,176,173,174,174,174,178,179,179,182,181,180,180,182,179,181,181,182,181,183,185,184,186,185,184,188,192,201,210,223,239,259,279,295,319,339,353,373,389,405,424,438,456,475,492,502,526,539,551,567,579,594,607,620,632,644,656,662,673,680,679,689,690,692,696,698,703,705,708,710,717,716,715,718,719,717,717,718,716,716,716,716,721,720,718,720,723,720,718,719,717,717,716,716,719,718,720,719,720,716,716,716,716,715,716,715,717,718,721,717,716,714,713,712,713,712,713,712,710,712,712,706,706,700,694,689,681,675,669,661,653,650,640,625,620,611,599,592,582,573,567,556,543,538,526,508,498,487,472,458,444,430,421,406,393,381,366,348,337,326,312,301,292,286,278,277,272,267,264,260,255,252,248,246,244,243,242,242,241,237,240,239,233,233,231,229,231,229,229,231,231,225,230,228,224,224,223,222,223,221,222,224,223,217,222,221,213,216,215,212,212,211,210,214,213,209,210,209,202,203,204,201,199,198,197,199,199,198,198,196,192,194,193,188,188,188,187,188,189,187,190,187,186



[20:39:37.454]发→◇G
□
[20:39:38.402]收←◆178,176,173,173,173,172,171,172,173,177,179,175,177,177,175,174,174,176,175,175,176,179,182,183,181,182,180,180,181,180,180,180,179,182,184,185,186,187,188,194,201,211,224,239,254,276,299,317,337,358,374,389,407,425,439,455,473,490,509,524,539,557,569,581,596,607,621,632,644,656,669,673,682,688,688,691,693,696,699,702,704,710,715,716,717,718,715,716,717,717,716,716,714,717,720,722,720,720,718,719,720,718,718,717,717,715,719,720,719,719,716,716,716,716,714,715,714,716,720,718,716,718,715,713,714,714,712,713,712,713,715,715,710,711,708,704,700,695,689,683,675,669,663,656,649,640,634,621,612,602,592,583,573,564,557,549,539,526,515,501,485,472,459,445,431,418,403,394,382,366,352,339,325,313,302,293,285,279,272,270,268,265,261,258,251,249,248,244,243,241,238,240,239,239,238,237,235,233,231,230,230,228,227,228,230,228,226,229,226,224,224,223,223,220,220,220,222,221,219,222,218,214,212,212,211,210,209,210,211,212,207,209,206,202,201,200,199,198,197,196,198,199,197,197,194,192,189,189,187,188,186,184,186,189,189,187



[20:39:39.454]发→◇G
□
[20:39:40.400]收←◆173,172,172,173,173,172,172,169,176,177,176,177,174,174,173,175,174,174,176,174,180,182,181,181,179,179,181,181,180,181,180,182,185,185,180,186,185,185,187,193,200,210,222,239,260,279,294,319,341,354,373,389,407,424,440,456,477,494,511,527,543,551,566,580,594,607,620,633,647,658,667,676,681,683,686,690,691,696,699,703,703,712,714,718,716,715,716,715,716,717,716,715,714,720,720,722,721,718,716,720,720,718,718,718,717,719,719,721,720,717,716,716,717,716,717,715,716,720,719,719,719,717,715,713,714,713,713,712,712,716,715,715,713,713,707,703,700,694,689,683,675,673,667,657,650,642,628,617,609,601,592,582,573,564,560,548,538,527,509,497,484,472,458,444,430,416,409,394,381,368,348,337,323,313,301,292,286,279,277,274,266,264,258,254,251,248,247,243,242,241,243,243,239,239,238,233,233,232,231,229,229,228,232,232,229,230,231,225,225,223,224,223,222,220,223,223,222,222,223,217,214,214,212,211,211,210,207,212,212,211,209,205,203,202,200,199,198,196,195,200,199,199,197,192,191,190,189,189,188,188,186,189,188,190,189,184