[21:01:20.157]发→◇G
□
[21:01:21.104]收←◆177,177,174,173,173,173,174,172,174,174,178,179,179,180,180,175,176,177,178,177,180,179,183,185,186,186,187,184,183,185,184,185,184,184,184,189,192,193,199,200,210,222,239,256,277,299,323,350,373,395,417,431,450,469,488,505,524,541,560,582,600,617,633,643,656,669,683,692,698,706,710,715,717,718,719,719,716,717,716,718,717,719,719,721,723,723,723,724,721,720,720,719,718,719,719,724,724,724,725,726,723,722,721,719,719,719,719,718,721,722,721,724,720,718,720,718,717,719,719,718,721,720,720,721,718,717,716,718,717,717,717,717,719,719,717,717,712,710,709,704,700,693,686,679,676,669,661,652,639,629,619,609,598,588,577,567,560,549,537,523,508,490,476,462,447,432,417,403,392,378,364,351,338,321,309,300,293,285,279,273,271,271,267,265,261,254,251,249,247,246,244,243,240,244,244,243,240,237,234,234,233,233,233,231,229,233,233,233,231,227,226,225,226,225,222,222,221,224,223,222,222,218,216,215,213,212,211,210,211,212,212,210,210,208,203,201,200,199,197,196,195,199,199,197,197,198,190,189,188,188,188,186,185,186,188,188



[21:01:22.158]发→◇G
□
[21:01:23.103]收←◆178,179,173,173,173,174,173,173,173,174,178,179,180,181,175,176,176,178,177,178,178,176,185,185,186,187,183,183,185,183,184,184,184,185,189,190,190,194,194,200,209,223,238,256,276,298,325,349,372,394,411,429,449,467,485,502,522,540,563,579,598,613,627,638,652,666,680,690,697,705,711,715,716,718,719,717,715,716,716,717,717,719,720,724,724,724,724,721,720,720,719,720,718,720,719,725,725,724,724,721,722,722,720,720,720,719,719,723,722,722,721,721,720,719,718,717,718,720,719,723,721,721,721,717,719,717,717,718,717,717,717,719,718,717,716,715,713,709,708,703,698,691,685,681,675,668,658,651,635,625,617,607,597,586,576,568,558,548,534,521,502,489,475,459,446,430,416,398,392,377,364,348,332,319,309,299,291,285,278,273,274,270,267,263,256,253,251,248,246,244,243,241,246,243,242,242,237,235,236,234,234,232,231,230,233,234,233,232,230,227,226,225,225,224,222,221,224,224,223,222,224,218,217,213,214,213,211,210,210,212,212,211,210,203,202,202,199,199,196,196,193,198,198,197,196,192,191,189,188,189,187,186,184,189,188,187



[21:01:24.155]发→◇G
□
[21:01:25.101]收←◆177,175,174,173,172,172,173,173,173,176,178,178,178,175,176,175,177,177,177,177,178,183,185,185,185,184,186,184,185,183,183,185,184,186,188,189,191,192,196,200,209,221,237,255,277,301,324,351,373,392,411,429,449,467,486,504,521,543,560,580,598,615,627,639,654,666,680,690,698,704,709,716,717,718,718,717,715,717,717,718,715,717,719,724,723,723,723,723,720,720,721,719,719,719,719,723,723,724,723,725,721,721,722,720,719,720,718,722,721,721,721,724,720,719,719,718,717,720,719,717,722,721,720,719,718,717,716,717,718,717,717,716,718,718,717,717,713,710,707,705,698,693,685,681,676,670,659,648,636,625,618,606,597,587,577,569,560,547,535,519,503,489,475,460,446,431,417,405,391,377,363,347,335,320,309,299,292,285,280,278,273,270,267,261,257,253,251,248,246,246,244,245,241,244,243,241,238,235,235,234,232,233,231,233,232,235,233,231,228,227,227,225,225,223,223,223,224,226,224,223,219,217,215,215,214,212,211,210,213,211,211,209,207,204,203,201,201,199,197,197,199,200,198,198,195,193,190,189,189,187,188,187,188,189,189,188



[21:01:26.157]发→◇G
□
[21:01:27.100]收←◆178,175,173,172,174,173,172,172,172,177,178,180,179,178,175,175,177,177,177,177,179,180,184,185,186,186,184,184,183,183,185,185,184,185,187,189,191,194,195,202,210,222,237,256,277,300,327,350,374,396,411,431,450,468,486,505,521,541,563,582,600,616,627,640,654,669,681,690,699,703,712,716,718,718,717,717,716,717,717,718,716,718,722,724,723,723,720,721,721,720,720,719,718,719,723,724,724,723,721,722,723,721,720,720,719,720,722,722,723,722,719,719,720,720,719,718,718,719,723,723,722,721,722,717,718,717,716,717,717,718,717,719,719,719,718,713,713,710,708,705,699,693,684,683,677,669,660,648,637,628,617,609,598,587,577,571,559,548,535,520,503,489,476,460,446,432,417,404,393,377,363,349,333,321,309,300,292,285,280,276,274,270,268,264,257,254,251,248,246,244,244,243,245,244,243,245,239,236,235,233,233,232,231,230,233,234,233,235,229,227,226,227,225,224,223,219,225,225,225,222,220,217,216,215,213,213,210,208,212,212,211,211,207,203,204,201,201,199,196,196,197,200,199,198,197,192,191,190,190,187,186,185,187,190,189,189



[21:01:28.158]发→◇G
□
[21:01:29.103]收←◆176,173,174,172,173,172,173,173,177,177,178,179,179,175,176,177,176,177,177,178,181,184,184,185,185,183,183,184,184,185,185,185,184,189,189,191,192,190,195,200,209,223,237,256,277,304,327,352,372,390,410,429,448,468,486,505,522,545,563,581,597,609,625,641,655,667,680,691,698,709,712,715,717,717,716,716,715,716,717,719,716,722,722,724,723,725,721,720,720,720,720,719,718,719,722,724,725,724,721,722,722,722,721,720,720,717,723,723,722,721,718,719,719,718,718,719,718,720,723,722,721,721,718,718,717,717,716,717,716,717,720,720,718,719,716,714,712,711,708,703,698,694,689,685,676,669,656,646,636,627,618,608,597,588,582,572,560,549,535,516,502,489,475,462,446,431,419,407,393,379,362,345,332,319,309,300,292,285,279,278,274,271,266,260,257,253,252,249,247,245,243,247,245,243,243,238,236,236,235,234,233,231,231,235,236,234,233,229,228,227,226,225,224,224,224,226,224,224,224,221,218,216,216,214,213,213,211,212,213,212,211,210,205,204,201,202,200,198,197,199,201,197,199,198,192,191,190,190,188,189,188,186,191,189,188,188



[21:01:30.155]发→◇G
□
[21:01:31.102]收←◆174,173,173,173,172,173,173,173,176,178,179,178,176,174,175,175,177,177,177,177,181,182,185,184,182,182,184,183,184,185,183,184,188,184,190,191,190,192,194,199,210,222,237,256,280,302,326,349,369,390,410,429,449,467,485,505,525,544,564,580,596,610,624,639,653,668,681,691,698,705,712,715,718,717,715,716,717,716,717,718,716,717,721,724,723,724,722,720,720,721,720,719,718,719,722,724,723,724,722,721,722,722,720,721,721,719,717,724,722,722,723,719,720,719,718,717,718,720,718,723,722,722,720,717,719,717,716,718,718,718,716,721,717,719,716,714,713,710,707,703,698,693,688,685,677,668,656,645,636,626,617,607,598,588,581,573,560,547,532,517,502,489,474,460,447,433,420,406,392,379,360,347,332,319,309,300,293,285,282,275,275,271,265,263,256,253,252,250,248,245,247,244,246,244,241,238,236,236,235,233,234,232,235,233,234,234,234,228,228,226,227,225,225,224,225,226,226,225,224,220,217,217,216,215,215,213,212,213,215,214,211,206,206,204,203,202,199,198,198,200,199,199,199,194,193,192,189,190,189,188,188,189,187,189,188,184