
[21:03:19.646]发→◇G
□
[21:03:20.590]收←◆174,176,176,178,177,175,173,172,174,172,172,174,174,175,179,178,178,176,179,175,175,176,176,178,178,181,182,185,184,183,184,181,182,182,182,184,184,189,191,199,210,220,233,250,270,291,314,337,360,384,407,429,449,471,485,502,521,539,557,576,594,612,632,650,667,679,690,697,704,709,711,714,716,716,716,720,720,721,721,721,718,719,719,720,720,720,720,722,724,724,724,724,720,720,720,722,720,720,721,722,726,724,725,725,722,721,719,720,719,719,718,718,723,722,724,722,720,720,720,719,718,719,718,717,722,720,721,722,718,719,717,717,716,716,717,715,719,718,718,714,709,705,699,694,687,679,671,665,660,651,641,627,617,603,591,578,566,552,540,528,515,501,486,469,454,435,419,404,389,373,357,347,333,325,312,302,291,283,277,270,267,263,260,259,254,255,253,252,246,244,241,240,240,237,237,235,237,238,237,237,233,231,230,229,229,229,228,228,230,232,230,231,224,225,223,222,221,220,220,219,222,221,221,219,217,216,212,211,209,209,208,207,208,208,207,205,203,202,198,197,197,195,194,193,195,194,197,194,193,190,188,187,187,186,184,183



[21:03:21.641]发→◇G
□
[21:03:22.585]收←◆173,176,177,177,175,178,175,174,172,173,172,174,173,175,177,177,177,178,177,176,176,176,176,177,178,179,182,182,184,184,183,182,183,184,181,183,184,188,194,199,208,219,233,250,271,294,315,337,362,382,408,427,448,469,486,504,524,544,559,577,595,611,631,650,664,678,693,701,707,712,713,714,715,717,717,717,717,718,720,722,720,722,719,721,720,720,721,720,721,721,724,723,722,723,720,722,720,720,721,721,722,722,724,724,724,723,721,721,719,719,718,720,720,719,722,722,722,725,724,719,719,718,718,716,717,718,719,721,720,721,720,719,717,717,715,716,714,715,712,715,711,707,703,693,686,680,671,664,658,648,637,630,616,605,594,578,566,552,539,527,515,498,485,471,454,437,422,405,388,373,357,344,334,321,311,303,291,285,278,272,267,262,261,258,257,254,254,250,246,244,243,243,238,237,236,237,238,237,236,236,235,232,230,230,228,228,228,227,232,230,229,225,228,224,224,222,220,221,220,219,220,220,220,217,219,214,212,211,210,208,207,207,206,208,207,205,204,200,200,197,196,194,194,194,193,196,194,193,192,189,188,188,187,185,185,183



[21:03:23.646]发→◇G
□
[21:03:24.592]收←◆174,171,172,175,176,176,176,176,174,173,173,172,173,172,174,175,178,179,179,178,177,176,178,176,178,178,180,182,183,186,186,186,186,183,183,183,184,186,191,197,208,221,239,253,274,294,316,338,360,382,406,427,448,471,491,508,526,542,560,578,596,612,628,650,666,684,696,701,706,709,712,715,717,716,716,720,719,721,723,719,717,719,719,720,721,720,720,724,724,724,724,721,718,719,719,723,721,720,720,726,725,725,724,722,722,720,719,720,719,719,718,723,723,723,723,722,720,720,719,719,718,719,719,719,721,721,720,721,717,718,717,718,715,717,716,714,719,717,719,715,710,705,700,695,688,681,673,663,658,650,642,633,621,608,593,582,567,553,541,526,514,499,487,472,456,440,424,407,388,374,357,343,333,319,312,302,295,288,280,273,268,263,260,256,254,252,250,250,253,246,245,242,239,238,237,235,234,234,234,237,237,234,234,231,231,230,228,227,224,227,227,229,228,228,227,223,222,221,219,218,216,218,216,220,217,217,216,214,210,209,208,206,205,205,203,205,204,203,201,202,196,195,194,194,192,192,192,193,194,193,191,190,186,186,185,184



[21:03:25.645]发→◇G
□
[21:03:26.590]收←◆173,175,176,178,177,174,176,174,173,173,173,173,173,176,176,178,179,178,177,175,176,176,178,177,179,180,180,184,185,186,182,182,181,182,183,183,184,188,193,200,210,220,233,249,269,292,315,337,361,382,408,429,451,469,486,504,522,541,558,576,595,613,632,651,668,682,693,699,705,709,712,715,716,717,717,718,721,721,722,722,718,719,719,720,721,720,721,722,724,725,725,723,719,719,720,722,721,720,721,721,724,725,726,724,721,721,720,720,719,719,719,721,723,722,723,721,719,720,719,719,718,718,718,718,721,721,720,721,720,719,718,719,716,717,716,715,717,718,718,715,711,704,700,694,687,681,674,666,659,650,642,629,618,602,591,579,566,552,539,529,513,503,487,470,455,435,420,403,388,373,357,346,332,322,312,302,292,283,277,271,268,264,260,258,257,255,252,251,246,243,241,241,239,238,236,236,238,238,239,238,233,231,230,230,229,228,228,229,230,232,229,228,225,227,223,223,222,220,220,219,220,221,221,219,215,216,212,211,209,208,207,207,208,204,206,206,204,201,199,196,197,194,196,193,196,192,194,194,193,190,188,187,186,185,184,184



[21:03:27.646]发→◇G
□
[21:03:28.589]收←◆172,173,177,178,177,177,173,174,173,172,172,172,173,173,177,179,178,179,176,177,177,176,177,177,178,179,185,183,186,187,185,181,183,183,181,183,185,186,195,200,210,220,236,250,271,291,316,338,360,382,406,431,449,471,490,503,522,540,558,576,594,612,629,652,667,682,693,698,704,710,713,714,714,715,717,722,719,720,720,720,718,719,720,721,720,720,721,724,725,724,724,722,720,720,720,722,721,721,720,724,725,726,726,726,721,720,719,720,718,719,718,722,723,721,723,721,720,720,720,719,718,720,718,716,722,720,721,722,717,719,717,718,716,717,716,716,717,717,718,714,709,705,700,694,687,680,672,663,661,651,641,632,616,604,593,578,567,552,540,526,517,502,487,471,454,437,421,404,388,372,358,343,335,322,312,303,295,283,278,271,267,263,260,256,256,255,252,252,247,243,241,241,240,238,236,236,235,238,237,237,236,232,231,230,230,229,228,228,228,230,230,230,229,224,224,222,222,222,219,218,219,221,220,220,218,214,212,211,210,208,207,206,205,208,208,207,206,201,199,197,196,195,195,193,192,196,194,194,193,193,188,188,186,186,184,184