

[21:04:10.127]发→◇G
□
[21:04:11.070]收←◆173,172,177,177,178,178,176,174,174,175,176,178,177,177,182,184,184,186,186,183,184,184,185,185,186,187,191,192,192,192,190,187,185,184,185,185,184,186,192,199,212,224,243,258,283,308,336,363,391,416,443,469,492,515,536,551,570,589,609,627,644,660,677,696,704,710,714,712,713,715,717,719,718,719,718,722,721,723,723,720,718,720,719,720,721,722,721,723,725,724,725,720,719,719,720,721,721,720,720,723,725,725,724,723,721,719,719,720,718,719,718,722,722,723,723,722,719,720,719,719,718,718,718,718,721,719,720,721,718,717,716,717,715,715,715,714,717,717,716,712,706,700,693,687,678,671,661,653,649,640,630,620,607,594,581,568,556,543,529,515,505,492,479,462,447,428,413,396,380,365,351,337,325,317,305,297,289,279,273,266,263,258,256,252,250,251,250,247,247,240,238,236,236,235,233,232,231,234,234,233,233,228,228,227,226,225,225,224,222,227,227,228,226,223,221,220,219,218,218,217,217,220,219,219,217,216,212,211,210,209,206,206,204,206,206,204,203,203,198,197,196,195,192,192,192,192,195,194,193,194,188,187,186,186,184,183



[21:04:12.125]发→◇G
□
[21:04:13.070]收←◆173,176,176,175,179,176,176,175,175,176,176,176,178,183,184,181,185,184,183,184,183,184,185,186,186,190,190,190,192,193,188,187,187,185,183,184,186,190,194,200,210,224,237,258,283,307,334,363,389,416,443,467,491,513,530,552,573,588,606,624,643,659,679,691,702,710,714,716,717,715,717,719,719,718,718,718,716,721,722,722,721,720,720,722,720,721,720,720,722,724,724,723,724,721,720,721,720,720,720,722,722,724,725,724,725,721,720,720,718,719,718,719,721,722,722,721,721,723,720,719,719,719,717,717,717,721,720,721,721,721,717,718,715,715,716,716,714,713,714,711,709,702,693,686,678,668,661,655,646,635,629,616,605,593,581,567,554,542,529,517,503,489,476,461,443,428,411,394,379,366,351,338,327,315,305,296,285,278,273,266,262,258,255,253,252,251,248,247,242,239,241,235,236,235,234,233,234,234,233,235,230,229,229,226,226,225,226,226,229,227,223,226,223,222,220,220,218,219,217,217,220,218,216,217,216,212,212,209,208,207,207,205,207,206,205,205,204,200,198,195,195,195,193,193,195,196,194,194,193,189,189,187,185,184,184,185



[21:04:14.124]发→◇G
□
[21:04:15.068]收←◆174,173,173,176,178,177,179,176,175,175,176,176,177,178,179,184,184,186,188,186,186,185,185,187,187,188,187,190,192,190,191,191,188,184,184,184,186,187,191,200,209,224,241,262,283,308,335,362,390,415,441,463,487,514,534,555,572,588,607,624,641,658,674,689,701,711,713,716,717,716,717,719,719,718,718,719,718,722,721,722,721,721,720,722,721,720,721,720,720,724,725,723,722,724,721,723,720,720,721,721,722,725,725,724,725,723,721,721,719,719,718,719,719,718,722,721,722,723,720,718,718,718,718,716,718,716,719,720,721,720,719,718,717,716,715,716,713,714,714,712,709,702,694,687,679,670,660,652,642,636,628,618,608,595,582,568,555,542,528,514,501,489,477,462,446,429,416,395,381,365,350,336,323,314,306,296,290,283,273,266,261,258,255,252,250,248,245,248,247,243,239,235,235,236,233,233,232,232,230,234,233,233,229,227,226,225,225,224,225,223,225,226,227,225,222,220,220,219,217,216,216,217,217,218,216,216,212,212,208,207,207,206,204,204,204,205,204,203,200,199,196,194,193,194,193,191,193,193,193,191,192,188,188,185,184,183



[21:04:16.126]发→◇G
□
[21:04:17.071]收←◆173,173,174,174,177,177,179,178,176,176,175,177,177,178,179,182,185,186,188,189,184,184,186,185,187,186,188,187,193,192,190,190,186,185,183,184,185,186,189,197,210,223,242,263,285,307,335,362,390,415,440,464,490,513,535,555,573,589,607,625,641,658,674,689,698,710,714,715,716,716,717,718,718,718,718,718,717,722,723,722,721,720,719,720,720,721,721,720,722,725,725,725,723,721,720,722,720,721,720,722,722,724,724,724,723,721,719,720,719,718,718,719,719,721,722,721,721,724,720,719,718,718,718,716,717,718,719,720,721,720,718,717,716,715,716,714,715,711,716,712,709,702,694,686,679,670,660,652,642,636,629,619,608,597,581,568,555,542,528,514,500,489,478,461,447,431,412,397,380,365,349,336,323,311,305,297,288,283,274,267,262,257,255,251,249,247,248,246,244,244,242,237,235,234,232,232,232,231,231,233,232,232,231,226,226,226,225,225,224,223,223,227,225,225,224,221,219,219,217,217,217,215,218,219,216,216,215,209,208,207,205,205,204,202,202,204,202,203,201,197,196,195,193,192,192,191,190,192,192,192,192,187,186,184,185,184