
[21:04:46.392]发→◇G
□
[21:04:47.340]收←◆174,175,177,178,179,180,177,179,176,177,178,178,180,181,186,186,188,190,187,187,187,187,190,189,190,191,193,191,195,195,192,188,187,186,186,187,187,190,197,202,216,231,249,272,300,330,362,394,426,457,488,517,545,570,594,616,636,659,682,700,707,712,716,717,722,721,722,722,720,721,722,722,722,721,722,723,724,725,725,726,726,723,723,724,723,723,724,723,726,726,727,726,726,724,723,724,724,723,722,724,723,727,726,726,727,722,722,723,722,721,720,722,722,724,726,725,725,722,722,723,720,721,719,719,720,723,723,723,723,721,720,721,719,720,718,718,719,722,722,720,720,715,713,712,710,710,709,705,701,699,691,682,668,656,639,626,610,596,580,566,550,536,522,501,482,464,444,425,408,390,374,359,346,332,321,311,300,293,284,277,273,268,266,262,262,256,259,254,251,249,246,245,242,241,242,241,243,242,242,241,239,235,236,234,234,233,233,233,235,234,235,233,233,229,229,226,225,226,224,225,225,225,226,224,223,219,221,214,213,213,211,211,210,211,211,210,208,204,204,200,199,198,197,196,196,197,196,196,195,192,190,188,189,188,186,185



[21:04:48.393]发→◇G
□
[21:04:49.337]收←◆175,174,177,179,180,180,180,176,177,177,178,179,179,179,184,187,188,189,190,187,188,189,189,189,190,190,192,194,195,194,196,189,187,186,186,186,186,189,195,204,217,231,252,273,300,331,363,394,426,458,483,518,546,572,594,616,637,660,683,701,708,712,715,720,722,723,722,720,719,720,722,722,721,722,722,725,725,726,724,723,720,723,724,724,724,723,723,727,728,726,727,725,722,723,723,724,723,724,722,727,727,727,728,728,723,722,722,723,721,721,721,724,725,724,725,724,722,723,723,722,721,721,720,718,723,723,723,724,720,721,719,720,718,719,718,719,721,722,722,720,716,713,712,711,710,710,709,706,704,699,692,682,668,653,639,625,611,596,580,564,551,537,520,502,483,463,444,427,408,392,374,357,345,334,323,314,305,291,285,278,273,269,264,261,260,260,257,256,256,249,246,244,244,242,241,239,237,242,241,241,240,237,235,235,233,234,234,232,229,235,235,235,233,232,228,228,226,225,226,224,223,224,225,224,223,222,217,215,215,214,212,211,208,208,211,209,209,207,202,200,201,199,197,196,196,196,197,197,195,197,191,189,188,188,186,186



[21:04:50.389]发→◇G
□
[21:04:51.337]收←◆175,177,177,176,180,178,177,177,176,177,177,179,180,184,185,185,188,190,186,188,187,187,188,189,189,192,195,193,194,195,190,189,187,187,185,185,188,190,197,204,214,232,248,272,301,330,361,393,426,456,489,515,544,571,591,616,640,657,680,698,706,712,716,718,720,723,722,723,721,721,721,722,722,722,722,720,719,724,724,725,723,724,724,724,723,724,722,723,723,727,726,726,725,723,722,725,725,723,724,723,724,728,727,727,727,723,723,722,721,721,722,722,721,726,724,724,724,725,722,722,720,720,720,720,720,722,722,724,724,725,720,720,718,718,719,718,718,719,722,719,718,717,713,711,710,710,707,704,700,694,691,679,666,653,638,623,609,594,579,565,550,532,519,502,480,462,443,427,408,390,373,361,346,333,323,311,299,291,284,278,272,270,266,261,263,259,258,256,250,250,247,244,242,241,241,240,242,242,242,241,238,236,238,233,234,232,233,232,234,235,233,234,230,230,228,227,226,225,225,224,227,225,221,224,221,220,216,215,215,213,212,211,212,211,209,210,208,203,202,200,199,199,197,196,197,197,196,196,195,192,190,188,187,187,186,186



[21:04:52.390]发→◇G
□
[21:04:53.335]收←◆174,175,173,180,178,180,179,177,177,177,178,179,179,181,179,186,189,190,189,189,188,188,189,188,190,190,191,194,195,194,195,191,189,186,186,186,188,190,192,203,216,232,250,276,301,331,362,395,425,456,485,515,545,571,595,620,636,660,681,698,707,711,715,719,721,722,722,724,720,720,721,722,721,721,721,722,724,725,725,725,722,723,722,723,724,723,724,722,727,726,728,725,723,722,722,724,723,723,724,723,728,726,728,726,723,722,722,722,721,722,721,722,725,724,724,725,722,723,722,722,721,721,719,719,724,722,722,723,723,721,720,719,718,718,718,718,721,720,721,722,719,714,712,710,710,709,707,705,702,699,692,681,671,653,639,624,610,596,579,563,546,536,520,501,485,463,445,426,408,390,373,358,342,334,321,312,303,294,285,278,274,269,265,262,258,259,258,256,254,252,247,246,243,242,241,240,238,241,242,240,240,241,236,234,234,233,233,232,232,230,236,234,234,235,229,227,227,225,224,223,222,222,224,223,224,223,217,215,215,214,211,211,210,205,212,209,208,208,203,202,200,198,196,196,196,193,197,197,196,195,192,189,187,187,187,186



[21:04:54.395]发→◇G
□
[21:04:55.343]收←◆175,177,179,178,179,178,176,177,178,177,178,179,181,183,189,186,187,188,187,187,188,187,187,189,189,190,195,194,195,194,192,189,187,187,184,187,188,191,198,204,215,230,251,273,300,330,361,395,427,459,490,518,543,569,593,614,636,660,683,703,711,716,719,719,718,719,718,719,720,720,721,724,726,724,725,724,721,721,721,722,720,721,722,725,727,727,727,728,724,724,723,722,721,722,723,723,726,726,727,728,724,725,723,723,722,722,722,721,725,724,724,725,723,721,721,720,720,721,723,721,723,724,724,723,720,720,719,719,719,720,720,721,721,722,722,723,719,720,719,716,716,713,712,712,714,712,712,708,703,698,689,679,666,653,639,626,613,599,584,567,555,536,520,501,480,462,444,426,407,393,376,360,348,333,321,311,302,291,284,278,270,270,265,262,263,259,257,256,253,248,247,244,241,242,241,241,243,242,240,242,241,237,234,233,234,234,233,233,234,236,234,233,233,229,228,227,225,226,225,225,224,226,225,224,222,220,217,216,214,214,211,211,210,214,210,210,208,204,202,201,199,196,198,197,197,199,197,196,196,192,191,188,188,183,187,186