
[21:05:15.799]发→◇G
□
[21:05:16.746]收←◆173,175,175,179,179,182,179,176,177,177,178,179,178,178,184,186,187,189,191,188,189,189,190,191,190,190,195,197,197,197,195,191,190,190,188,190,189,193,197,208,223,240,260,283,310,341,374,405,437,465,496,526,552,576,599,620,641,662,683,700,708,712,717,719,721,723,721,719,719,720,720,721,723,722,723,725,724,725,726,723,720,722,722,723,722,723,723,727,727,727,726,723,722,722,722,724,723,723,722,726,727,728,726,723,723,722,722,722,720,721,720,725,725,725,725,721,720,722,723,722,721,721,720,722,724,723,722,721,719,720,720,720,719,718,719,722,722,722,721,719,715,714,711,711,709,708,707,706,700,695,687,680,663,647,635,620,605,591,574,557,546,530,514,497,477,458,440,421,404,386,369,353,341,331,319,309,299,288,282,276,272,266,263,260,258,258,256,253,251,247,244,243,242,240,239,237,240,241,239,239,239,235,236,234,232,233,231,230,232,232,234,233,233,231,228,228,226,226,224,222,222,223,224,224,225,221,217,215,214,213,211,211,206,208,211,211,208,205,202,200,200,198,197,195,193,194,198,197,196,195,191,189,188,187,187,186



[21:05:17.797]发→◇G
□
[21:05:18.741]收←◆174,177,179,179,178,177,176,175,176,178,178,180,180,183,184,189,188,186,189,186,188,189,189,192,192,196,193,198,196,194,194,191,189,189,190,190,190,195,199,209,222,236,255,281,309,342,373,404,436,469,497,525,552,576,595,616,638,659,681,698,708,711,716,719,721,722,722,720,719,720,721,721,722,721,722,724,724,725,725,723,722,722,723,723,723,724,724,726,727,727,727,728,722,723,722,723,723,724,723,723,727,727,726,726,722,723,721,723,720,722,720,720,725,724,724,723,721,722,722,721,720,719,721,720,723,724,723,723,720,721,719,719,718,719,718,720,722,722,722,721,716,715,712,711,709,709,707,703,701,696,687,673,659,647,633,620,604,589,575,561,546,530,513,494,478,456,439,421,404,386,371,356,339,330,318,306,297,287,282,275,272,267,264,264,257,258,254,251,249,245,243,242,241,241,239,241,240,240,239,238,235,234,233,233,232,233,232,233,233,235,233,234,229,228,226,226,226,224,224,224,225,224,224,224,220,219,216,214,213,213,212,210,213,210,212,208,204,205,200,200,198,197,198,197,198,194,196,196,193,192,189,189,187,187,186,186



[21:05:19.800]发→◇G
□
[21:05:20.744]收←◆175,177,179,178,179,179,175,177,178,177,178,179,181,182,185,187,191,188,187,187,188,188,190,190,189,192,196,197,198,195,193,192,189,190,188,188,187,193,201,210,223,238,256,282,312,341,372,406,436,468,500,526,552,575,595,617,638,660,683,699,707,714,719,721,721,720,719,719,719,720,720,721,723,725,726,725,724,723,722,723,720,722,721,723,724,726,727,726,727,728,723,723,722,722,723,725,723,723,726,727,727,728,723,723,722,721,721,722,721,720,723,725,725,724,723,720,721,722,721,722,720,722,722,722,724,724,719,721,719,719,719,721,718,719,722,721,722,721,718,717,717,713,711,712,709,708,709,706,702,696,686,675,659,646,633,619,605,590,576,561,547,531,517,495,475,456,439,420,403,386,368,357,343,332,321,307,296,288,282,276,271,267,261,261,260,259,256,253,249,246,244,244,241,240,238,239,241,242,240,239,236,236,234,235,232,233,231,231,234,234,234,233,231,230,227,227,225,225,223,224,226,226,224,224,222,218,216,214,213,212,211,210,209,212,210,212,206,203,202,201,200,197,196,195,197,198,199,198,195,192,190,190,187,187,186,184



[21:05:21.796]发→◇G
□
[21:05:22.743]收←◆177,178,178,178,175,176,175,176,178,178,178,179,183,183,186,187,184,186,185,187,189,189,190,191,195,195,196,197,194,194,192,190,189,188,189,189,192,195,200,210,218,234,258,281,310,340,373,405,438,468,494,526,547,572,595,615,636,658,680,699,708,711,714,720,721,721,724,719,718,719,720,721,721,722,721,725,724,725,725,722,721,722,723,723,722,723,722,726,728,727,726,724,721,722,722,724,723,722,723,726,729,727,727,724,722,722,721,722,721,721,721,724,726,725,724,724,721,722,722,721,720,720,720,719,723,722,721,723,719,720,719,721,718,719,718,718,721,720,720,720,716,714,711,711,709,709,705,702,701,693,683,672,656,645,632,617,603,590,577,560,546,530,510,493,473,456,438,420,402,386,372,356,343,330,315,303,295,288,281,274,271,268,267,263,260,260,253,250,250,245,243,243,242,240,243,240,238,241,237,236,237,233,233,233,233,232,234,233,231,236,231,229,229,228,227,225,225,225,225,226,226,225,224,221,220,217,215,215,214,213,212,213,212,213,211,206,204,203,200,200,200,199,197,199,197,198,197,194,192,191,190,188,188,186,186,188



[21:05:23.797]发→◇G
□
[21:05:24.741]收←◆174,177,177,178,179,179,176,176,177,177,178,178,179,180,186,186,188,188,187,186,189,189,190,189,191,191,196,197,198,196,193,190,190,190,189,188,189,192,200,209,222,239,256,281,311,340,373,404,436,466,500,526,551,576,595,615,637,661,680,698,706,711,718,720,721,722,720,719,719,720,720,722,723,721,722,724,723,724,726,723,721,722,723,723,723,724,722,725,727,728,726,724,722,721,722,724,724,723,723,727,727,727,727,724,722,722,722,723,721,722,721,727,726,724,725,721,721,722,722,722,720,721,720,722,724,723,722,720,720,721,720,720,718,720,719,722,722,721,722,719,715,713,711,710,710,707,707,703,701,695,685,675,659,646,633,619,603,589,575,559,548,531,514,495,474,456,438,421,403,387,369,354,344,330,320,310,296,288,280,276,270,266,263,260,260,259,256,254,249,247,245,243,241,240,240,238,242,242,241,240,235,235,234,232,232,231,231,230,234,234,234,233,230,229,227,226,225,224,224,223,224,225,224,225,222,218,216,216,213,212,210,210,209,211,210,208,206,202,200,200,199,196,196,196,195,198,197,196,196,191,190,189,189,187,185,185