
[21:06:24.891]发→◇G
□
[21:06:25.834]收←◆176,174,176,172,173,172,173,172,172,174,176,175,176,173,173,172,173,172,172,172,174,177,175,179,179,177,176,176,177,177,178,179,179,182,182,185,185,184,188,191,199,209,222,236,253,274,293,314,333,349,366,383,400,417,433,451,468,487,505,522,538,554,567,581,593,608,621,633,647,659,668,679,686,691,695,700,698,702,704,706,709,712,714,718,720,719,722,720,719,718,718,717,716,717,718,717,722,721,722,723,720,719,720,718,719,718,718,717,720,721,720,720,718,718,717,716,717,719,717,717,720,720,719,719,718,716,714,716,715,714,715,715,716,715,713,713,710,704,700,694,688,681,676,669,666,657,649,639,631,617,608,599,588,579,568,561,551,542,529,513,500,484,471,456,443,431,415,404,387,377,363,346,333,319,308,300,292,285,280,277,271,270,267,260,257,253,250,249,245,245,244,244,243,243,242,241,236,235,235,233,233,231,231,234,233,232,232,232,228,227,224,225,224,222,223,224,224,223,222,222,219,219,216,214,212,212,211,210,213,211,210,209,206,203,201,199,199,199,197,196,199,195,197,197,192,192,189,189,189,187,187,186,189,186,188,188



[21:06:26.900]发→◇G
□
[21:06:27.847]收←◆176,175,173,173,173,173,173,172,175,171,174,176,175,176,172,172,173,173,174,175,176,174,177,178,179,179,178,177,174,179,179,180,180,179,183,185,186,187,188,191,196,210,221,236,253,272,294,314,333,352,369,384,401,420,437,453,471,486,505,523,538,554,569,581,597,613,625,639,651,661,669,680,685,690,694,698,699,705,708,710,712,717,714,715,716,716,717,717,718,719,722,719,720,720,717,719,719,718,718,719,719,717,722,722,720,721,717,718,716,717,716,718,718,716,721,720,720,721,718,718,716,717,715,715,717,716,719,719,718,719,715,715,713,712,712,709,708,704,706,700,693,688,679,672,665,657,650,639,629,619,612,604,594,584,575,562,552,540,529,516,499,487,473,462,446,433,419,403,390,376,362,349,333,321,306,301,292,288,280,276,275,270,267,264,259,254,248,249,247,246,244,242,244,243,243,241,240,236,233,234,233,231,231,230,233,234,233,231,230,228,225,225,226,223,222,222,223,224,223,222,222,218,215,214,212,211,212,213,210,211,210,210,208,204,201,201,199,199,197,198,196,198,197,197,196,192,191,187,189,188,187,186,186,189,188,187



[21:06:28.894]发→◇G
□
[21:06:29.840]收←◆172,172,172,173,176,175,175,175,173,172,172,175,171,172,171,172,175,177,176,174,174,174,175,175,175,175,178,177,181,181,182,181,180,179,180,181,181,183,186,192,201,211,224,238,256,271,290,309,329,347,365,382,404,421,437,455,472,486,502,517,532,547,562,579,597,609,624,636,650,657,666,675,681,684,689,694,698,702,704,708,711,713,716,718,720,718,716,716,718,718,718,718,715,720,722,722,722,718,718,719,719,719,718,718,716,720,719,722,720,718,716,718,717,716,716,716,718,722,721,721,719,718,716,715,715,714,715,715,714,719,718,717,715,714,711,710,707,704,700,696,690,686,677,668,660,651,641,632,624,616,611,601,591,583,570,560,548,539,521,509,497,483,474,461,446,429,417,401,386,371,357,344,331,320,313,304,296,285,281,274,269,266,261,259,255,254,253,253,250,249,245,242,242,239,238,237,237,235,236,236,235,236,234,232,231,228,229,227,226,226,228,228,228,227,226,223,221,220,220,218,217,216,218,219,216,215,214,211,211,207,209,205,205,203,203,205,202,201,199,197,195,195,194,192,192,191,191,193,192,191,188,189,186,185,184,183



[21:06:30.890]发→◇G
□
[21:06:31.835]收←◆174,171,172,171,172,173,173,174,174,176,177,174,173,172,171,173,173,174,173,176,176,178,178,176,176,177,175,177,177,178,179,181,183,183,183,182,182,187,186,191,198,208,223,240,256,271,294,311,331,347,364,383,400,416,434,452,472,487,505,521,536,550,563,577,592,606,620,636,647,659,670,677,683,688,689,693,696,701,703,706,708,711,715,718,719,719,719,718,719,717,718,718,716,718,719,723,722,722,721,720,720,720,719,719,717,717,719,722,720,720,721,718,719,716,717,716,716,719,716,721,720,719,718,716,716,715,714,716,714,715,713,718,716,716,713,710,708,704,699,695,688,683,677,671,664,653,645,633,623,615,606,598,588,581,572,562,552,538,525,510,497,483,470,456,444,431,418,405,391,373,359,347,332,319,309,299,293,288,282,279,274,268,262,262,257,253,251,248,246,249,247,243,243,241,239,237,235,234,233,234,233,234,234,230,234,233,229,228,228,225,225,225,224,224,226,224,225,224,221,218,216,216,214,214,214,213,215,212,214,211,208,206,204,204,201,200,199,199,200,200,199,198,195,194,192,190,189,190,188,188,190,189,190,189,185,185



[21:06:32.889]发→◇G
□
[21:06:33.833]收←◆174,177,172,173,172,172,172,172,174,174,176,175,176,174,172,172,171,172,172,173,175,174,179,178,179,177,176,177,177,178,178,178,179,181,183,184,186,185,186,192,198,208,221,236,253,274,294,312,333,349,366,382,400,416,433,451,467,487,505,523,537,550,565,578,592,606,620,632,645,660,670,678,687,689,695,695,696,702,703,706,707,711,713,718,718,719,720,719,719,718,718,717,717,718,716,721,722,721,721,720,720,719,720,719,718,717,718,721,720,721,720,718,718,717,717,716,716,718,719,722,719,720,719,716,716,715,714,716,714,715,714,717,716,715,715,711,708,704,699,695,688,682,675,673,664,657,646,638,626,616,608,598,588,579,571,561,553,540,528,515,497,483,470,456,443,429,416,401,391,375,362,346,331,319,310,299,291,285,279,276,275,271,267,260,257,253,250,248,246,246,243,245,245,243,243,238,235,236,234,234,233,231,232,232,234,233,232,229,228,226,225,225,224,222,222,226,224,225,222,220,220,216,215,215,212,212,211,214,210,211,212,209,208,203,202,201,201,198,197,197,196,199,197,195,192,191,190,189,189,188,187,187,190,189,188,187