
[21:07:01.844]发→◇G
□
[21:07:02.791]收←◆172,173,172,172,174,175,176,178,177,174,175,173,173,173,173,172,173,177,174,178,178,176,177,176,176,176,176,177,178,182,179,182,181,180,179,178,180,181,184,188,194,206,218,232,248,263,280,299,316,335,352,369,385,406,419,439,455,469,484,498,510,526,541,554,568,584,598,612,623,634,640,649,652,659,665,669,674,680,686,693,698,703,706,711,713,714,717,717,718,719,719,718,722,721,723,724,721,720,721,721,721,721,721,722,724,722,722,723,719,719,718,719,720,718,719,717,721,723,724,722,720,719,718,716,717,718,716,716,719,720,718,718,715,711,709,707,704,700,697,691,688,682,673,664,656,644,637,628,620,611,603,597,585,580,571,557,544,532,520,506,494,480,468,455,440,430,415,398,383,367,352,339,327,315,304,300,291,286,280,272,269,263,260,256,252,251,249,248,248,246,245,242,240,238,235,234,235,233,234,235,235,236,235,233,231,232,228,228,226,226,226,226,227,227,227,227,223,222,221,219,218,217,215,215,217,213,216,214,211,210,207,207,205,203,202,202,203,201,201,200,197,196,194,193,192,192,191,190,193,192,192,191,188,186,185,184



[21:07:03.844]发→◇G
□
[21:07:04.790]收←◆173,172,173,173,172,172,175,178,176,178,175,176,173,174,175,174,176,175,178,179,180,181,179,180,178,179,179,179,180,180,183,181,184,185,183,182,183,183,187,193,200,212,229,242,264,289,309,328,349,370,392,413,431,453,474,493,513,532,552,565,581,597,615,631,646,662,676,689,700,707,711,714,715,714,715,715,715,716,716,717,719,721,721,723,723,720,719,720,721,721,721,720,719,722,724,724,723,720,721,721,721,722,721,720,718,722,722,723,721,721,719,720,721,719,719,718,718,723,722,722,721,719,718,717,717,717,715,718,717,721,722,720,720,718,717,716,716,715,714,714,711,711,708,702,698,693,681,672,665,654,645,635,627,619,608,597,580,568,550,536,522,508,492,478,466,449,435,419,401,384,367,354,339,326,315,305,300,291,288,284,278,271,265,262,259,257,254,251,254,250,250,249,247,242,241,239,238,238,237,236,237,238,239,238,236,232,232,230,229,228,228,227,227,229,229,229,229,224,227,221,221,219,219,217,217,218,217,216,216,213,213,207,206,205,204,203,202,203,199,203,202,198,195,195,193,192,191,190,191,192,190,192,190,190,187,184



[21:07:05.844]发→◇G
□
[21:07:06.788]收←◆174,173,174,173,173,174,176,175,176,177,176,174,176,173,174,174,173,174,176,178,178,182,180,178,178,179,180,179,180,180,181,183,181,186,186,183,182,184,187,193,201,212,226,245,263,287,308,330,351,370,391,411,431,451,469,491,512,530,550,569,583,599,614,630,646,661,676,688,697,707,711,715,716,718,715,716,715,717,717,717,716,721,722,723,722,723,720,720,721,720,721,719,719,719,723,723,724,723,720,721,722,722,721,721,720,719,724,723,721,721,718,720,720,719,720,719,719,720,724,723,721,723,718,717,719,718,717,718,718,718,720,720,719,720,717,716,716,716,714,712,710,707,707,703,698,693,685,673,663,654,644,634,624,616,607,595,584,567,554,536,522,506,491,477,462,449,431,420,404,386,368,352,339,326,316,306,299,293,286,282,278,271,266,263,259,256,253,251,250,251,249,248,247,244,242,241,238,238,237,236,236,238,237,238,236,236,231,232,229,229,229,227,227,228,228,228,229,227,223,224,220,219,218,217,216,216,216,214,217,214,210,209,208,206,205,203,202,200,201,199,200,200,197,195,194,193,192,190,190,189,191,190,190,190,187,185



[21:07:07.847]发→◇G
□
[21:07:08.790]收←◆173,173,174,174,173,174,173,176,177,177,177,178,173,174,174,173,174,174,174,173,181,180,182,181,178,178,180,180,179,181,180,179,185,184,185,186,183,184,188,193,200,211,225,243,265,288,310,331,352,371,391,412,431,452,470,489,513,531,550,570,586,599,615,630,646,662,676,687,698,707,711,715,718,714,716,715,716,716,717,718,717,723,721,723,722,721,721,720,719,721,721,719,717,723,722,725,723,720,720,721,722,721,721,721,721,722,723,724,721,720,718,720,720,718,718,718,719,723,724,723,721,719,717,717,717,718,718,717,717,720,720,721,720,722,716,716,715,714,714,712,710,711,708,704,699,695,683,673,664,654,645,634,624,613,607,595,584,570,551,537,522,508,493,478,463,446,436,420,403,387,368,353,339,327,315,306,297,289,288,285,279,274,267,262,259,256,253,252,250,248,249,247,247,248,245,239,238,237,238,237,234,234,237,238,238,236,237,230,229,229,228,228,226,226,225,229,229,227,225,222,222,221,218,218,216,214,211,216,217,215,212,208,207,205,204,204,202,200,199,203,203,201,199,197,194,192,193,191,189,188,189,191,191,191,190,186



[21:07:09.844]发→◇G
□
[21:07:10.790]收←◆175,174,173,173,172,173,172,176,176,175,177,176,174,174,173,174,174,174,174,178,179,179,181,179,179,179,179,179,179,181,181,184,184,183,185,183,182,185,190,192,200,212,225,245,264,286,307,331,350,372,392,411,431,450,470,490,510,529,544,566,581,599,616,629,644,660,674,685,696,704,707,714,716,716,717,715,716,717,716,717,717,718,719,723,723,724,723,721,720,720,721,720,719,719,719,725,724,723,724,724,722,721,721,720,720,719,718,724,722,723,721,723,721,719,718,719,718,720,719,719,720,721,721,720,717,718,717,717,717,718,717,716,718,718,720,719,716,716,714,713,709,707,704,700,698,692,683,675,663,653,642,633,623,615,604,592,581,566,553,537,522,507,491,477,462,448,433,416,402,385,368,353,342,326,315,305,297,293,287,281,277,272,266,264,262,257,254,251,250,250,249,247,244,246,241,240,239,238,236,236,235,237,236,236,233,235,232,231,231,229,228,227,227,227,228,227,227,227,223,223,220,218,219,217,217,216,217,215,216,215,212,208,207,208,205,203,202,202,201,202,201,201,197,195,195,194,192,192,190,189,191,190,189,190,189,187