
[21:07:34.739]发→◇G
□
[21:07:35.683]收←◆176,176,175,172,172,172,172,173,172,171,174,176,177,176,175,173,173,173,173,173,173,175,176,181,179,181,179,177,178,178,177,178,178,178,181,184,186,187,190,189,198,206,217,231,247,266,287,308,327,347,367,380,396,414,431,448,464,482,498,520,537,552,569,582,595,608,622,636,647,658,665,681,689,694,698,699,700,704,706,709,709,712,714,720,719,720,721,718,719,719,718,718,717,718,717,722,721,721,721,720,721,720,719,719,719,719,718,721,719,721,720,722,719,717,717,718,718,718,718,719,720,720,720,720,717,715,715,715,716,716,715,716,717,716,715,714,709,706,704,700,693,687,679,670,667,660,653,643,632,620,612,601,592,581,572,561,550,541,529,515,500,483,468,454,441,425,411,396,384,371,357,345,331,316,305,295,288,280,275,269,266,266,263,261,259,251,247,245,243,241,240,239,239,241,240,239,237,235,232,231,231,229,228,228,225,231,231,229,230,227,224,223,223,222,221,220,218,221,222,221,220,219,215,214,212,211,209,209,208,208,210,210,207,206,202,201,199,198,196,195,196,195,196,196,196,196,191,189,188,188,187,186,186,185,189,188



[21:07:36.743]发→◇G
□
[21:07:37.687]收←◆177,174,173,172,173,172,172,171,175,176,176,178,180,174,173,174,173,173,174,174,174,179,180,179,181,180,177,177,178,178,178,179,176,182,183,184,186,185,185,190,197,205,219,232,247,268,290,308,328,346,360,378,396,415,430,447,465,484,504,521,537,551,563,579,595,608,621,634,646,661,673,682,688,692,693,696,700,703,706,709,709,715,717,720,720,722,717,718,718,719,718,718,718,719,721,723,723,721,719,721,719,720,720,719,719,717,721,722,720,721,717,719,719,717,718,716,716,719,721,721,721,719,718,715,716,716,714,715,716,717,719,718,716,716,713,712,710,706,703,699,693,686,682,676,669,662,653,639,629,619,610,601,591,581,572,566,552,541,529,512,497,483,470,454,439,425,411,400,386,372,357,342,327,315,304,295,287,280,272,272,269,265,264,258,252,250,247,245,244,241,240,240,241,240,240,239,233,233,231,232,230,229,229,229,232,232,230,231,227,225,223,224,223,222,221,221,224,223,221,223,217,216,215,213,212,211,211,209,212,210,211,210,206,204,201,200,200,198,196,193,200,199,199,196,195,190,192,190,188,186,187,184,187,189,188,187



[21:07:38.739]发→◇G
□
[21:07:39.685]收←◆174,174,173,174,171,172,173,174,176,175,175,176,174,173,173,176,172,172,174,173,177,177,177,177,176,177,179,178,177,177,178,178,181,181,182,180,181,184,186,190,198,206,216,231,251,268,288,305,325,342,360,379,395,413,429,446,466,483,500,516,535,550,564,578,592,606,619,633,647,658,667,675,685,690,694,699,702,702,705,707,709,713,715,716,718,720,721,722,721,719,719,717,717,716,718,720,717,722,722,722,722,721,720,719,719,718,718,717,716,720,720,720,721,719,717,717,717,719,718,717,717,720,720,718,719,716,715,715,716,715,715,715,714,717,716,715,711,708,703,697,691,687,679,673,663,658,648,637,630,622,608,599,589,580,572,560,548,538,524,509,496,483,467,453,439,424,413,399,383,367,353,339,327,314,303,294,286,280,277,274,268,263,259,257,253,251,246,246,243,242,242,242,239,238,236,234,233,233,232,230,230,229,231,231,231,229,230,228,226,224,226,223,222,222,224,223,222,221,222,219,217,215,217,214,212,213,210,213,211,210,207,207,204,204,203,199,200,198,197,198,198,197,194,194,191,192,191,188,190,188,186,189,188,188,187,185



[21:07:40.739]发→◇G
□
[21:07:41.683]收←◆178,178,176,173,172,172,171,172,173,172,172,173,177,176,178,175,173,173,173,174,174,175,176,178,179,181,181,179,179,178,178,177,178,179,179,183,185,186,189,193,198,205,218,232,247,266,284,306,326,346,365,381,399,412,430,446,463,480,498,516,533,551,567,583,594,606,620,634,645,656,666,675,682,692,697,700,702,703,706,707,709,712,714,715,716,721,721,720,722,719,718,718,718,718,718,719,719,721,721,723,722,721,720,720,719,718,718,718,717,722,720,721,722,722,719,718,717,719,718,718,716,718,720,718,720,719,714,716,715,715,716,715,714,713,716,713,712,709,704,699,692,686,677,670,663,655,650,642,635,621,609,601,589,579,570,558,546,537,527,514,501,484,469,453,439,425,410,397,381,370,356,344,330,316,305,294,287,281,274,269,266,264,263,259,256,252,250,244,244,240,240,238,238,238,238,239,238,236,232,231,230,230,229,228,227,229,226,230,229,229,223,222,222,222,222,220,219,219,219,221,221,219,216,213,212,212,211,210,208,207,210,210,208,207,203,202,199,199,196,195,195,194,197,196,196,195,192,192,188,187,187,185,185,184,187,187



[21:07:42.739]发→◇G
□
[21:07:43.683]收←◆176,178,176,174,171,172,173,172,171,172,172,173,176,176,177,173,174,173,173,173,174,174,174,176,180,180,182,181,178,178,177,178,179,179,180,181,185,187,190,195,196,206,217,231,247,266,284,304,328,345,364,382,398,412,430,447,462,480,498,513,535,551,567,585,596,607,620,632,644,656,666,674,685,692,696,700,702,704,705,707,709,713,713,715,715,720,721,721,720,718,718,718,715,717,718,719,718,722,721,723,722,721,720,718,718,718,718,718,717,722,718,721,721,720,718,716,718,719,719,718,717,720,719,718,719,718,715,715,716,716,715,715,714,715,714,713,711,709,703,698,692,685,678,670,662,657,652,641,633,621,610,600,590,580,569,558,546,535,527,515,500,485,468,455,439,424,409,396,380,369,356,343,331,319,304,295,287,280,275,270,264,264,261,258,256,253,249,245,243,241,240,237,237,236,240,238,237,237,235,231,229,228,228,227,227,226,229,230,229,228,225,223,222,222,222,220,220,220,219,221,220,219,215,213,212,212,211,209,209,208,207,209,209,208,206,200,199,198,196,196,194,193,196,198,196,194,193,191,188,188,187,186,185,185,185,187