
191,187,186,187,190,193,191,191,189,193,191,192,193,199,195,198,200,201,206,202,205,209,207,207,208,214,210,211,212,212,216,210,210,209,208,208,207,216,217,231,248,275,308,341,386,432,485,531,581,641,683,693,699,702,707,704,703,705,708,708,708,713,710,710,710,711,716,711,710,711,713,712,715,717,715,712,714,714,719,717,713,715,715,717,717,715,719,715,716,716,719,720,715,714,716,716,716,717,720,716,717,717,717,720,716,714,715,715,714,714,718,714,716,714,715,720,714,716,714,714,714,712,719,711,712,712,712,719,713,713,712,713,712,712,716,711,711,711,711,716,710,708,707,707,707,707,711,708,707,707,706,711,707,704,705,705,704,703,702,708,701,698,697,695,697,681,653,625,593,562,535,511,483,458,439,423,412,394,384,377,368,358,352,351,340,337,331,331,330,323,318,316,317,311,310,312,305,304,303,304,306,300,297,297,299,294,293,295,291,289,288,290,290,286,283,282,284,278,276,279,275,272,270,271,270,267,263,260,261,257,256,251,256,247,245,244,239,244,236,233,236,230,228,226,229,224,222,221,220,221,216,213,216,214,211,208

178,175,173,174,176,177,179,175,173,173,176,181,180,176,178,178,179,182,182,179,180,180,179,186,185,181,181,183,182,187,186,182,181,180,179,184,185,182,185,189,196,207,218,227,243,259,277,300,315,329,344,361,374,392,405,416,428,439,452,469,479,489,500,509,519,532,543,548,555,562,567,576,581,584,584,587,590,592,599,602,601,605,609,615,624,629,630,636,642,650,659,669,669,675,679,682,692,691,691,691,693,693,692,697,687,684,681,676,677,672,662,657,656,650,651,650,641,639,635,632,636,631,626,623,621,618,617,615,608,603,599,593,594,586,581,573,567,560,557,554,543,535,529,522,520,512,507,498,492,484,479,475,470,458,449,440,432,431,419,406,397,386,377,372,362,348,336,327,316,311,301,286,279,271,262,259,254,247,242,238,235,237,237,230,228,227,225,226,226,221,220,219,218,221,221,216,216,214,213,217,217,213,212,212,212,215,213,212,210,211,211,212,211,209,208,207,205,209,207,209,205,204,204,202,204,207,201,198,198,196,203,201,197,195,195,193,198,197,189,190,189,189,193,191,187,188,187,186,190,190,185,184,182,183,187,186



179,174,175,175,175,178,173,178,175,175,178,175,180,177,176,177,177,181,178,182,180,178,184,181,185,183,182,181,182,187,182,180,187,181,184,179,182,187,184,188,193,206,213,227,248,260,278,294,310,333,343,357,372,387,402,413,431,437,452,464,474,491,497,507,516,526,539,543,555,559,565,573,573,581,582,583,587,589,596,594,603,602,606,614,616,624,628,633,640,647,655,658,667,673,675,682,684,689,689,688,688,689,689,687,685,687,679,675,669,666,664,654,651,647,647,641,637,640,633,633,627,624,628,621,617,613,613,610,603,605,595,593,588,581,579,568,563,557,553,549,540,538,527,520,516,507,505,496,489,482,476,473,463,459,448,440,434,422,418,406,395,386,377,370,355,348,338,326,318,304,297,286,277,270,262,259,250,245,248,238,238,235,231,235,228,226,224,226,222,222,224,219,221,217,215,220,214,214,215,213,216,213,217,212,211,215,210,214,209,209,209,209,212,207,211,206,207,210,204,209,204,204,203,201,206,200,204,201,197,201,198,201,197,196,193,194,196,193,192,192,188,192,190,192,189,185,186,186,189,184,183,189,184,185,182,181



175,174,174,175,174,179,177,175,174,174,180,180,178,175,176,176,177,177,184,183,180,179,183,183,183,182,182,182,182,183,187,183,180,179,181,186,184,183,184,188,195,202,217,231,243,259,275,298,314,328,344,357,372,386,404,416,427,439,452,467,479,488,497,506,517,525,540,547,552,559,564,576,580,579,583,585,588,591,598,597,602,602,608,617,621,624,628,634,640,647,654,666,669,672,677,685,688,689,688,689,689,689,689,693,687,682,679,675,676,669,660,655,652,647,645,647,642,636,632,630,635,629,624,621,618,615,610,614,608,601,596,592,592,585,577,571,563,559,553,551,543,535,528,521,519,512,503,496,490,482,477,474,465,459,447,440,436,427,416,406,396,385,376,366,362,351,335,325,317,310,299,287,277,269,261,256,254,250,243,239,236,239,235,230,228,225,224,223,226,224,219,218,218,222,220,215,216,214,215,213,217,215,212,212,210,216,215,211,209,210,210,208,212,211,208,207,206,210,209,207,204,202,202,201,203,203,204,199,200,202,201,200,196,193,194,194,192,197,194,191,188,191,193,192,188,187,187,186,186,188,187,184,183,181,186,186



174,178,175,174,175,177,173,174,177,177,178,175,174,181,177,176,178,182,177,180,183,180,185,180,180,185,184,181,181,185,182,181,181,186,184,180,180,182,189,188,195,207,214,228,243,263,279,294,310,325,347,358,371,389,399,412,425,443,455,462,474,484,499,506,515,527,536,542,549,563,567,569,572,576,585,583,585,588,595,594,598,606,608,613,615,619,631,631,638,645,655,658,663,673,678,682,683,683,689,690,688,689,690,685,684,681,683,675,668,662,659,659,651,645,646,639,636,636,637,633,627,625,621,623,616,613,612,607,603,598,599,593,585,579,573,574,564,556,553,545,538,532,530,523,515,506,501,499,489,482,476,473,461,454,452,442,433,422,413,408,395,384,375,369,355,346,337,327,319,304,295,289,280,269,261,260,251,246,241,244,239,233,230,227,232,225,223,225,221,220,218,223,222,215,216,213,220,214,214,217,214,213,212,216,213,211,211,210,214,209,210,209,210,208,207,211,209,206,204,204,208,204,202,202,204,202,200,204,199,202,197,197,199,197,193,192,196,191,192,191,192,192,188,187,189,189,187,184,190,184,183,182,188,186,182,181
