
170,171,170,169,170,169,169,168,171,171,168,170,168,170,171,170,171,170,169,171,171,175,170,170,172,172,173,171,173,171,170,170,171,176,172,171,172,172,177,175,177,183,186,191,197,208,214,219,228,235,245,249,253,267,271,276,284,290,301,304,310,316,327,329,335,343,347,352,357,363,370,370,374,378,383,384,385,389,391,393,396,403,405,407,412,415,422,426,429,436,438,444,449,454,462,462,465,469,472,476,474,477,475,475,476,475,480,473,471,467,465,466,462,461,462,458,458,458,461,457,455,454,455,456,452,449,454,449,447,444,445,445,439,436,434,434,428,425,424,416,413,410,408,406,400,396,393,392,386,382,379,373,369,365,363,357,350,346,340,336,330,322,318,310,302,295,289,286,276,269,262,256,253,244,240,234,230,228,224,226,221,218,217,215,217,212,210,211,209,207,208,210,207,205,205,204,206,203,199,206,202,201,200,202,205,200,200,200,202,199,199,201,198,197,196,197,199,197,195,195,197,193,194,194,191,192,192,193,191,190,190,188,190,188,185,186,184,184,184,183,186,183,183,181,182,185,180,181,179,178,177,178,183,177,177,176


175,170,171,173,171,170,170,173,173,171,171,170,173,171,171,174,173,171,171,174,174,173,172,172,174,173,174,174,177,175,174,176,176,176,174,174,176,176,177,180,187,188,196,206,214,228,236,247,260,270,279,292,303,310,320,329,341,351,358,366,375,387,395,403,414,418,426,432,445,450,451,458,461,469,469,473,479,480,482,485,491,496,497,501,506,514,517,523,532,535,541,547,554,562,563,569,572,578,578,581,582,585,583,583,583,580,578,573,569,569,563,559,557,559,553,551,551,547,549,543,544,544,541,539,536,538,533,530,528,525,525,517,513,511,509,502,497,497,489,484,477,479,473,465,460,453,454,446,441,437,431,424,418,417,411,401,395,388,383,373,366,361,350,341,334,328,320,310,299,290,285,275,267,260,257,249,245,240,239,235,230,228,227,225,223,221,224,219,217,216,216,217,214,213,213,211,210,211,212,210,209,209,209,210,206,206,205,207,206,205,208,204,204,200,206,206,201,200,197,203,198,199,200,197,196,195,198,198,194,192,193,193,192,191,191,190,188,188,189,189,186,185,184,186,184,182,184,183,180,181,183,181,181,180,178,178


169,169,171,170,170,169,173,170,171,170,170,172,170,169,169,172,171,171,172,171,171,170,175,173,173,171,171,175,172,173,175,174,173,172,175,175,173,174,176,180,182,186,195,205,212,223,234,243,258,265,276,288,298,307,317,330,336,344,356,363,375,380,390,399,407,414,421,432,435,442,449,452,459,461,465,469,471,474,477,482,484,488,491,498,503,505,511,516,525,529,534,543,546,551,554,566,568,569,570,571,579,576,575,578,574,571,569,569,564,561,555,552,553,547,547,543,544,540,539,540,536,537,534,531,532,528,526,524,525,518,515,515,508,507,500,497,494,488,483,478,477,471,464,462,456,454,444,440,436,430,425,420,418,408,403,398,390,386,376,369,362,355,345,337,333,322,313,303,301,291,281,273,262,262,251,246,245,239,235,230,232,228,226,222,221,221,219,216,217,216,214,212,213,212,212,209,209,209,209,207,207,208,206,206,207,204,207,203,204,205,203,202,201,204,201,201,201,199,201,198,197,197,197,195,194,198,194,193,193,193,193,191,189,188,191,187,186,190,186,184,182,188,186,182,181,179,184,180,180,181,180,179,177,182,179,177


174,171,172,170,170,169,170,172,169,171,169,168,172,170,173,170,170,170,170,173,170,173,171,171,173,173,176,172,172,173,173,175,173,175,173,174,175,176,179,180,183,188,195,204,213,225,233,244,257,267,280,289,297,307,317,327,337,348,355,363,373,384,394,400,407,415,423,428,441,443,449,453,456,466,466,472,472,474,478,481,488,489,496,496,500,509,514,521,524,531,537,543,551,554,561,563,566,573,574,578,577,577,577,576,578,574,573,567,565,564,559,558,552,551,548,547,546,543,543,540,539,539,536,537,531,530,528,526,523,520,520,514,509,507,504,501,495,489,486,480,473,476,466,463,456,450,452,442,439,432,427,421,414,413,404,400,391,383,381,371,365,356,347,339,331,325,314,308,298,288,283,274,269,258,253,246,243,239,235,235,229,227,227,224,224,220,217,218,215,215,213,214,211,211,211,211,212,210,208,207,207,207,207,208,204,205,205,205,206,203,202,202,203,199,204,201,202,200,198,202,198,199,197,196,196,194,197,193,195,191,189,194,189,192,189,187,187,187,187,185,186,184,183,184,183,186,181,180,180,179,181,179,181,177,178,179


171,169,169,169,170,170,172,172,170,169,169,172,172,171,171,169,169,171,173,173,172,170,172,173,173,172,172,172,174,175,175,175,173,172,172,175,175,176,176,179,183,187,195,204,213,222,233,246,257,269,277,288,298,307,317,326,340,344,353,363,373,386,390,398,407,414,422,431,440,443,447,452,460,464,464,469,471,474,477,483,486,489,492,497,504,508,511,518,523,528,535,544,548,552,557,561,568,571,573,574,575,575,577,578,576,573,569,567,566,562,557,554,550,549,547,546,546,542,541,539,538,538,536,532,532,529,526,524,522,524,516,513,509,507,506,496,493,488,483,480,476,474,466,460,456,452,449,442,435,430,425,421,418,410,402,398,391,386,378,370,362,355,347,338,333,324,314,305,297,292,282,273,265,258,251,247,244,240,235,231,229,229,227,223,222,220,218,217,217,215,214,213,211,213,212,211,208,208,208,207,207,206,211,206,205,204,205,208,204,203,203,201,202,203,204,200,199,199,200,201,198,198,196,195,195,197,195,193,193,191,193,192,190,188,189,187,186,188,187,185,184,183,185,183,181,181,181,180,180,182,181,179,178,177,181,179