
169,166,176,170,170,169,170,172,169,171,169,168,168,168,175,170,169,170,170,172,171,172,171,170,170,171,176,173,172,172,172,176,173,174,172,173,173,173,180,179,182,187,193,204,208,216,233,239,250,260,272,285,289,299,308,320,328,333,348,354,361,370,378,394,395,402,410,417,426,428,435,439,442,448,448,459,457,459,462,464,470,471,477,479,484,488,493,504,504,509,514,521,529,531,538,539,542,546,548,556,551,552,551,550,552,546,545,541,536,534,530,531,529,522,520,518,520,516,512,516,509,509,506,508,509,502,500,497,497,493,489,488,481,478,474,469,474,462,458,453,449,448,439,437,430,426,421,415,416,408,403,398,392,390,382,376,369,362,355,348,345,336,328,320,313,308,297,289,281,272,266,258,255,246,241,236,232,232,226,221,223,217,216,215,215,215,211,209,208,210,208,202,209,205,205,203,202,210,202,203,202,204,204,199,201,200,200,199,195,205,198,198,197,197,200,197,197,195,196,193,193,198,193,192,193,192,193,191,191,189,188,188,186,190,186,185,184,185,186,184,182,182,181,181,180,183,181,179,180,178,181,178,175,180,176,176


169,175,169,169,169,170,169,169,173,170,170,169,170,175,170,169,170,170,169,171,171,176,172,170,171,176,173,173,172,172,172,173,170,177,172,171,172,177,181,178,183,186,192,201,209,223,229,239,251,258,278,281,290,300,310,319,328,341,345,354,363,371,386,389,396,404,412,418,425,435,436,440,444,448,458,455,459,460,463,467,469,477,480,481,485,490,500,501,506,511,517,522,527,532,544,542,544,549,555,555,554,553,553,552,551,549,553,542,539,537,532,538,528,525,524,521,520,517,520,513,513,511,508,514,506,503,502,498,497,493,496,488,484,480,478,479,469,464,460,454,451,446,446,437,432,428,424,422,413,408,403,400,393,388,384,379,371,364,357,355,345,337,328,321,313,305,297,297,282,274,266,260,258,246,240,237,232,228,225,228,221,218,216,213,219,212,211,209,209,208,207,210,206,205,204,203,208,204,203,202,202,202,201,205,200,200,199,199,204,199,198,198,197,196,197,200,196,195,195,195,200,195,192,192,192,192,190,190,195,188,188,187,190,189,186,186,184,183,184,181,188,182,182,181,180,185,181,179,178,178,178,178,182,177,176,176


173,171,170,168,169,170,167,173,173,170,169,170,172,171,170,170,169,169,168,173,174,170,172,171,171,176,173,172,172,172,173,174,176,173,172,174,173,177,177,178,181,186,193,202,212,221,230,241,252,264,269,287,292,301,310,322,332,339,347,356,364,376,380,391,397,405,413,420,431,435,436,441,446,453,455,457,459,461,465,465,475,479,479,484,488,495,500,504,507,513,519,524,532,538,539,544,547,551,555,557,556,555,555,554,556,555,548,545,542,539,538,533,532,527,525,523,524,522,517,516,514,513,515,507,512,505,503,500,500,499,494,490,487,482,482,474,472,465,462,457,453,453,447,438,434,430,427,421,417,410,404,400,392,391,387,377,371,365,358,355,345,337,328,322,314,307,302,291,284,275,267,263,254,248,241,236,231,230,230,222,220,219,217,219,212,216,211,210,209,209,212,207,206,206,205,208,201,205,203,202,201,202,206,203,202,200,201,202,200,200,199,198,198,194,202,200,197,195,195,197,197,195,194,192,191,191,192,194,191,189,190,189,191,188,186,185,184,183,184,187,183,182,181,181,183,182,182,179,178,177,180,181,178,177,176,176


170,173,167,173,169,169,172,170,171,169,169,169,170,172,170,172,169,170,172,170,174,170,172,172,172,174,173,173,172,172,176,171,175,172,174,173,173,174,180,179,182,186,194,201,211,219,230,239,250,261,274,281,291,299,311,321,329,337,345,354,363,372,382,386,400,403,410,420,425,429,434,439,443,448,454,452,460,460,462,468,470,475,476,480,484,488,497,499,506,511,516,525,525,534,536,540,543,548,551,554,555,553,552,554,549,550,544,542,538,535,532,533,528,525,521,522,520,519,515,512,511,509,508,509,506,505,500,498,499,495,490,487,484,479,476,476,466,468,459,455,453,448,442,436,431,427,421,420,413,410,403,399,397,388,386,376,369,363,356,352,343,338,327,320,316,303,299,289,282,273,266,259,255,248,241,236,235,229,225,222,221,219,217,215,217,214,211,209,210,210,209,205,206,204,204,204,206,202,207,202,201,204,202,200,200,199,200,199,202,196,201,197,198,199,197,199,195,196,195,194,196,194,194,192,192,194,188,194,190,189,189,189,190,191,187,186,185,187,181,184,183,182,181,180,181,182,180,179,179,181,179,178,178,176,177,176


169,171,172,172,169,169,169,173,171,170,170,170,169,170,170,173,169,169,171,174,172,170,171,172,171,173,175,173,172,172,171,175,177,174,173,174,173,174,177,180,181,185,192,201,211,219,229,240,251,260,271,285,291,300,310,322,330,336,345,354,364,372,379,393,398,404,411,419,428,429,434,440,443,447,451,455,463,460,464,465,474,474,476,479,485,489,494,501,508,511,515,521,530,534,536,541,544,548,550,554,554,553,552,551,551,552,545,542,538,535,532,531,531,524,523,519,520,518,515,513,511,510,508,507,510,503,500,498,499,496,489,486,483,479,475,472,472,465,459,454,450,450,442,437,431,427,422,417,413,412,404,399,393,392,383,376,369,363,357,350,345,337,328,320,314,308,302,288,281,273,267,260,255,248,240,236,232,229,227,224,220,218,216,215,213,217,211,209,209,209,209,207,205,205,205,204,204,207,203,202,202,204,206,200,201,199,200,199,198,202,202,197,198,196,200,197,196,195,194,195,194,193,195,192,191,192,193,193,189,189,188,188,188,190,189,186,185,184,184,187,183,182,182,182,180,182,183,179,179,178,179,179,177,176,176,175