
170,171,170,174,173,171,171,171,171,173,172,171,170,171,171,174,175,172,172,172,173,176,171,176,174,174,173,176,179,175,175,175,174,178,174,179,175,176,178,179,191,192,198,209,219,233,242,257,267,279,290,300,316,323,334,344,353,367,374,386,392,401,409,418,431,437,444,451,457,465,471,475,477,481,484,487,494,495,496,498,502,506,511,515,518,521,527,533,541,548,549,556,560,566,573,573,584,581,583,585,589,593,587,584,584,582,582,575,575,566,563,560,557,562,552,550,549,546,548,544,545,540,538,537,534,536,531,527,524,520,520,516,514,507,502,498,493,492,488,480,475,470,467,462,457,450,444,440,435,432,429,419,414,408,403,398,391,384,373,366,359,355,348,336,327,320,312,305,292,290,277,269,262,255,257,245,239,236,232,234,225,227,224,220,219,216,224,216,213,213,213,215,212,213,208,208,209,207,211,208,206,206,206,207,205,206,204,203,202,203,206,205,202,202,200,200,203,201,199,198,198,197,198,199,196,195,193,193,196,193,194,191,189,189,191,192,188,188,186,185,188,181,188,182,182,182,180,188,181,180,180,181,182,178,180,177


171,171,174,173,174,171,169,171,169,175,174,172,171,170,174,174,173,173,172,172,172,176,177,174,173,174,175,178,174,180,175,176,175,177,181,176,175,177,179,183,185,196,199,208,218,229,252,255,267,281,291,307,315,326,336,344,355,364,381,385,395,403,412,426,430,442,447,452,461,466,477,479,481,485,489,494,495,499,500,504,505,509,517,521,521,527,533,538,546,552,556,558,566,571,578,584,583,588,590,591,594,591,596,590,589,585,584,587,577,573,570,566,565,560,561,556,552,552,548,554,546,544,543,542,542,537,536,532,528,525,523,525,516,511,506,503,500,493,491,483,479,473,468,468,463,454,450,443,441,435,431,422,417,410,404,401,396,385,378,371,362,357,347,339,329,320,314,306,300,286,279,272,263,261,248,251,241,237,233,230,236,225,223,222,221,222,218,219,215,214,212,210,217,212,209,209,208,212,208,208,206,206,206,206,211,206,204,205,204,206,203,205,201,201,200,200,202,202,200,199,198,199,199,199,196,195,195,193,195,196,192,192,192,191,192,190,190,186,184,185,187,189,183,185,183,182,185,180,185,180,179,179,179,187,178,179


171,170,171,176,172,172,171,171,173,172,170,176,169,171,171,174,177,172,172,173,173,175,172,176,174,174,174,173,181,175,175,176,175,178,175,178,175,175,178,181,191,191,199,209,218,233,242,256,266,278,289,301,318,324,333,343,352,366,372,385,391,401,409,418,432,436,443,451,457,466,467,474,479,480,483,487,494,495,495,498,502,506,511,510,523,522,527,533,538,549,549,556,560,564,573,574,581,582,582,585,584,594,585,584,583,581,581,573,574,567,562,559,558,560,552,550,549,547,548,543,544,540,536,536,533,538,529,527,524,521,520,514,513,505,501,497,492,493,486,479,473,470,468,460,457,452,444,439,434,432,428,420,414,408,405,397,386,386,375,366,359,351,351,336,327,319,311,305,293,288,276,269,262,254,255,244,240,236,233,233,227,227,224,221,219,218,223,216,214,213,213,215,211,212,210,208,207,207,213,207,207,206,206,208,204,206,205,204,203,202,207,203,201,201,200,203,200,200,200,199,197,196,197,200,195,196,195,196,195,189,196,191,188,188,188,196,186,186,187,185,189,185,186,183,182,183,181,187,182,180,181,180,181,177,180,179


171,171,172,173,172,171,170,175,171,171,173,171,174,170,172,174,171,172,171,175,172,173,176,172,177,175,174,177,175,175,175,178,174,176,178,175,179,178,178,184,185,192,200,210,219,231,245,256,269,279,292,305,313,324,335,347,356,365,375,385,397,404,412,424,430,437,445,455,462,466,471,479,483,486,488,491,497,496,500,500,509,509,512,520,522,530,530,536,545,547,553,558,568,568,574,582,582,591,589,589,593,591,590,588,591,585,582,580,575,574,569,564,566,559,557,555,556,550,548,550,546,546,541,541,541,537,532,530,530,524,521,517,516,514,506,501,500,495,488,482,478,475,468,462,461,456,451,443,438,435,427,421,415,414,405,398,394,384,383,370,361,357,346,337,330,324,312,304,297,284,283,272,263,259,250,245,241,239,233,230,230,225,225,222,221,223,217,216,215,216,213,212,214,211,211,210,209,212,208,207,206,206,207,205,206,208,206,204,203,205,204,203,202,202,204,201,200,202,201,199,199,199,200,196,196,193,198,193,192,195,190,196,190,190,191,189,187,186,189,186,184,188,183,187,184,182,186,181,182,181,183,179,180,181,179,180


171,171,171,171,170,174,173,170,171,170,174,175,172,171,171,171,172,174,175,172,172,173,177,177,173,174,174,173,174,176,178,174,174,175,178,179,176,177,179,182,186,190,206,208,219,230,243,261,268,281,292,302,312,323,338,347,354,363,371,390,395,402,411,420,429,438,448,455,458,465,470,479,482,483,486,490,491,494,500,504,504,507,511,520,522,526,529,534,540,547,555,561,564,568,573,580,584,585,586,589,590,588,591,592,587,583,581,581,577,570,567,562,559,558,554,562,552,548,547,546,551,544,540,539,536,535,533,533,529,523,519,515,520,510,505,501,496,492,487,485,481,472,467,462,460,456,447,442,438,432,426,425,419,409,404,397,394,386,378,369,362,353,345,340,332,320,312,305,298,291,278,271,263,255,249,244,246,236,233,229,229,231,225,222,220,218,216,213,221,213,212,211,209,218,211,208,208,208,207,206,209,209,206,205,203,209,207,204,204,203,203,203,204,205,200,200,200,202,203,199,199,199,197,197,198,197,194,194,192,195,195,192,190,189,190,188,190,191,187,186,186,188,188,184,183,183,181,180,181,185,180,180,179,182,182,179