
171,173,169,171,171,171,172,170,169,169,170,171,169,174,170,170,171,171,173,169,170,170,170,172,170,174,170,170,172,173,175,173,172,172,172,169,177,177,175,177,177,189,192,197,205,213,223,231,245,253,261,270,278,291,299,308,315,325,335,342,353,362,371,378,387,396,404,413,416,424,429,435,442,445,451,451,456,462,463,470,470,475,479,484,491,495,504,506,512,520,525,534,536,542,547,553,558,561,567,565,567,569,571,573,567,566,564,562,556,561,556,551,549,544,548,546,542,540,539,537,534,538,536,532,531,528,529,527,522,519,515,513,509,507,501,499,492,489,487,480,478,471,465,461,457,452,447,445,437,431,428,421,419,411,404,400,391,388,378,374,365,357,351,341,336,325,316,309,300,290,284,278,267,260,254,251,247,240,237,233,231,225,232,227,222,221,217,222,221,217,215,214,214,213,214,214,210,210,208,211,212,209,207,207,205,206,206,205,206,203,203,205,204,205,202,201,200,200,200,198,202,198,197,197,196,197,194,195,193,192,193,190,192,188,188,189,189,189,187,184,184,184,184,183,185,181,181,180,183,184,179,179,179,177,176,181


171,167,174,172,170,169,168,174,171,169,170,170,169,170,172,171,171,169,167,173,170,170,170,174,170,170,173,171,173,172,171,173,171,172,171,175,173,174,177,177,182,185,191,198,206,214,222,235,242,250,262,270,282,288,297,306,316,324,333,345,351,360,369,379,388,393,401,410,416,422,427,436,439,442,445,456,457,459,461,463,474,473,478,482,489,493,498,507,512,519,523,528,537,540,546,550,557,558,561,567,566,569,566,567,568,564,562,560,559,554,551,551,547,548,543,540,541,537,537,535,537,533,530,531,528,528,525,522,522,517,514,511,510,503,500,497,493,490,483,478,475,470,465,459,458,450,445,439,440,433,427,421,412,414,404,397,391,388,377,370,366,358,351,341,331,327,316,308,299,295,283,275,268,260,257,248,244,242,236,233,232,232,227,225,223,221,222,219,217,217,216,213,213,215,213,210,211,209,212,209,207,208,207,206,207,208,206,205,204,206,205,202,201,201,203,201,200,203,200,198,196,201,198,197,195,192,198,194,193,193,194,192,190,191,190,190,187,186,188,185,185,184,187,182,182,182,182,184,180,180,180,178,179,178,182,177


171,173,173,170,169,169,172,172,171,168,170,170,170,172,170,170,170,169,173,171,170,170,170,171,170,174,169,176,171,172,174,172,175,172,172,172,172,176,175,179,180,185,193,196,209,213,223,232,243,252,262,273,280,287,299,307,317,324,333,342,352,360,372,379,386,393,401,412,418,423,428,434,439,444,452,452,456,459,462,469,471,474,478,482,488,494,502,507,513,517,523,533,537,542,546,550,555,559,566,563,571,567,568,570,565,570,562,561,558,555,554,550,550,545,544,543,539,542,537,537,536,534,533,533,530,527,525,523,522,519,515,512,508,505,500,499,495,488,484,479,477,471,466,460,455,451,447,444,439,431,425,422,418,413,404,398,392,386,380,375,363,359,348,341,337,325,318,308,299,291,283,279,265,265,254,249,247,238,241,234,231,228,226,228,223,224,220,217,218,215,218,214,213,212,211,212,212,211,209,209,208,210,209,208,205,205,206,204,207,206,203,202,202,205,203,201,200,200,200,199,201,198,197,196,195,198,195,195,193,193,192,191,193,189,192,188,187,189,187,185,185,184,184,183,185,181,185,181,180,182,178,183,178,179,177,178


170,172,172,169,170,169,173,171,169,169,170,170,169,172,173,170,170,170,172,173,171,170,170,170,171,171,175,171,171,172,173,176,171,172,172,172,173,171,182,176,181,184,189,204,206,214,223,232,242,250,266,271,279,287,294,314,316,325,333,343,351,359,374,377,386,394,403,413,418,423,430,435,439,444,450,455,456,459,463,470,474,475,478,483,488,494,502,509,512,517,525,532,540,542,547,552,556,559,564,570,568,569,569,571,572,567,563,560,559,555,551,557,548,546,544,543,548,541,538,537,536,534,531,538,531,528,526,521,529,519,515,512,509,505,500,501,493,489,485,480,481,472,466,461,456,452,447,444,440,431,426,421,420,414,405,398,392,385,378,374,367,357,349,341,336,329,317,309,300,292,282,276,271,260,254,248,245,246,237,234,230,228,227,222,230,221,219,218,215,223,216,214,213,213,211,211,215,210,208,208,205,214,206,207,206,207,205,205,208,205,203,202,203,206,203,201,200,200,199,199,200,200,197,195,195,199,197,194,192,192,191,192,192,193,188,189,187,188,190,185,185,183,183,182,183,186,181,180,180,181,184,179,179,178,178,177


174,170,169,169,170,174,170,171,170,170,169,170,173,172,169,170,171,171,170,171,171,169,170,169,172,175,172,171,172,171,175,169,176,172,171,173,172,179,176,178,180,184,193,197,209,214,223,232,239,258,262,270,280,290,300,306,318,324,333,343,351,367,370,380,387,396,407,411,419,425,430,435,441,450,450,453,457,460,466,469,474,476,480,485,491,499,503,507,514,519,529,533,539,544,548,554,559,564,569,568,569,570,572,573,568,573,565,563,559,559,562,553,551,547,546,547,541,544,539,538,537,535,541,533,531,530,527,527,523,522,517,514,510,506,509,499,495,490,487,484,476,474,467,462,457,452,452,444,439,433,429,425,418,413,406,399,392,386,382,376,366,357,350,344,336,325,319,308,300,292,284,279,268,261,255,250,249,237,241,234,232,228,226,232,223,222,221,219,220,216,218,214,214,212,210,218,212,211,209,210,211,209,209,206,206,206,206,209,205,205,204,203,206,202,202,202,200,200,199,203,200,198,197,196,199,196,194,193,192,192,193,194,193,191,189,189,190,188,186,188,185,184,184,185,188,182,182,181,180,182,177,184,177,177,177,177