
170,170,170,173,170,172,169,169,169,169,173,171,170,169,170,172,171,169,170,169,169,169,171,174,170,170,170,170,174,168,176,170,171,170,171,177,173,175,175,177,183,184,190,196,202,211,220,233,239,247,256,266,278,284,294,302,311,319,328,343,347,355,365,373,385,389,400,406,412,418,425,436,436,440,445,449,455,456,461,464,466,472,476,484,488,492,497,503,511,518,521,530,533,538,543,549,561,558,560,563,566,569,566,570,564,563,561,557,561,553,549,547,546,546,541,542,537,536,534,533,538,530,529,529,526,528,522,523,516,513,511,509,509,502,498,493,490,487,481,477,470,465,461,456,457,448,442,437,432,431,423,418,412,405,400,393,388,385,374,367,358,352,347,333,333,319,312,303,292,294,278,271,263,256,252,243,244,236,232,229,226,230,223,222,219,218,219,216,215,213,212,211,211,214,209,209,207,207,209,207,208,205,205,204,203,209,204,202,202,203,205,202,202,200,200,198,199,203,200,198,197,196,197,195,195,196,193,191,192,192,195,190,190,188,189,190,184,189,185,184,183,181,190,183,182,181,181,183,180,181,179,178,178,177,182,177


170,169,169,171,170,172,170,169,169,169,175,168,170,170,170,172,171,172,170,170,169,169,174,170,170,169,170,174,172,173,172,172,171,171,176,173,172,172,174,178,182,187,189,197,203,212,220,235,240,248,257,264,281,288,296,304,314,323,334,342,349,359,367,375,387,396,401,407,416,424,431,436,438,443,448,452,459,461,467,467,472,477,480,490,491,494,501,508,516,521,529,533,538,545,549,560,559,562,565,568,572,573,575,571,570,569,566,568,562,558,555,551,551,551,549,544,543,543,540,539,541,536,533,533,530,533,530,525,522,520,517,516,512,505,502,497,493,493,487,481,476,470,465,462,461,451,447,441,437,433,426,425,416,410,404,397,394,384,378,369,361,357,347,341,330,323,314,305,301,289,279,272,263,259,253,248,241,238,234,231,228,230,223,221,220,216,222,219,215,213,214,213,214,214,210,209,208,207,210,210,207,205,206,206,207,207,203,203,203,202,203,203,205,200,201,201,200,203,198,196,198,196,198,196,199,195,193,192,192,196,191,189,189,188,190,188,191,186,185,185,184,187,184,182,182,181,183,183,184,180,180,179,178,180,182,177


171,171,173,171,170,169,173,169,170,171,168,174,169,170,172,170,170,169,172,169,170,170,172,171,171,172,171,173,171,170,174,170,171,171,174,175,172,174,174,178,180,184,190,194,202,211,222,231,238,248,257,270,275,283,293,303,309,320,331,338,347,355,364,375,382,389,395,409,412,417,427,428,439,440,443,451,451,454,457,467,467,471,477,479,487,490,496,504,509,513,520,529,531,536,544,551,556,556,559,562,566,564,565,567,563,562,559,560,556,551,549,546,547,541,539,540,536,535,534,534,532,530,528,528,528,524,520,519,517,513,511,511,504,503,497,493,492,483,479,472,475,465,461,459,449,451,441,436,435,427,421,417,413,405,399,394,387,383,374,365,361,351,344,335,329,320,310,303,297,287,277,269,263,259,249,244,241,235,232,229,230,226,223,222,219,220,217,215,215,213,212,211,213,210,210,209,207,210,207,206,206,207,204,204,206,204,206,203,203,205,201,201,199,205,200,198,202,197,201,198,197,199,196,195,195,196,192,192,193,192,193,191,188,189,191,186,186,187,184,183,184,185,184,184,182,181,184,180,179,180,179,177,179,180,179,177


168,169,169,171,170,172,171,170,170,170,173,169,170,168,169,171,170,172,169,170,171,170,176,169,170,171,169,173,170,174,171,171,173,171,176,172,172,172,174,178,180,186,191,197,204,211,220,236,240,248,257,265,281,286,298,304,313,322,331,348,349,359,366,375,388,393,404,408,415,422,428,440,440,444,447,451,458,460,466,467,471,476,480,491,491,496,500,507,516,521,529,533,539,544,550,561,560,562,566,569,572,572,575,571,570,569,567,568,563,557,555,552,551,549,547,546,543,542,540,538,544,535,534,533,529,535,529,528,523,518,516,512,515,504,502,497,494,492,486,483,476,472,466,461,460,451,446,440,436,433,426,424,415,409,404,397,395,383,377,370,362,355,347,342,331,322,314,304,301,288,280,271,265,259,252,248,243,238,234,231,230,228,224,222,221,219,219,216,217,214,213,213,209,218,209,209,208,205,210,209,210,206,205,205,204,210,204,202,203,203,204,203,205,202,200,200,199,202,197,198,198,197,196,195,199,194,194,193,192,196,191,190,190,188,190,188,190,186,186,184,184,188,182,181,181,183,183,182,183,182,179,179,179,178,181,177


169,170,172,171,170,168,171,170,169,171,170,172,171,171,173,170,170,169,172,169,168,172,170,172,171,171,173,172,171,171,170,175,171,171,174,173,174,174,175,179,179,184,188,199,203,212,223,226,242,248,258,269,274,284,292,303,310,319,330,337,348,355,364,375,381,388,395,405,410,416,426,429,437,439,443,450,452,454,458,464,466,469,477,480,487,490,495,503,507,513,520,528,532,538,543,549,554,557,559,563,564,563,564,562,567,560,560,559,554,556,547,545,547,541,538,535,539,535,532,534,529,533,529,526,527,523,520,517,517,512,509,510,503,503,497,491,491,484,479,474,471,464,461,459,450,448,442,436,435,427,421,416,413,405,398,396,386,382,373,366,361,351,343,336,329,320,310,303,296,286,279,270,263,260,250,244,236,240,233,229,231,222,228,222,219,220,217,215,213,216,212,210,213,207,212,209,207,209,207,207,205,207,205,204,206,204,205,202,202,206,201,202,200,202,200,200,201,199,200,197,197,199,196,196,193,196,194,193,194,193,193,190,189,192,188,187,186,186,186,183,183,187,184,183,181,182,184,180,180,177,183,178,178,180,176,180