
178,178,180,184,184,181,178,177,182,180,188,181,179,181,182,186,183,186,180,183,185,181,193,184,184,184,183,188,188,191,185,184,187,185,193,185,184,187,188,197,198,214,214,223,237,252,275,282,296,313,326,343,352,374,378,388,402,417,429,437,446,458,467,481,490,503,507,514,520,533,535,545,544,548,550,555,563,567,566,567,570,580,580,592,589,594,599,606,619,622,632,633,637,647,650,664,657,660,664,664,671,669,674,665,661,662,656,661,648,643,637,635,635,627,634,620,619,615,614,620,612,607,605,603,605,598,603,593,589,585,587,582,575,568,562,557,554,550,550,537,529,524,524,513,515,503,494,490,484,481,475,468,458,452,449,439,439,421,414,403,395,391,378,376,359,349,343,329,328,309,299,290,282,280,267,270,256,251,249,245,250,239,238,236,232,236,232,237,226,225,225,228,231,224,221,220,222,223,222,226,218,217,217,223,218,222,217,217,215,215,218,222,215,214,214,218,212,220,210,211,211,210,214,209,212,208,205,211,203,213,203,202,202,203,206,202,207,196,195,200,197,202,195,194,191,193,197,192,200,190,188,190,188,196,189,187


180,178,178,180,192,178,180,180,180,184,182,188,177,179,178,182,194,181,183,184,183,187,185,191,184,181,184,184,198,186,185,185,185,188,185,193,185,186,187,190,209,205,214,224,238,252,270,290,297,312,328,341,361,372,379,392,404,414,432,444,449,460,470,480,492,510,509,517,524,531,542,545,550,551,555,556,560,576,568,569,574,577,586,589,599,597,602,609,617,637,628,634,642,649,657,660,668,665,668,669,671,683,669,668,666,663,660,655,658,645,639,637,633,641,629,624,621,618,618,617,621,610,607,604,602,606,605,595,592,587,584,586,583,571,565,559,556,553,557,540,532,529,523,519,511,509,498,491,487,480,487,467,462,455,448,443,434,433,416,404,398,389,391,370,361,350,340,333,320,317,299,289,281,274,278,264,257,253,250,246,245,248,236,236,232,232,240,231,229,226,227,227,228,231,223,222,222,220,225,227,221,219,220,219,223,223,218,215,215,215,215,228,214,214,213,212,217,213,216,211,210,208,210,220,209,208,207,206,209,206,210,202,200,199,199,211,198,198,198,198,199,197,201,195,193,191,193,202,191,192,191,191,192,189,196,186


178,187,183,183,181,179,178,179,188,179,185,178,178,181,185,184,183,182,180,181,187,185,188,184,184,184,193,189,186,186,186,185,188,193,186,184,186,185,196,191,199,203,213,224,236,259,269,281,297,311,335,341,359,366,379,389,402,421,425,438,448,458,476,480,493,499,506,513,523,538,536,546,546,551,559,560,562,563,563,568,570,582,582,590,590,594,601,616,618,621,626,635,638,648,654,659,659,664,665,675,671,668,669,666,663,661,664,655,649,644,638,645,631,633,624,620,620,618,624,615,611,607,608,614,602,605,595,592,589,586,592,579,579,570,565,567,557,554,544,536,533,527,528,515,513,503,498,495,490,484,473,467,460,454,453,440,436,423,415,405,405,392,378,368,357,350,339,336,323,309,301,292,291,275,270,262,255,253,248,252,246,240,236,236,241,233,235,231,227,226,225,233,223,225,221,222,228,222,224,221,218,219,219,224,219,221,218,215,220,217,219,214,216,215,212,220,215,215,209,210,210,215,213,208,206,207,206,211,205,209,202,203,204,209,204,200,198,196,196,197,203,199,193,194,192,202,191,194,190,190,189,190,195,192,189,187


178,182,180,179,180,187,177,178,180,178,186,180,179,185,180,181,181,187,180,180,187,182,190,187,184,190,186,185,183,192,185,183,189,185,185,194,185,191,189,191,196,204,217,224,242,249,267,287,298,313,325,338,350,363,384,388,403,410,421,442,445,458,467,476,484,494,511,509,518,526,530,544,541,545,554,551,554,556,569,564,567,574,573,585,586,589,601,602,608,613,628,627,633,642,643,654,656,657,664,661,663,662,669,662,656,660,652,649,650,639,636,631,626,622,620,621,613,615,609,609,616,604,605,600,597,594,593,594,583,585,578,574,577,566,560,558,548,544,537,540,526,522,518,510,512,499,494,493,480,475,468,470,458,449,449,436,433,422,412,406,395,385,375,373,357,347,341,327,318,313,300,293,282,272,267,264,257,252,251,244,242,247,237,238,235,232,229,230,235,225,228,224,223,230,222,223,223,221,219,220,226,219,222,219,216,225,217,215,219,216,216,215,221,213,214,213,211,219,212,211,214,208,208,208,216,206,206,210,205,209,205,204,207,199,201,199,205,197,195,199,195,194,200,194,196,193,194,190,192,194,191,194,188,187,196,188


180,180,188,181,184,181,179,180,181,187,183,178,179,181,190,180,184,182,183,184,183,191,187,183,184,184,193,186,187,190,186,185,187,192,188,183,185,186,198,194,198,207,215,225,237,261,271,282,297,311,332,344,354,372,379,391,403,423,431,438,448,460,472,486,491,504,507,517,525,532,544,543,546,551,555,567,563,568,568,569,573,580,591,591,593,598,603,619,617,623,630,637,644,648,660,663,661,666,669,680,672,672,674,669,667,665,669,658,651,645,641,646,636,633,634,626,622,621,627,621,614,609,609,613,609,601,605,594,592,589,592,586,578,570,565,562,565,552,549,539,535,528,523,525,513,504,498,491,497,482,479,470,462,455,449,448,438,423,415,406,406,390,379,372,358,352,340,339,324,310,299,292,292,276,269,267,256,252,249,253,248,240,237,235,239,234,231,233,227,226,226,234,229,222,223,222,224,225,220,222,219,218,221,223,223,217,215,217,217,223,216,218,216,213,213,215,220,213,211,211,212,219,211,211,210,209,207,204,213,207,202,203,203,209,201,200,204,197,198,196,204,199,193,194,192,199,193,193,196,189,189,190,198,193,189,187