
177,187,180,179,183,181,177,182,183,177,184,177,180,186,179,179,184,180,180,183,190,180,186,182,184,189,186,184,185,186,185,184,190,184,187,184,184,191,190,190,196,205,210,221,238,246,264,273,287,302,318,326,339,357,364,374,392,398,411,420,428,439,456,460,471,484,488,496,507,510,517,523,527,531,543,538,541,549,549,551,556,564,565,572,573,580,594,593,600,610,615,620,627,640,640,646,649,650,660,657,658,660,659,658,655,660,649,649,641,638,637,632,625,623,626,618,617,623,613,614,608,607,604,608,600,599,599,593,589,594,582,581,573,568,564,566,554,549,546,538,532,530,524,514,513,502,498,501,486,479,478,469,462,454,455,440,435,423,416,415,400,389,383,371,361,353,347,332,327,311,302,299,287,276,272,267,258,254,257,247,247,241,240,238,237,234,233,235,228,228,233,225,227,225,224,224,228,223,220,225,219,221,226,220,219,217,218,218,222,216,215,218,216,214,215,213,212,214,211,209,215,208,209,213,208,206,205,213,203,207,203,203,209,199,200,202,198,196,196,201,194,197,193,192,197,192,192,191,193,190,189,194,187,190,186,187


183,178,177,178,178,185,179,182,178,178,180,186,183,179,179,181,181,187,181,186,180,181,183,189,182,186,184,184,184,188,186,189,182,184,184,191,186,191,188,189,195,203,217,223,233,246,259,281,289,305,314,326,340,351,371,375,388,396,410,424,431,446,451,460,472,480,496,497,508,511,516,526,531,536,536,538,543,547,557,553,561,560,565,573,585,586,590,596,603,609,623,622,633,635,641,647,658,654,660,660,661,660,662,662,661,656,650,646,651,640,641,633,627,625,624,628,620,615,615,613,619,609,611,605,601,598,597,601,590,589,583,578,580,571,572,560,557,550,546,547,534,534,521,516,513,508,504,494,487,482,477,477,463,460,448,442,435,432,420,409,399,390,382,376,363,355,341,331,324,321,303,297,284,277,270,263,262,259,251,247,244,250,240,243,236,233,232,232,238,229,227,225,225,231,226,228,224,222,222,220,228,220,221,219,217,224,219,221,218,217,215,216,222,213,217,213,214,211,215,213,209,210,208,207,214,207,210,204,205,204,209,206,201,200,200,198,204,199,201,194,193,193,202,194,194,192,192,191,190,192,193,187,188,186,196,187


177,184,178,180,180,178,178,179,185,179,182,178,179,187,180,180,179,183,180,183,188,182,184,181,182,188,185,185,183,188,183,184,192,184,187,183,185,187,191,189,195,206,210,220,238,247,261,274,288,300,320,327,338,356,361,373,389,397,406,421,429,440,458,459,471,482,488,496,504,512,517,526,525,530,542,536,541,547,549,552,557,567,563,573,572,579,593,592,601,607,618,620,626,641,639,647,648,651,662,657,659,660,663,657,656,661,650,649,641,637,633,633,627,622,624,617,615,620,612,612,608,606,604,610,598,597,600,590,589,589,581,577,575,567,563,567,554,547,547,538,531,527,524,515,514,502,497,500,487,481,476,469,463,454,456,441,435,425,416,414,398,389,379,376,362,352,349,333,325,312,301,299,287,278,269,268,260,253,256,246,248,241,239,238,238,233,232,235,229,229,234,227,227,226,223,222,229,223,220,226,221,220,223,218,218,219,218,217,223,217,215,220,214,215,215,218,211,216,210,211,216,210,210,210,208,205,207,213,204,207,203,200,208,200,200,200,201,198,197,203,194,197,194,193,198,192,191,190,194,191,188,195,187,190,187,185


181,177,177,179,178,185,177,182,177,177,184,182,183,180,179,180,182,186,180,185,180,183,184,190,184,185,183,183,186,191,183,187,183,184,184,190,184,191,188,189,197,203,215,222,234,245,260,281,289,307,314,326,338,352,369,376,388,397,408,428,432,446,452,460,470,479,495,496,509,510,519,531,528,537,537,540,542,547,557,552,561,562,566,576,579,585,589,596,602,608,624,622,634,636,642,648,659,654,660,659,659,660,666,661,659,654,653,649,653,641,641,633,627,625,625,626,620,617,615,611,618,608,609,603,603,600,596,601,592,592,585,580,583,571,571,560,557,551,546,548,533,533,522,515,517,507,504,493,488,481,477,478,462,461,448,440,436,429,419,410,400,391,382,379,363,355,344,334,324,319,305,298,285,278,272,269,260,257,251,248,246,250,240,243,235,233,233,232,235,229,230,226,225,232,224,228,224,221,220,222,226,220,224,219,219,226,218,222,217,216,215,214,221,215,216,211,212,218,213,215,210,211,208,208,212,208,209,205,203,206,208,205,204,201,199,200,204,198,198,194,194,195,202,194,195,192,190,190,193,191,190,188,187,188,193,187


179,178,179,177,182,186,178,179,179,179,183,183,180,178,179,181,183,188,181,180,181,180,186,189,184,185,184,184,185,189,186,184,184,184,187,192,183,185,188,191,195,206,218,220,233,245,263,281,287,300,314,327,340,355,370,375,386,396,411,428,431,440,451,460,469,483,494,496,502,509,516,528,527,529,534,538,541,550,556,552,555,559,565,576,580,581,587,594,600,607,623,622,626,632,637,650,656,653,655,656,659,659,663,662,656,652,649,650,651,639,634,630,626,624,628,625,616,614,614,614,618,608,606,603,600,597,601,600,588,586,582,580,583,570,563,558,556,549,549,546,531,526,520,514,515,506,499,493,488,481,479,477,462,454,446,441,437,433,417,406,400,388,382,377,362,352,341,334,327,319,303,294,286,276,270,270,264,254,251,248,249,249,241,237,234,234,233,236,237,227,227,227,229,232,224,222,222,222,221,227,228,221,218,219,221,223,218,217,215,215,217,218,221,215,213,213,213,217,214,212,210,210,207,212,214,208,206,204,206,209,211,202,202,200,200,198,204,198,195,193,194,199,202,194,192,193,189,190,196,194,190,187,187,192,194,188