

168,173,170,171,174,171,172,171,173,174,171,173,170,177,173,174,178,176,175,176,180,181,178,177,179,182,180,182,182,180,179,180,182,180,178,178,179,182,183,187,196,204,214,229,245,260,279,295,313,331,346,359,376,390,401,415,429,441,455,464,475,489,498,508,519,531,538,544,555,560,568,570,575,576,587,586,587,592,593,595,598,605,610,612,616,622,631,634,642,651,655,661,667,678,679,684,685,688,693,691,692,694,691,690,688,688,682,678,672,667,665,658,654,652,648,643,642,641,635,636,631,627,628,624,621,619,616,610,606,605,598,597,589,584,578,574,567,561,559,548,542,538,531,527,517,510,503,503,491,486,482,473,464,455,452,445,432,423,414,407,397,385,379,366,356,345,338,326,313,303,293,285,275,266,261,254,248,243,241,237,235,229,227,229,225,223,223,221,219,217,219,216,218,214,214,214,213,213,212,212,211,210,210,209,212,209,208,205,210,207,208,209,206,206,206,206,206,203,204,199,204,202,201,203,199,199,196,202,200,195,195,194,196,193,192,194,190,191,187,192,189,186,186,186,186,184,184,187,182,182,182,183,182,179,179,178


173,170,171,170,172,174,171,173,171,171,174,173,176,174,173,174,174,177,175,178,177,177,179,181,181,180,180,180,181,183,180,181,178,179,178,180,182,180,185,186,194,204,215,231,243,260,277,300,315,331,347,362,375,387,407,419,430,442,455,469,478,492,499,509,520,529,542,547,556,561,568,576,578,583,585,586,590,593,597,599,604,605,608,617,619,627,632,638,644,651,660,664,671,674,681,688,689,691,693,694,694,693,696,693,691,687,682,677,678,672,666,660,656,653,650,647,646,641,639,635,637,631,629,626,622,619,615,618,610,605,602,595,595,586,583,574,569,562,556,553,544,541,533,526,522,514,509,501,493,488,479,477,467,463,452,442,437,426,419,407,396,388,376,369,356,349,336,326,316,306,296,285,275,266,259,255,249,246,240,236,232,236,231,227,226,223,221,218,220,221,216,216,214,218,215,216,212,213,211,210,215,211,211,210,210,211,209,212,207,208,207,206,209,207,208,204,204,206,204,206,203,203,199,201,202,199,201,198,196,198,196,197,194,193,191,191,192,190,191,187,188,186,188,189,186,183,183,183,183,182,183,180,181,178,184,181


171,171,170,170,176,171,171,171,171,176,174,172,173,173,173,175,180,176,176,177,177,179,181,179,178,179,181,180,183,182,180,179,178,178,184,178,178,182,184,187,192,207,214,228,244,259,286,296,314,330,345,361,372,397,402,415,428,442,460,465,477,488,498,509,519,534,539,546,555,561,572,573,577,581,583,586,589,597,595,598,600,605,613,615,619,624,630,637,644,654,657,663,670,674,681,687,687,690,691,692,693,697,693,690,689,687,681,686,675,668,664,659,655,650,653,645,643,641,636,641,632,629,627,625,622,619,624,612,610,604,600,602,590,585,580,574,568,562,562,549,543,538,531,530,519,512,505,499,493,486,486,474,466,458,450,447,436,425,417,406,397,386,380,366,356,345,335,325,318,305,293,284,275,267,261,257,247,243,239,233,240,232,228,228,225,223,219,226,218,218,216,217,221,214,213,213,212,212,211,216,212,210,210,210,214,210,208,208,208,207,206,210,206,205,205,204,208,205,202,202,202,202,200,203,200,198,198,196,198,199,196,195,194,193,191,194,192,190,188,187,186,191,187,185,184,184,184,181,186,182,182,182,180,187,179,179


170,171,170,173,174,171,171,171,174,172,172,175,172,173,174,175,178,175,175,177,178,181,178,181,180,179,180,179,183,180,179,179,178,182,179,180,179,180,183,188,195,205,213,227,243,263,277,293,313,327,344,359,374,391,401,413,425,442,451,461,478,485,496,505,518,528,536,543,550,561,562,569,574,576,580,582,588,591,591,593,596,601,605,609,618,620,626,631,640,648,652,659,664,671,677,680,686,685,687,689,691,693,692,688,685,684,681,675,671,665,660,655,651,649,650,641,639,636,636,631,627,630,623,619,618,617,614,608,604,600,598,591,587,585,575,571,564,562,556,547,540,535,531,522,516,511,503,496,490,487,480,470,464,457,450,443,430,424,414,403,394,384,378,366,356,344,333,326,313,304,292,283,273,266,260,255,247,243,239,238,233,231,230,225,224,222,221,223,218,218,216,218,215,213,218,212,211,212,214,213,211,211,210,213,210,208,211,208,206,206,208,208,206,205,205,207,205,203,204,202,202,200,202,203,199,199,197,198,199,195,197,195,193,191,192,195,191,190,188,189,190,185,187,186,184,185,183,183,186,183,181,181,182,180,178,180


170,171,171,173,172,171,174,171,172,172,175,174,173,173,174,177,176,176,178,175,176,178,180,181,182,181,180,180,183,181,180,180,179,178,178,179,184,181,184,187,198,203,212,232,244,261,278,300,318,330,346,362,380,390,402,419,430,442,454,470,481,490,501,511,525,530,539,550,554,562,569,576,581,583,585,587,593,593,595,601,602,605,610,617,624,627,631,638,646,653,659,667,671,676,680,687,690,693,692,694,695,696,694,694,692,687,683,681,676,676,666,661,657,657,651,646,648,641,639,637,638,636,629,626,625,624,618,614,614,607,601,598,595,589,582,575,570,567,558,552,548,539,532,525,523,516,509,501,495,491,482,475,469,460,451,444,438,429,418,408,397,388,380,366,358,346,335,325,314,305,299,286,276,267,263,254,246,246,239,236,233,233,232,227,226,224,225,221,217,222,216,216,215,218,216,214,214,213,216,212,211,212,210,210,210,212,211,208,209,209,209,207,205,206,205,204,204,206,206,204,203,201,204,201,199,199,199,198,197,198,196,195,195,193,192,195,190,190,190,187,187,185,188,189,185,184,183,186,182,180,186,180,179,179,183,181