
171,171,169,169,170,170,173,171,171,172,174,173,172,173,173,172,173,175,179,176,176,177,178,177,175,181,177,177,177,180,180,178,177,177,179,177,176,182,180,183,190,199,210,220,233,248,263,280,294,311,322,336,349,364,376,387,399,411,422,435,444,456,462,472,481,490,504,507,513,519,526,532,534,539,540,542,546,547,551,558,556,559,563,569,573,574,585,588,593,600,610,615,617,623,629,635,636,637,646,642,642,643,644,642,638,634,630,627,622,616,613,607,604,599,599,598,592,590,586,585,584,579,579,575,572,569,568,568,562,558,553,550,547,540,538,530,525,519,514,510,505,498,493,487,484,476,471,465,458,452,446,443,438,428,421,415,409,398,387,385,373,364,354,350,339,329,320,310,303,291,281,277,265,257,252,248,244,239,233,231,228,228,223,224,220,218,217,218,217,215,213,213,213,214,210,211,209,209,208,208,210,209,208,206,206,209,205,205,204,203,203,203,202,206,203,202,201,203,200,198,200,198,196,197,198,199,195,196,194,196,192,191,197,190,188,188,190,189,186,185,187,187,185,183,186,181,181,182,183,183,181,180,179,178,181,177


174,170,170,169,171,175,172,171,171,170,171,171,178,172,172,173,174,178,175,176,175,176,176,177,181,177,178,178,178,179,181,177,178,177,176,178,180,179,180,184,189,199,211,219,233,248,261,278,294,312,322,335,349,362,377,386,398,409,419,430,445,455,461,471,480,488,502,504,510,518,521,527,531,539,539,539,543,546,554,550,553,556,559,564,569,580,579,585,592,596,606,611,615,620,625,629,633,641,638,639,640,639,639,641,635,631,627,623,617,614,610,604,601,597,596,596,587,586,583,581,578,579,580,573,570,566,565,566,559,554,550,546,541,540,536,528,522,517,512,511,501,496,491,484,480,473,474,462,457,451,445,444,434,426,420,412,405,397,393,380,372,364,355,347,339,327,319,308,299,290,286,274,266,256,252,246,244,238,234,230,228,227,224,225,219,218,218,217,217,215,213,211,212,211,212,214,208,209,207,207,212,207,205,207,205,204,206,206,205,204,203,203,207,202,202,202,200,200,201,203,198,197,197,196,199,197,195,193,195,195,192,196,191,189,190,189,188,192,187,185,186,184,183,186,184,182,182,182,183,184,180,179,179,179,177,178


171,171,170,173,173,170,170,171,169,175,172,174,172,173,173,172,176,176,173,174,175,178,176,177,178,177,177,176,181,181,178,177,176,179,176,177,180,178,181,183,192,200,206,218,232,249,261,277,295,308,322,335,349,364,373,383,395,409,419,429,443,451,461,470,480,489,496,503,510,513,522,525,533,533,536,539,543,543,548,548,550,553,563,563,569,572,578,582,588,599,603,608,613,618,624,626,630,635,635,636,637,642,640,634,631,628,626,619,616,614,607,602,599,598,595,589,586,584,584,580,577,579,572,570,569,568,565,559,555,551,549,546,541,539,532,527,521,518,512,505,499,494,486,488,478,475,467,461,455,449,444,441,432,424,419,415,404,397,390,379,371,360,358,347,336,325,317,310,298,290,284,273,264,257,254,248,241,237,234,232,229,226,226,221,219,220,219,219,215,212,213,212,211,211,214,210,208,208,210,209,207,205,206,203,208,205,208,205,204,204,205,204,204,202,201,199,204,201,202,199,199,199,195,198,198,196,194,195,196,192,193,193,191,190,188,192,190,185,186,186,187,184,184,186,183,183,181,182,183,179,179,179,182,178,178,181


170,170,168,177,170,170,170,170,175,172,172,171,172,172,173,179,172,174,174,175,180,176,176,177,177,178,177,183,178,178,177,176,182,177,177,177,177,178,180,189,189,197,206,220,235,249,262,278,293,307,322,338,348,360,374,385,395,415,420,430,441,451,461,471,482,488,496,504,511,524,522,528,531,534,537,538,549,545,547,550,554,563,560,564,569,572,579,585,597,596,603,609,614,626,625,629,633,635,638,640,644,638,637,636,634,636,628,621,617,611,608,603,607,596,594,590,587,587,586,581,579,576,575,571,575,567,564,561,558,552,559,546,541,537,531,527,521,522,512,507,501,496,495,485,479,473,468,462,455,458,446,439,432,425,424,413,405,397,389,381,372,368,354,345,335,327,322,309,299,291,282,272,264,262,251,245,241,237,235,232,227,225,224,223,221,224,217,215,215,214,210,218,211,211,210,210,209,209,210,208,207,208,206,212,206,205,205,204,205,202,210,203,203,201,202,207,201,199,200,200,198,197,202,197,197,195,194,199,195,193,192,192,192,191,194,189,188,187,185,190,187,185,183,183,183,182,186,181,180,180,180,182,181,178,177,178


170,169,173,172,171,171,172,174,172,171,174,171,171,173,176,174,175,175,174,178,176,175,176,176,176,176,180,177,182,179,177,178,180,176,177,178,177,177,182,185,193,197,207,218,236,245,260,281,291,306,321,336,349,360,371,383,399,405,416,430,437,449,457,471,479,485,494,501,509,513,518,526,527,529,534,539,541,542,543,547,551,552,556,562,564,569,575,584,586,594,598,604,613,615,619,625,628,630,633,636,635,639,634,633,630,628,621,616,616,607,604,602,597,594,589,587,584,585,578,576,580,572,570,568,569,566,560,557,553,552,546,541,541,534,529,524,522,517,509,504,497,495,487,481,478,469,464,460,458,450,443,436,430,428,417,410,403,395,385,379,372,359,355,343,336,328,317,307,298,289,280,272,266,256,253,245,240,236,236,230,225,228,222,222,220,219,219,215,214,213,216,212,210,213,210,208,208,211,209,207,208,206,208,205,205,206,203,203,204,206,205,204,203,202,205,201,200,201,200,199,198,199,199,198,197,196,197,195,193,193,192,191,190,192,187,193,189,188,186,186,184,182,186,184,182,183,182,183,181,179,180,181,178,178,181,178