
170,168,179,172,171,172,171,172,171,177,170,170,172,171,174,175,172,172,172,174,176,176,175,174,175,175,178,181,178,178,178,178,182,181,178,178,180,180,185,191,193,200,210,219,235,245,257,269,283,295,308,324,331,342,352,362,376,384,394,402,413,422,431,448,452,459,468,476,486,488,499,501,506,509,510,525,521,524,526,529,535,539,546,545,550,555,562,571,578,581,587,593,600,609,612,616,619,623,625,630,633,629,630,629,628,628,624,618,614,611,607,607,605,599,596,593,591,594,589,586,584,581,580,579,581,574,572,569,567,566,560,556,551,547,542,535,541,529,524,518,513,511,500,501,492,486,480,473,477,465,459,454,447,441,436,431,420,413,404,396,391,384,371,364,353,344,339,328,317,308,298,288,283,277,266,260,254,250,250,244,239,236,234,232,232,234,228,225,225,223,225,221,220,219,218,216,215,221,215,215,216,214,217,213,213,210,210,211,206,218,210,208,208,208,210,204,211,204,204,204,201,209,203,202,201,200,199,201,201,195,195,195,193,195,197,192,191,189,188,193,190,187,186,185,185,186,189,184,183,182,182,186,184,181,179,180


176,175,171,171,167,175,172,172,175,171,171,170,175,175,171,171,172,174,172,174,177,174,175,175,177,180,177,177,177,180,177,178,182,180,179,179,181,184,184,187,192,201,209,220,234,246,258,270,285,297,312,320,330,341,354,362,374,388,394,403,413,426,436,442,451,457,474,476,483,495,496,502,503,516,519,517,521,521,530,529,535,543,542,546,551,560,566,569,575,581,590,595,601,610,612,617,620,627,630,629,630,631,634,629,627,629,623,618,615,614,611,606,601,598,598,595,593,592,590,587,584,585,582,583,577,574,572,571,567,564,565,557,552,547,546,542,534,528,520,524,514,509,508,498,492,483,487,480,470,465,458,457,447,441,440,428,420,414,409,400,389,381,372,364,354,345,340,327,317,307,300,293,282,272,266,261,255,250,250,244,241,237,236,235,231,229,227,226,224,223,223,223,221,219,219,219,220,216,215,214,216,213,214,216,213,211,209,213,214,210,208,205,213,207,208,212,206,207,203,209,207,202,202,200,203,200,200,203,197,197,195,196,198,193,192,191,192,190,190,192,188,187,186,187,189,185,184,183,184,183,182,184,182,180,180,183


171,171,173,172,175,173,172,171,171,172,172,174,172,171,174,173,176,173,172,173,174,175,175,177,175,175,176,178,181,179,178,177,177,178,181,183,180,181,181,193,196,204,209,221,232,241,263,273,286,296,308,322,332,346,353,364,373,383,397,405,419,426,434,447,453,467,471,479,485,492,500,503,512,512,516,522,524,530,529,533,535,539,546,549,557,560,565,573,578,588,591,597,602,609,616,619,627,627,629,631,636,637,635,633,630,628,622,626,622,616,610,605,610,603,601,596,594,592,589,595,588,589,583,582,583,577,579,571,569,565,562,561,553,554,545,541,539,532,531,522,515,510,504,501,495,492,483,477,475,467,465,455,449,443,436,430,422,419,406,398,391,383,377,364,355,345,337,328,319,312,299,289,279,278,269,262,256,252,246,239,245,239,236,233,227,233,228,230,225,223,221,218,223,219,222,218,216,218,216,219,215,213,213,214,214,211,215,210,210,211,209,212,209,208,208,206,207,205,208,204,203,204,203,206,201,200,199,197,198,198,199,195,194,195,194,195,191,191,189,189,190,188,190,186,186,183,190,187,184,183,182,183,180,186,182,182


171,176,173,168,176,171,172,171,176,172,170,178,171,173,174,170,176,172,173,174,173,179,175,178,176,176,179,177,180,177,177,178,180,183,179,181,181,182,187,188,196,201,209,219,232,249,258,273,284,297,312,320,333,343,352,363,373,388,395,406,415,424,437,444,453,463,469,477,484,494,497,502,509,511,518,518,520,529,527,530,534,542,543,546,557,558,564,574,575,586,590,595,600,606,616,617,624,624,628,634,631,636,632,630,629,627,628,619,620,612,608,610,604,602,597,595,592,591,593,586,589,583,582,584,579,578,575,569,568,565,565,558,555,549,544,543,536,531,527,520,514,509,508,498,492,490,482,480,472,463,466,453,448,442,437,429,419,419,406,398,394,381,375,364,355,346,336,331,318,310,300,291,285,273,268,261,255,250,247,247,240,239,235,232,235,229,229,225,224,224,223,225,221,221,218,217,222,216,218,216,214,213,214,217,213,213,212,211,214,211,208,212,208,208,207,211,206,202,208,204,206,205,199,207,200,200,200,201,200,195,200,195,194,197,193,195,191,190,189,189,191,187,188,185,186,189,185,186,184,183,182,182,186,180,182,180


172,173,172,178,172,170,170,170,173,173,175,172,173,173,172,177,174,171,172,173,173,178,179,175,176,176,177,178,182,178,177,178,176,182,182,180,181,183,184,190,197,200,209,220,231,246,262,273,284,298,309,323,337,343,353,364,375,388,397,408,416,427,435,444,462,464,472,480,486,497,500,510,510,513,518,522,531,528,530,534,538,544,548,555,556,561,566,573,586,587,592,598,604,608,622,624,625,630,632,634,636,642,636,635,632,628,631,628,620,617,612,609,610,610,601,598,595,594,595,594,590,587,585,584,583,586,577,574,571,567,567,561,561,551,547,542,539,539,527,522,516,511,508,502,499,490,486,479,474,474,463,456,451,443,439,432,427,417,408,401,391,387,376,364,356,346,335,333,322,309,301,291,283,275,274,261,255,251,246,247,244,239,235,234,232,232,232,226,224,224,221,224,223,221,219,219,218,217,222,216,215,213,213,215,213,217,213,212,211,210,214,209,208,208,207,209,207,209,205,204,204,203,207,201,201,200,198,198,200,201,196,197,194,194,195,193,192,189,189,186,192,191,187,186,187,185,186,189,183,182,181,181,184,184,180,179