

173,173,176,178,177,174,174,177,174,174,173,177,173,174,177,173,180,176,177,179,177,177,177,182,178,179,178,183,183,181,181,181,186,181,182,186,182,185,187,195,202,205,213,225,242,252,265,282,291,304,318,335,347,354,365,378,395,402,413,428,437,447,460,474,483,492,501,510,521,528,534,543,548,550,555,564,567,571,574,579,585,589,592,598,610,611,619,631,634,648,651,658,667,674,678,684,694,692,693,696,698,705,699,699,698,697,694,692,693,686,681,681,680,680,673,672,671,672,667,665,666,660,659,658,659,659,652,647,646,645,638,633,632,626,619,615,613,608,599,591,587,583,573,566,563,555,548,540,538,531,525,516,508,504,493,485,475,472,457,449,443,429,424,408,397,389,378,364,352,345,330,319,309,303,296,285,278,273,272,264,258,259,253,250,248,250,248,241,241,240,240,236,236,236,232,231,230,233,232,228,227,228,230,226,225,227,222,223,221,225,224,221,221,220,223,219,218,217,215,214,214,215,212,214,209,209,211,209,205,204,209,202,203,202,199,204,198,197,197,197,194,192,197,191,192,191,193,193,188,188,187,191,186,185,188,184


174,175,178,177,173,173,173,174,174,177,178,174,173,173,178,180,175,175,174,174,175,176,184,177,177,178,178,190,181,180,180,180,180,181,190,181,183,183,184,199,196,204,213,223,234,248,267,275,288,300,314,331,337,350,361,371,383,394,410,418,427,439,449,465,475,481,490,499,507,516,525,533,534,539,543,552,557,556,561,565,569,575,584,590,591,598,606,617,628,628,636,643,651,658,665,676,674,679,682,683,694,687,687,688,686,683,682,688,676,673,668,666,671,661,658,656,654,653,651,658,648,647,644,644,649,640,635,633,630,625,624,625,616,611,605,602,600,594,584,577,572,566,560,557,553,542,536,530,527,522,511,504,497,489,482,478,471,457,449,440,432,427,411,400,390,380,369,356,356,336,324,315,303,305,289,280,273,269,264,259,265,253,250,247,244,251,241,239,238,237,235,234,239,232,231,228,228,235,229,225,226,225,225,224,226,224,222,220,220,224,223,219,219,216,217,216,218,219,214,211,212,215,215,210,207,207,206,206,206,209,202,201,201,201,206,198,197,195,194,194,192,203,191,190,192,188,199,188,188,187,188,186,183,194,184,184


174,176,175,173,177,173,174,174,174,178,173,178,174,174,177,174,178,175,176,176,175,180,176,181,177,178,182,178,183,181,179,181,182,185,182,185,183,184,190,192,200,203,212,224,237,252,262,280,290,302,319,328,341,351,363,372,384,401,409,420,431,441,455,463,474,487,492,502,511,521,526,531,545,542,550,554,555,567,565,569,574,579,589,589,603,604,611,621,626,638,641,649,655,663,672,676,684,684,687,690,691,695,691,691,690,688,687,685,686,677,673,673,668,670,663,661,658,658,659,656,657,653,649,652,647,648,643,639,636,631,631,624,621,618,609,608,601,595,593,583,576,572,567,560,552,552,540,534,530,519,519,508,500,492,487,482,469,466,451,442,437,423,417,403,393,382,370,365,350,340,328,316,310,297,293,282,275,271,266,265,257,258,252,250,250,244,245,241,238,236,236,238,233,235,231,229,232,229,230,229,227,226,225,228,224,224,224,222,225,222,219,222,218,218,217,218,217,213,220,212,213,215,209,215,208,208,208,206,209,204,207,203,201,203,198,201,197,197,196,196,197,194,195,191,190,193,189,191,189,188,186,188,191,185,188,183


174,174,173,177,175,177,173,173,172,173,180,175,174,175,175,178,175,178,175,176,174,176,183,178,178,179,179,183,180,185,180,180,181,181,189,182,182,183,187,195,196,206,212,224,236,247,265,280,289,302,314,327,341,350,363,371,383,395,405,426,428,440,450,462,475,480,497,499,508,515,522,539,536,541,546,551,559,558,565,566,572,575,583,596,594,600,608,614,627,630,642,646,653,659,667,680,677,681,683,686,690,689,693,688,687,686,683,687,679,674,671,669,669,666,665,659,656,656,653,656,655,650,648,645,644,645,637,639,632,629,625,620,626,613,608,603,599,595,585,585,575,567,562,556,559,544,538,532,524,521,512,509,498,490,485,475,475,460,450,442,432,426,412,404,390,380,370,359,355,337,326,316,306,300,289,285,275,268,265,260,264,256,251,249,247,247,244,242,239,236,234,234,234,237,232,230,230,228,232,225,231,225,224,224,222,233,221,222,221,220,223,218,222,216,215,216,215,222,214,214,213,212,214,209,210,207,206,205,206,211,205,203,202,200,204,198,200,196,194,195,193,199,193,192,191,191,193,189,191,187,187,185,186,190,187,184


177,172,172,174,178,176,175,173,173,178,174,174,178,174,174,173,178,178,176,176,176,180,179,177,180,179,177,178,182,184,182,181,182,184,183,181,187,185,186,191,197,210,216,224,237,251,266,277,290,306,314,328,340,354,369,375,386,399,413,421,430,448,454,463,476,489,501,505,514,522,531,535,540,550,551,555,559,567,572,572,575,581,590,593,600,611,612,621,628,640,649,652,659,667,675,678,683,689,688,690,693,695,699,695,693,690,690,689,682,684,676,674,671,668,673,668,662,661,659,661,655,653,658,650,650,646,646,648,638,636,632,631,622,616,619,607,602,596,595,591,580,573,568,564,554,548,547,535,529,523,521,513,502,496,487,484,473,463,457,444,434,425,417,408,395,384,372,364,351,339,331,318,306,297,291,287,278,272,267,263,263,255,253,251,246,244,244,245,241,238,236,236,238,233,228,237,229,228,228,230,232,226,226,224,228,225,222,225,222,219,220,224,222,219,217,218,221,216,215,217,212,211,211,214,212,209,208,206,210,206,203,206,202,201,199,201,201,196,196,196,198,194,192,195,191,190,188,191,193,189,188,186,186,189,185,185


174,173,173,178,178,173,173,173,174,173,176,177,173,173,174,176,181,175,175,175,175,175,175,186,178,177,178,179,187,181,180,181,180,180,180,185,186,183,187,191,199,209,213,224,236,250,261,279,293,303,315,328,344,355,362,374,385,397,407,423,435,442,452,464,478,488,493,502,512,519,526,536,543,544,550,554,560,567,567,569,575,579,586,592,603,605,611,620,627,641,644,650,656,664,669,675,688,685,687,690,690,699,694,693,691,689,687,685,686,680,676,673,670,672,667,662,660,660,657,656,658,657,651,649,647,651,648,639,636,633,629,626,626,620,612,605,602,600,594,583,577,572,565,559,558,551,541,534,528,523,522,510,501,493,486,479,471,468,454,442,433,422,424,405,393,382,372,360,348,345,329,317,308,297,294,285,277,271,265,261,258,257,255,249,246,244,247,244,239,237,237,234,233,237,235,229,229,229,230,230,227,226,224,224,223,227,225,222,222,221,223,224,220,217,218,215,216,217,218,213,212,211,214,215,210,207,208,207,206,203,211,204,202,199,197,206,199,196,196,195,193,192,197,194,190,189,189,193,192,188,188,185,185,185,189,188