
172,170,170,174,170,171,168,176,172,170,169,168,173,170,171,174,171,172,171,175,175,172,174,172,176,174,175,177,176,176,176,177,179,177,176,177,181,180,182,187,192,198,205,217,229,241,251,264,278,291,302,313,328,337,346,359,368,382,390,401,412,423,432,442,455,461,469,479,488,496,500,505,509,519,519,524,531,531,534,536,547,550,552,556,560,571,574,581,591,595,602,609,618,625,627,633,637,644,644,646,652,649,650,648,649,648,642,637,633,633,628,624,623,621,616,613,615,612,610,606,604,603,601,599,597,598,592,589,587,583,582,575,571,568,563,557,552,550,542,536,529,528,523,513,508,498,501,491,485,483,473,467,459,457,452,440,432,424,419,408,399,393,382,372,363,354,347,333,323,313,305,295,287,280,271,265,258,255,252,247,243,239,238,237,234,232,233,229,227,226,225,224,222,220,220,219,218,218,221,216,216,215,215,217,212,213,211,214,212,211,213,209,210,206,213,210,205,205,202,208,204,203,205,201,201,199,201,200,197,196,195,196,194,193,196,192,190,190,190,192,188,186,186,186,184,185,185,185,183,183,183,182,181,180,179,180


170,172,170,170,169,170,173,169,172,170,169,172,170,172,171,170,171,171,175,172,174,172,173,176,174,176,175,175,176,176,179,176,178,177,176,179,177,180,182,185,190,197,208,217,225,241,251,266,278,285,304,311,323,333,345,359,363,382,388,398,411,417,432,439,448,457,467,478,483,491,497,502,510,512,517,519,523,527,531,537,538,544,547,552,562,562,571,576,582,591,597,607,611,620,622,628,635,636,640,642,642,643,643,646,641,641,637,633,631,626,623,620,617,613,611,610,607,603,609,602,602,599,594,598,592,589,587,585,584,576,578,570,567,564,557,555,548,542,537,532,529,522,517,509,504,502,493,489,481,476,470,463,460,451,445,437,429,424,413,406,397,387,379,370,363,351,342,331,321,315,302,294,285,276,269,263,261,253,247,248,241,241,237,233,236,231,229,226,227,226,220,227,220,221,221,214,220,217,216,216,216,218,214,216,213,212,214,211,212,210,209,210,208,211,208,208,206,205,207,203,205,202,201,200,201,203,198,200,197,196,198,195,195,193,191,191,190,192,189,189,187,186,188,186,186,185,183,183,182,185,181,179,183,178,181,179


173,174,170,171,171,170,170,171,176,169,170,171,171,174,170,170,171,170,171,173,174,172,174,172,175,177,175,175,175,176,176,176,180,176,176,178,177,184,181,185,190,197,206,215,231,239,250,264,276,294,301,311,324,334,344,356,370,378,388,399,410,424,431,439,449,457,467,474,484,494,496,502,507,513,521,521,524,527,531,534,540,547,548,553,558,566,573,577,585,590,597,604,613,621,622,628,633,638,645,643,644,644,644,644,642,646,637,634,630,627,628,620,617,614,612,609,607,611,604,602,600,598,601,597,593,591,588,584,582,584,576,571,567,562,562,557,549,543,538,533,527,522,522,510,505,499,494,491,481,476,470,464,458,453,449,438,429,421,416,408,397,387,379,369,360,351,346,332,322,312,302,298,286,277,270,263,258,253,253,246,242,239,237,239,232,230,229,227,226,224,227,223,222,220,220,222,219,218,217,216,216,214,216,216,214,212,213,212,215,209,209,210,208,207,207,212,206,205,205,204,206,202,202,201,200,200,202,200,197,196,195,196,197,192,192,192,190,189,189,192,187,187,185,185,190,184,184,183,183,182,182,184,182,180,180,178


173,169,170,172,171,171,170,174,171,171,172,171,173,170,171,173,171,171,171,175,172,173,175,173,177,174,176,176,177,176,176,180,177,176,178,177,180,180,181,186,191,197,205,218,228,240,247,269,279,289,300,307,327,333,344,355,369,377,387,400,407,422,428,438,450,457,465,474,487,488,495,503,506,513,515,519,525,526,529,534,540,542,547,553,558,566,569,575,585,589,596,603,613,615,621,629,632,638,640,642,643,644,644,642,643,638,635,632,631,627,622,618,614,616,610,607,608,606,602,599,603,597,598,593,589,593,587,584,580,581,574,570,568,562,561,553,547,544,537,531,526,525,515,510,505,498,495,486,481,477,470,463,457,454,443,436,430,421,417,404,396,388,379,369,361,354,341,331,323,312,306,293,285,276,270,263,257,256,250,246,240,242,239,235,231,228,233,228,226,225,228,222,218,223,220,221,218,215,219,216,215,214,217,214,212,213,212,214,210,209,211,209,209,208,210,207,208,207,204,207,204,202,203,201,200,199,202,198,197,198,196,198,195,193,194,192,190,190,191,189,188,187,187,188,186,183,185,184,183,182,183,182,181,177,185,180


170,168,176,170,170,170,170,169,169,174,170,169,169,170,174,172,171,171,172,172,171,175,174,172,173,175,177,178,175,176,175,176,176,177,179,176,177,179,184,189,190,196,205,214,227,240,256,264,276,288,301,317,323,335,346,355,366,375,395,399,408,420,427,447,450,458,468,475,483,488,504,503,507,512,515,527,524,527,531,534,539,544,553,554,558,565,572,583,586,591,598,605,611,617,626,632,633,637,641,646,647,644,644,643,642,640,641,638,632,628,623,623,621,615,612,610,607,606,606,606,601,599,597,596,599,592,587,585,583,578,573,581,567,562,558,551,556,544,538,533,527,522,516,516,506,498,493,488,488,476,470,464,459,451,445,442,430,422,415,406,401,390,380,370,360,351,341,334,326,312,302,294,287,280,270,263,257,252,248,247,246,239,237,234,233,235,229,227,226,224,223,221,227,221,219,218,216,224,217,216,215,215,214,210,220,213,212,210,208,217,209,209,210,207,207,205,211,206,205,204,203,207,203,201,200,199,199,197,199,197,195,194,194,195,196,190,191,189,188,189,188,189,186,185,184,185,187,183,182,182,180,180,181,184,179,178