
186,185,186,201,186,186,186,187,191,187,195,185,185,185,185,198,189,187,185,185,190,185,194,190,185,186,187,194,197,188,189,187,193,187,190,199,189,189,189,200,208,201,208,214,226,233,240,263,264,274,284,302,318,318,328,336,351,360,370,391,388,399,409,420,443,440,447,453,463,475,476,493,488,493,496,502,524,512,515,516,522,534,533,548,546,549,556,564,584,581,583,589,596,610,609,622,626,623,628,629,642,645,633,631,633,637,628,626,630,616,614,608,614,618,605,601,600,603,596,593,603,591,589,587,588,596,581,579,576,574,570,565,573,555,551,547,543,552,535,528,521,516,516,506,509,493,489,481,476,489,468,460,455,449,448,433,436,422,410,400,394,397,382,368,357,347,345,331,322,318,300,291,286,286,282,267,261,256,259,250,248,253,242,237,237,242,248,234,232,233,236,230,230,239,227,226,224,230,236,226,225,224,227,224,221,231,221,220,219,224,234,219,220,220,217,221,217,228,215,214,213,215,227,216,210,212,212,213,208,217,208,208,205,204,216,210,202,202,203,208,202,204,208,196,198,196,203,206,195,196,194,199,193,195,201,194


186,186,195,186,181,183,184,197,185,184,189,185,184,183,195,188,185,184,183,194,184,184,189,185,183,186,195,191,186,183,184,197,189,185,193,187,186,188,201,197,194,199,204,221,225,233,248,254,263,276,295,303,307,318,328,342,354,358,374,380,391,401,412,433,432,437,446,459,473,472,484,486,490,496,503,518,512,513,515,522,537,530,536,548,549,555,560,578,580,581,589,596,615,611,616,625,627,629,635,648,645,638,640,638,650,638,634,634,627,622,619,626,619,611,609,603,612,608,599,605,600,596,594,602,600,588,584,583,585,583,572,575,566,560,556,556,560,542,537,529,528,531,515,513,506,499,492,489,491,479,468,464,456,463,443,438,435,422,412,404,407,394,376,369,358,361,343,332,328,311,301,294,298,283,273,264,259,266,253,248,251,244,240,240,249,241,236,232,229,240,233,228,232,227,227,224,232,232,223,223,222,226,230,221,225,223,221,220,224,233,220,218,217,218,227,217,220,218,215,213,216,222,220,211,209,209,223,209,210,215,206,208,205,217,211,202,201,202,211,201,202,205,201,199,197,209,203,194,193,194,203,195,195,199,191,191


183,188,189,194,186,183,189,185,183,187,194,183,183,188,184,196,186,185,189,186,183,185,197,185,185,188,186,199,186,186,190,189,185,188,196,188,187,188,192,202,198,199,206,216,219,229,249,252,261,274,290,304,308,316,325,341,345,357,373,377,386,396,410,424,432,434,443,459,459,468,475,488,484,491,501,502,512,507,511,522,519,523,531,545,539,547,558,561,578,575,583,594,596,602,607,625,619,623,630,628,642,633,630,634,633,628,625,634,620,615,611,612,619,604,601,599,603,594,594,604,590,586,587,591,593,584,580,577,577,571,567,572,562,552,548,552,546,543,531,527,526,516,510,504,508,490,487,486,477,481,463,460,456,447,440,435,434,418,410,406,393,395,376,364,362,348,337,328,329,310,300,295,285,289,272,266,262,257,251,248,256,243,239,240,240,248,236,234,231,237,230,228,239,226,224,225,230,234,228,225,225,229,222,222,229,223,218,220,224,223,226,218,219,223,219,218,219,224,215,213,217,215,224,214,211,216,210,208,211,216,205,206,210,204,214,203,201,208,202,200,202,210,199,196,200,197,210,196,197,197,199,193,195,205,194,191


185,185,191,198,186,185,183,183,184,189,197,183,183,185,189,196,187,185,183,183,185,191,196,185,185,184,190,197,186,186,185,187,187,191,199,188,185,186,194,204,198,201,205,211,220,232,252,255,262,275,285,304,317,318,325,337,348,358,375,387,389,398,410,427,437,437,447,455,462,469,482,494,489,493,498,509,520,512,512,517,524,527,538,551,545,549,556,569,584,578,583,593,597,607,616,629,622,626,629,636,645,638,633,635,634,631,634,636,624,619,616,613,622,611,603,602,599,597,597,604,600,592,588,588,597,596,582,579,576,572,569,574,571,558,554,549,549,550,535,527,521,517,511,514,513,493,488,485,485,484,466,459,454,449,442,441,439,420,412,403,400,399,379,368,359,349,339,337,332,312,302,292,289,289,274,264,261,255,250,254,257,244,240,238,241,247,240,233,232,231,229,228,237,234,227,225,226,233,232,223,224,223,223,222,230,230,221,220,219,226,229,219,218,217,218,216,221,225,214,213,214,219,225,214,213,213,211,211,215,220,207,207,206,211,216,203,205,202,203,200,205,212,200,197,199,203,208,200,196,195,195,192,199,204,196,192


185,183,190,198,186,185,185,183,184,190,196,184,184,185,189,197,184,184,183,185,186,189,198,186,183,184,188,200,190,185,185,185,188,187,201,190,187,187,191,205,202,199,207,212,221,232,249,259,262,274,284,304,315,318,326,337,348,356,376,387,389,397,409,423,441,438,445,453,461,468,483,495,487,492,498,508,520,511,514,518,521,528,540,551,544,550,557,567,585,580,584,591,598,607,615,629,624,624,627,636,649,638,635,634,631,632,631,638,625,619,614,611,621,612,603,601,601,597,596,605,602,593,590,590,596,596,583,579,575,573,571,573,572,558,553,548,550,551,533,528,522,517,513,513,514,496,487,485,485,484,469,462,454,447,442,440,439,418,412,402,397,400,379,366,359,350,338,333,334,312,303,293,288,291,273,266,258,257,253,249,258,247,242,240,238,249,242,234,231,230,229,230,238,235,225,225,226,231,234,223,224,222,224,224,229,232,222,219,218,225,231,218,218,218,219,218,221,226,215,213,214,219,225,213,213,210,212,211,215,220,208,207,205,208,219,205,204,202,200,201,203,214,201,199,199,200,211,199,194,197,195,194,193,208,194,192