
188,201,189,187,188,195,187,190,200,192,195,188,188,203,190,189,191,196,191,190,199,194,195,189,191,201,197,192,190,195,191,191,197,201,196,193,192,197,205,198,200,209,212,218,227,250,251,258,264,276,296,295,302,313,327,328,337,359,356,368,370,380,399,396,402,410,420,423,427,446,440,448,446,451,469,459,462,464,472,469,472,488,482,488,487,493,509,506,507,514,525,523,530,541,546,550,548,550,562,561,555,557,560,556,552,554,561,553,542,540,539,545,533,528,530,528,522,524,536,524,522,515,516,528,512,509,507,513,504,501,512,495,496,486,485,492,477,473,467,469,461,457,465,446,447,436,431,443,426,419,415,417,403,400,406,392,386,376,368,376,361,348,344,340,327,321,318,317,303,289,282,283,277,264,257,257,249,246,246,250,242,235,232,233,243,229,227,232,228,226,226,238,228,225,222,222,237,221,218,221,226,220,219,230,219,222,216,215,229,217,217,216,222,216,214,224,216,218,214,211,226,214,211,209,215,211,210,216,212,212,208,205,217,210,203,204,211,204,203,206,211,205,201,200,205,210,198,196,202,198,195,199,209,201,195,195


198,199,188,186,186,192,198,190,193,190,188,190,194,207,188,188,188,189,204,189,197,188,189,192,193,210,192,191,191,191,205,194,198,191,190,193,192,211,195,194,198,204,226,223,232,239,247,254,267,294,290,294,305,312,334,333,344,347,354,363,371,390,399,396,402,409,424,432,436,438,442,444,449,460,472,461,463,465,472,485,475,486,482,486,492,497,520,507,511,514,523,543,533,545,543,547,551,553,575,557,559,557,560,572,560,561,554,550,546,544,558,539,535,530,532,542,528,530,523,522,522,520,535,521,513,511,511,518,513,507,501,497,494,490,498,496,478,475,469,473,474,460,456,451,445,440,442,447,426,419,416,415,418,403,403,391,385,377,374,386,359,348,343,335,343,324,320,306,298,289,283,295,272,262,258,254,260,248,248,240,237,235,235,251,233,228,227,226,239,227,232,224,222,224,221,234,228,220,219,219,228,225,225,221,218,220,216,227,232,216,217,214,219,227,216,220,216,215,212,214,229,210,209,210,212,224,212,215,207,206,208,208,225,204,204,201,204,216,202,208,203,199,201,201,216,200,198,195,195,210,197,201,197,196,193,195


191,187,200,191,189,194,188,187,188,196,195,189,191,188,198,195,188,193,190,189,188,192,201,189,194,189,193,203,191,196,194,192,192,192,204,191,195,193,196,212,200,208,212,218,227,235,259,256,264,281,283,306,302,309,325,326,335,343,365,360,368,383,383,405,403,408,418,420,424,432,447,445,446,454,450,465,461,461,470,466,467,474,481,490,486,495,493,509,515,512,522,523,524,531,539,551,544,549,551,552,565,551,559,554,552,549,547,555,539,538,537,530,544,526,527,526,521,519,518,530,514,512,516,510,524,510,505,510,501,496,494,505,489,485,487,479,486,471,467,466,458,453,448,453,441,434,435,425,433,423,413,412,401,398,390,388,392,373,372,361,358,360,342,337,326,317,310,305,308,288,284,275,270,273,256,256,252,246,241,240,248,234,234,238,230,244,228,229,229,226,225,222,234,224,220,224,220,232,222,220,225,220,216,218,230,218,215,223,216,228,220,215,220,213,213,213,222,218,213,217,212,219,217,209,214,210,208,207,210,215,205,210,206,208,216,202,207,204,200,199,200,213,200,202,200,199,211,199,200,199,195,196,196,209,193,195


187,205,194,186,187,189,199,189,188,192,189,187,187,200,196,187,189,188,201,192,190,196,192,191,191,199,201,189,192,189,204,195,190,198,190,193,192,198,209,196,197,205,219,228,226,242,248,256,267,278,304,296,302,312,324,343,340,352,359,364,373,380,407,400,403,409,417,438,432,435,448,445,448,455,469,467,463,464,467,485,475,477,486,486,489,496,510,512,512,513,522,540,534,536,549,547,548,553,564,573,557,557,560,570,564,555,559,552,544,544,543,556,535,532,531,533,540,527,529,523,522,518,520,537,519,511,510,511,520,505,504,501,493,492,487,501,484,476,469,465,475,458,452,456,443,440,433,441,435,420,415,412,419,402,397,398,383,378,373,376,369,349,341,337,340,324,314,312,301,289,285,282,286,262,255,253,258,251,244,245,240,234,235,235,248,232,226,226,231,236,224,227,225,222,223,221,239,221,220,218,219,231,220,219,224,217,215,216,231,223,214,214,214,227,217,215,219,215,214,214,222,219,211,208,208,223,212,208,212,209,207,207,213,216,204,201,202,212,206,203,206,200,201,201,202,215,197,197,195,205,206,195,201,198,196,194


193,187,187,201,187,192,190,188,188,188,201,188,188,193,189,201,189,193,193,188,188,188,201,190,189,195,192,205,192,194,196,190,190,189,196,200,192,198,194,208,207,205,215,217,225,234,248,267,264,278,283,299,313,310,324,326,336,342,351,371,369,382,385,394,411,408,418,418,425,429,437,452,443,451,453,455,470,462,466,469,467,473,475,491,486,489,499,498,516,512,518,525,526,531,535,550,546,545,552,551,565,555,552,558,550,549,545,544,552,534,540,529,538,533,526,528,522,519,517,519,526,513,518,512,510,517,506,510,501,497,495,492,502,485,485,479,472,484,466,468,458,453,447,444,453,435,433,429,421,429,414,411,405,398,389,385,391,377,368,365,355,361,344,336,333,318,311,304,301,297,281,279,266,272,261,253,253,245,240,240,241,244,232,236,230,237,239,226,230,226,224,223,224,235,220,223,220,224,230,219,223,217,217,217,217,230,218,219,217,216,229,214,219,216,213,212,211,225,212,211,217,209,223,212,212,211,208,208,207,218,210,207,209,205,218,206,202,209,201,200,200,204,209,199,202,196,208,204,196,201,197,195,195,197,204,193


188,186,193,187,202,188,187,185,189,206,190,188,189,187,194,191,200,190,189,186,187,202,198,190,191,190,193,193,202,193,191,188,189,202,201,192,192,194,193,200,205,212,209,218,225,246,259,257,264,276,286,300,308,323,319,329,336,351,371,363,372,378,388,400,405,421,416,421,429,437,458,446,447,453,457,465,465,476,466,470,472,475,498,491,488,495,500,508,512,526,523,524,531,536,554,553,549,551,554,557,564,568,561,557,554,552,564,559,545,541,539,535,540,537,539,527,526,523,531,535,521,520,517,515,518,513,522,505,504,500,504,514,496,487,485,484,482,475,483,466,461,456,451,467,446,439,435,430,431,424,429,410,406,400,393,404,391,379,370,364,362,352,352,339,326,319,313,318,306,289,284,274,270,269,266,261,248,242,241,251,250,238,235,233,229,236,232,238,226,225,223,227,239,222,221,221,221,225,220,233,218,217,216,221,237,221,215,217,217,223,217,226,215,214,212,215,228,216,214,212,211,217,213,221,211,207,208,208,221,215,205,205,205,206,211,211,205,200,201,200,213,210,198,199,199,199,202,204,206,195,194,196,203,207,195,195