

172,171,173,171,172,173,174,175,171,172,171,175,172,173,174,173,172,171,175,175,176,173,172,177,175,174,172,178,174,176,178,175,180,175,176,179,178,178,179,186,186,191,201,207,223,230,242,256,267,276,289,301,308,318,331,342,353,362,372,383,395,401,411,423,431,438,447,459,466,471,477,483,491,491,496,501,503,506,509,516,521,523,526,532,539,542,547,555,562,566,574,584,589,595,597,603,610,611,613,613,622,617,618,619,614,618,609,606,604,600,595,590,592,586,583,583,580,581,576,574,573,571,568,566,565,561,558,555,556,553,546,543,539,537,530,525,522,514,509,505,503,498,489,482,479,476,468,462,457,451,445,438,436,430,421,415,406,402,392,383,375,370,358,349,343,331,326,314,305,299,287,278,268,268,255,249,248,240,243,235,233,233,230,225,224,225,220,219,221,218,219,216,215,214,217,212,212,213,211,209,210,212,211,210,208,208,211,206,206,208,205,204,204,206,207,204,202,203,206,202,200,201,200,196,197,201,200,197,196,195,198,193,193,191,193,189,189,190,186,192,187,187,189,185,184,183,186,181,182,183,181,186,181,180,182,181


171,174,174,171,171,172,175,173,171,172,172,175,172,171,176,172,172,172,173,180,173,173,172,176,176,174,176,176,175,175,173,181,176,175,175,178,182,178,183,183,189,192,201,215,218,230,240,250,267,274,289,297,308,320,329,346,348,359,369,378,391,399,412,419,427,436,445,457,460,466,472,477,487,488,493,498,500,503,506,515,519,517,521,528,535,537,543,553,558,563,570,575,591,587,592,599,605,608,608,614,613,612,614,611,617,608,606,602,600,599,591,590,585,581,578,576,581,573,571,569,566,569,563,564,559,558,554,553,555,545,541,539,533,533,525,524,517,513,506,501,501,492,486,479,475,473,465,459,457,448,442,437,433,430,418,411,403,400,390,382,376,364,356,347,336,337,321,312,303,297,287,278,274,263,256,250,245,247,237,233,230,228,232,225,228,222,221,220,217,222,216,214,213,212,216,213,215,212,210,210,210,214,209,207,208,206,209,207,209,206,205,205,204,208,206,203,202,201,204,200,199,203,199,198,197,199,204,196,194,195,196,193,193,195,191,189,189,186,195,187,186,185,187,186,183,187,184,183,181,182,186,181,179,179,178,182


171,172,170,173,172,171,175,171,174,172,173,173,173,172,172,174,173,171,176,172,174,175,173,176,173,174,174,174,180,174,178,174,178,177,176,179,176,179,179,182,191,192,204,209,217,235,241,256,265,276,288,298,311,320,332,340,350,364,371,385,391,401,410,421,433,437,449,458,463,473,476,484,487,490,493,498,505,506,509,516,517,524,526,533,537,541,547,553,562,566,574,582,585,595,597,605,610,608,612,614,614,622,617,617,614,615,611,605,604,598,593,590,587,588,581,582,579,576,579,572,573,568,567,565,562,562,557,558,552,548,549,543,540,534,528,523,518,518,508,504,502,493,492,483,480,472,467,460,455,452,444,438,436,427,423,415,409,401,391,383,374,368,360,349,344,331,324,315,304,299,286,278,270,260,261,251,249,242,239,239,234,234,227,225,224,221,223,220,220,218,215,219,215,218,214,212,211,212,212,209,212,209,208,211,208,211,207,207,205,205,207,204,205,207,204,206,203,206,203,201,200,201,201,199,198,200,197,199,195,197,197,193,194,190,192,193,190,191,188,189,189,187,189,184,184,184,181,186,181,185,182,180,184,180,184,180


175,172,174,172,172,173,172,175,175,171,171,172,173,173,171,175,172,171,173,174,179,172,172,173,172,176,173,177,176,175,176,175,181,176,175,176,175,181,179,185,187,193,200,209,223,228,241,251,264,278,286,301,308,319,328,338,355,359,369,378,389,401,409,420,427,436,444,452,466,467,472,477,484,489,493,498,501,503,506,509,515,522,521,528,533,539,547,550,560,562,568,575,584,595,592,598,601,605,612,612,616,614,613,611,610,614,605,600,597,594,594,586,587,580,579,576,573,580,571,569,567,566,567,561,562,557,554,551,549,552,543,537,534,530,528,521,518,511,507,501,495,496,487,479,473,468,466,459,454,451,443,436,431,425,424,410,403,397,388,385,373,367,355,348,338,330,328,312,303,294,282,281,270,264,256,251,245,240,243,233,231,229,226,227,223,226,221,218,218,216,221,215,213,214,212,214,211,214,211,210,210,210,214,209,206,208,207,208,207,209,207,205,205,204,207,205,202,202,201,201,201,200,201,198,199,198,198,202,195,195,193,191,196,191,195,191,189,188,187,194,186,186,185,184,186,184,187,183,182,183,182,186,181,180,180,178


174,172,171,172,170,177,171,175,173,172,176,172,175,172,172,172,170,176,172,176,173,172,178,174,176,174,173,175,174,178,174,177,176,175,180,177,180,179,179,183,186,194,200,211,219,230,243,253,269,277,286,299,309,321,329,342,351,361,374,381,393,403,409,420,428,438,447,455,464,469,476,482,486,494,494,496,501,503,513,513,519,520,525,535,536,545,546,553,558,565,576,579,588,591,596,604,606,612,612,614,615,616,619,615,616,612,607,609,600,601,593,590,587,583,586,579,579,576,573,575,571,572,566,564,563,561,561,555,553,550,546,544,537,536,529,523,519,514,509,506,499,497,487,484,481,472,469,461,456,450,443,443,433,430,421,411,410,398,395,383,374,367,357,351,339,334,322,313,306,296,290,278,270,262,255,252,246,245,237,236,234,230,232,225,224,222,220,221,218,220,216,214,217,215,218,213,212,211,211,212,210,209,212,208,210,209,209,208,207,206,205,204,208,203,206,202,203,204,201,204,201,200,198,197,201,198,200,195,193,198,194,198,193,191,191,190,192,188,192,187,186,189,185,188,184,183,182,183,184,182,184,182,181,182,180,183