174,170,169,169,170,171,173,173,169,169,169,171,173,170,169,170,170,170,171,175,172,171,172,174,175,172,171,174,173,173,174,177,178,173,173,176,178,175,176,180,185,190,201,210,224,232,245,261,277,285,297,309,321,332,343,358,370,378,389,401,416,428,434,444,454,463,474,485,493,498,505,510,518,525,527,530,534,536,541,547,553,555,559,565,573,579,582,589,597,603,611,619,631,632,637,643,651,654,654,657,658,658,658,657,659,658,651,647,646,645,637,632,630,626,623,622,621,620,615,613,612,615,609,605,603,601,598,596,595,591,586,581,575,576,571,560,556,551,545,539,536,531,522,516,511,505,502,492,485,480,474,468,464,459,448,441,431,427,418,406,397,388,379,369,360,355,342,329,319,313,301,291,281,273,265,260,253,249,249,241,239,238,237,232,229,226,226,224,224,223,222,219,218,217,220,218,214,214,213,213,212,216,213,212,210,211,213,213,209,209,207,206,206,209,208,206,204,203,204,204,203,201,200,199,199,201,201,198,196,195,198,196,194,192,191,190,190,188,192,191,186,186,188,186,185,184,183,182,182,181,182,183,179,178,180,182


172,172,170,169,171,170,172,171,171,170,170,172,170,174,170,169,169,169,170,173,174,170,171,173,171,174,173,173,173,172,173,177,176,173,173,176,175,178,177,181,185,191,200,211,222,237,244,260,274,285,298,309,321,331,344,358,365,382,389,400,415,425,435,442,453,463,473,485,490,501,505,511,519,522,530,529,533,537,540,547,551,556,558,563,571,576,585,588,595,603,611,618,626,634,636,641,649,650,655,655,658,658,658,656,658,655,651,646,645,640,638,632,629,626,623,621,621,617,619,612,611,612,610,605,602,600,598,595,594,586,586,580,575,574,569,561,556,551,544,539,536,528,525,515,509,506,498,495,486,480,473,468,464,458,449,440,432,426,413,409,398,387,379,369,360,352,342,330,319,312,300,292,280,272,265,259,255,254,246,244,238,237,236,233,229,227,226,225,222,224,218,223,218,219,220,217,216,214,213,213,212,215,211,212,210,210,212,211,211,208,208,206,208,209,206,206,204,204,205,202,206,200,202,199,199,200,200,198,196,194,197,192,194,193,190,190,189,188,191,188,187,187,188,185,186,185,184,182,182,182,184,181,183,179,181,182


174,174,169,170,170,170,170,174,171,169,170,170,170,172,171,170,170,171,171,174,175,173,170,171,175,175,173,174,172,173,173,175,176,176,174,173,178,178,177,181,185,192,199,209,220,235,244,257,273,287,297,309,321,332,343,356,369,380,389,400,413,428,438,443,454,464,472,480,493,500,505,509,516,522,530,528,532,536,539,544,552,556,559,564,568,578,584,588,595,602,610,617,627,634,639,643,646,653,656,656,657,658,657,657,656,656,655,646,644,642,640,632,629,625,624,620,619,619,617,613,611,612,612,607,603,601,598,595,591,591,588,581,575,571,571,566,556,549,544,539,534,531,524,516,509,504,500,494,486,479,473,467,460,457,450,439,432,424,417,409,398,388,378,368,360,351,343,335,321,309,302,294,281,274,267,260,253,250,246,245,238,235,235,234,231,227,225,223,222,221,223,221,217,217,220,221,218,214,214,213,213,212,214,212,210,210,210,212,213,208,208,208,207,206,208,207,204,204,203,203,204,202,200,199,199,199,200,199,197,196,193,197,196,193,190,190,190,190,189,189,191,186,185,188,185,183,184,182,183,181,180,181,183,179,178,181


173,169,169,172,170,169,170,171,175,169,170,170,173,170,170,171,170,170,171,169,176,172,171,172,175,173,172,175,174,173,172,173,178,173,174,175,178,177,178,178,188,190,199,210,224,233,246,258,274,289,297,308,324,332,344,356,372,382,390,401,413,427,436,445,458,465,475,483,495,505,505,512,517,525,527,531,537,538,541,547,551,561,561,566,571,580,584,590,601,606,613,618,627,640,640,645,650,655,657,658,661,664,661,660,658,661,655,650,644,644,640,635,629,631,625,622,622,625,619,616,614,612,613,608,605,606,600,597,593,594,590,582,577,574,572,562,557,555,548,539,534,531,530,518,511,506,504,495,487,483,476,469,462,457,456,442,433,425,419,408,399,391,380,369,360,350,346,331,320,310,304,293,282,274,271,260,254,249,252,242,238,236,236,235,229,224,226,223,222,221,225,221,219,219,217,219,215,214,217,214,212,212,216,215,211,211,210,213,209,209,210,208,208,205,205,210,205,204,204,207,202,202,203,200,199,199,198,203,198,196,195,197,194,192,192,193,190,187,188,193,188,186,185,187,185,183,180,187,182,181,180,185,180,180,180,180


169,169,175,170,170,169,170,173,171,172,171,169,169,170,174,173,171,171,170,173,170,170,174,171,171,171,174,176,173,173,173,175,174,171,175,174,173,176,180,186,186,191,199,211,222,231,246,256,271,283,296,315,319,331,343,354,368,377,389,399,408,421,430,447,452,463,470,479,490,494,504,508,512,518,523,532,533,534,538,542,549,552,557,563,566,571,579,590,596,599,608,613,624,627,631,643,643,647,651,656,657,654,655,654,656,650,645,646,638,636,631,631,631,623,621,617,618,618,612,613,608,605,604,602,606,597,595,591,588,587,582,579,572,567,561,556,559,548,542,536,531,528,518,515,508,501,495,490,489,480,471,465,459,456,445,437,435,421,413,404,399,391,378,368,358,352,340,327,322,307,297,290,282,277,265,258,253,251,245,242,240,235,233,230,229,234,225,224,223,222,223,219,219,216,216,215,212,220,214,212,212,212,215,211,212,211,210,208,208,213,209,208,206,206,209,205,206,205,202,201,201,205,204,200,199,198,201,197,195,199,193,194,191,194,195,191,189,188,191,187,184,187,185,185,183,185,187,182,182,182,184,182,180,180,178,177