

175,178,181,174,174,174,182,175,173,175,173,174,174,176,179,175,174,173,184,176,176,174,176,175,176,176,184,176,177,176,184,182,176,177,176,177,176,178,188,181,183,189,199,213,214,223,234,244,256,266,285,289,298,309,320,338,338,348,357,366,377,386,403,408,413,419,429,445,444,450,456,460,464,469,478,483,480,483,487,501,495,499,502,506,513,516,524,539,535,541,548,563,563,565,572,575,579,582,588,598,590,592,592,601,594,587,586,580,579,574,574,578,568,566,563,567,567,557,555,553,553,550,549,557,548,545,542,541,547,535,531,527,523,519,517,519,509,503,499,495,499,486,479,473,468,464,459,458,459,445,437,433,436,424,416,410,402,396,389,382,383,366,356,349,350,337,325,316,306,299,290,281,282,266,258,254,257,252,243,239,236,233,232,230,235,227,224,223,226,228,220,217,218,217,217,215,223,216,214,214,215,221,212,212,211,211,210,210,216,215,209,208,208,216,207,205,206,204,204,205,205,211,202,203,202,208,201,199,197,198,197,195,196,204,194,192,192,200,192,191,190,190,189,187,188,195,186,186,184,192,190,185,183,182,182,182


176,180,179,175,173,178,181,174,175,174,175,173,173,177,180,173,174,176,184,175,175,175,175,174,177,179,182,176,177,176,185,180,175,175,176,176,178,180,184,183,184,190,204,211,214,222,235,245,256,270,286,289,298,307,324,334,337,348,358,367,376,384,403,408,411,420,431,441,442,448,455,461,464,470,478,481,479,483,489,497,493,497,502,506,511,517,525,533,533,540,550,562,560,565,570,575,578,583,589,594,591,591,590,599,593,586,585,580,577,575,576,577,566,564,563,567,563,557,555,553,552,550,550,555,547,542,542,542,542,534,529,528,522,520,515,519,514,503,496,497,492,483,478,472,469,464,458,458,455,444,437,436,435,422,416,410,403,395,389,384,378,366,357,349,350,333,325,315,306,299,289,286,279,267,260,255,256,247,242,237,235,232,231,232,232,227,224,223,228,226,219,219,218,217,216,217,223,217,214,213,218,216,213,212,212,210,212,211,216,214,208,208,212,211,207,206,206,205,204,203,206,207,201,200,203,206,199,200,199,196,198,196,198,199,194,193,196,199,193,190,190,189,188,188,192,193,187,186,186,193,187,184,183,183,182,182


175,182,179,174,174,177,179,174,174,175,174,175,174,180,178,174,174,178,183,176,176,176,176,175,175,178,181,176,175,178,185,177,177,175,176,176,176,180,186,181,185,190,203,206,212,224,233,245,255,269,287,290,298,308,326,334,337,347,357,366,376,384,402,404,410,418,435,441,442,448,454,458,465,469,480,480,479,482,489,495,494,497,500,506,511,515,527,535,533,539,551,561,560,564,568,573,577,583,588,593,590,589,591,599,588,586,583,581,577,574,575,577,567,564,561,568,559,556,555,552,552,550,551,554,547,543,542,546,542,533,530,527,524,519,515,519,509,502,498,498,493,484,479,472,468,463,458,461,453,444,439,436,433,423,415,409,402,395,389,386,378,366,357,351,349,334,324,315,307,297,290,285,277,265,260,257,258,246,242,239,235,232,231,232,235,225,224,223,230,224,219,217,217,218,215,218,223,216,214,213,220,219,212,210,211,210,209,210,217,209,209,209,211,212,206,205,205,205,204,204,211,209,202,201,203,205,200,198,198,198,196,196,199,200,193,193,195,200,191,189,190,189,190,187,192,193,185,186,187,193,186,183,184,182,181,182


175,180,178,174,174,178,179,174,174,173,174,175,176,177,179,173,175,177,180,175,174,175,175,175,175,179,181,177,177,179,183,179,176,176,175,176,178,182,184,180,186,192,202,209,213,223,234,245,255,271,284,290,298,309,321,331,337,346,355,367,376,386,401,408,410,418,430,441,442,448,453,458,464,468,478,480,478,481,489,494,493,496,500,504,509,517,525,533,533,539,550,558,560,563,568,573,576,582,587,591,589,588,593,596,594,585,582,581,576,575,573,572,567,563,563,565,563,557,554,553,551,550,550,553,546,542,540,542,541,533,530,527,521,518,516,517,512,501,496,495,494,483,479,472,468,463,459,456,454,442,436,436,431,421,414,408,401,395,387,384,378,366,357,353,346,334,323,314,305,297,288,285,277,267,260,256,255,249,241,237,235,233,232,233,231,227,224,225,227,227,220,219,219,216,216,218,221,216,213,214,216,217,211,212,212,210,211,212,218,210,208,208,211,213,208,205,205,204,205,204,209,207,201,202,203,205,200,198,198,197,196,195,199,199,194,193,195,195,193,190,190,188,188,188,192,192,184,185,190,190,190,183,182,183,181,183


173,181,176,174,173,176,180,174,173,174,174,173,173,179,179,173,173,177,184,175,176,175,176,175,177,180,181,175,176,178,183,177,176,176,176,176,176,180,186,182,184,191,204,206,212,222,235,244,255,268,284,287,297,307,321,332,338,345,356,365,374,385,403,401,411,418,431,439,442,447,453,458,464,469,481,477,479,482,488,495,493,497,501,504,511,517,529,533,533,538,548,561,559,563,569,574,578,581,589,592,590,588,590,599,590,586,583,580,576,573,575,576,565,561,561,569,561,555,553,552,549,549,549,556,543,543,539,545,541,531,530,526,522,517,516,520,506,502,496,495,493,483,477,472,466,464,457,461,451,442,437,434,435,421,414,408,402,396,387,387,375,366,357,352,349,333,323,315,307,298,289,284,280,266,260,256,257,247,241,239,236,232,231,231,235,226,224,221,223,226,218,219,218,218,217,218,223,215,214,213,216,216,212,211,212,209,210,210,215,209,208,207,210,211,207,207,205,204,204,204,211,204,203,202,202,208,200,199,197,198,197,196,202,196,193,193,191,199,193,188,188,189,188,188,191,193,186,184,186,192,188,185,184,183,182,181


176,181,174,173,175,177,180,174,174,173,173,173,174,183,175,174,175,177,179,175,175,176,174,174,176,182,176,175,176,178,184,178,177,176,176,177,176,182,183,181,185,191,203,207,212,223,233,244,255,271,283,288,297,307,320,332,337,347,355,366,376,388,399,401,410,418,431,439,441,447,452,459,463,470,479,474,479,481,488,494,493,495,499,504,509,515,530,528,533,539,548,558,559,564,568,572,577,580,592,587,587,587,591,597,589,584,583,580,576,572,574,573,566,563,561,565,562,555,553,553,549,549,551,552,544,543,540,541,541,532,528,526,520,519,518,519,507,501,497,495,493,483,476,472,466,462,457,461,447,442,437,435,432,420,415,408,401,394,387,389,373,364,355,352,347,333,323,314,307,297,288,287,275,266,259,253,256,247,242,239,234,234,231,231,233,226,224,223,227,225,218,219,218,217,216,219,220,215,214,214,215,218,212,210,210,210,210,212,214,208,208,209,210,211,207,205,206,204,204,207,209,202,202,202,203,207,200,199,197,196,197,197,201,195,194,192,194,198,192,190,190,188,188,189,195,188,186,185,184,193,187,183,184,183,182,181


178,179,174,173,174,178,180,174,173,174,174,173,177,181,175,174,173,176,180,175,174,175,176,175,176,181,178,176,175,178,184,178,175,176,175,175,176,181,185,181,184,189,199,209,212,223,234,243,256,269,281,288,298,307,320,332,337,346,356,364,375,387,399,401,411,417,429,440,440,448,453,459,463,471,478,475,478,482,489,493,492,495,500,505,509,517,528,528,533,538,547,557,559,561,567,573,577,580,590,589,586,589,589,597,588,585,583,579,576,573,573,574,564,562,559,561,562,556,553,552,550,548,551,551,543,542,540,540,539,531,528,525,521,519,518,516,507,502,496,494,492,483,476,471,466,462,462,458,447,443,438,435,431,420,414,407,401,395,390,386,372,365,355,352,346,333,323,315,305,297,288,286,276,265,260,253,256,249,241,239,235,234,231,232,233,225,224,223,224,226,220,218,217,216,216,218,219,213,214,213,217,217,212,211,210,209,211,213,214,209,209,207,211,211,206,205,206,205,205,209,208,203,202,200,204,205,198,200,197,199,196,198,202,196,192,192,194,198,192,191,189,189,188,188,190,190,185,185,185,191,189,185,183,183,182,181