

174,170,174,171,171,172,170,172,173,171,174,173,174,172,173,172,172,171,170,171,174,174,173,173,175,174,175,177,174,173,174,174,177,177,172,176,177,179,180,182,184,188,195,204,214,228,234,248,261,272,279,292,301,310,321,332,341,354,361,373,384,393,400,413,418,428,435,444,452,461,466,474,475,483,484,491,493,494,497,502,507,515,519,522,525,534,538,544,555,557,563,569,576,585,591,595,597,604,605,605,612,609,609,609,608,607,606,603,601,596,593,588,587,582,579,578,575,574,576,570,574,571,570,564,566,560,559,554,552,550,550,543,541,537,533,526,524,516,512,506,501,496,493,486,483,475,472,464,461,454,447,442,436,431,427,420,412,402,398,387,379,373,361,353,345,336,330,320,310,301,294,284,271,267,259,253,247,244,241,240,235,237,232,229,226,225,222,222,219,218,217,220,214,218,217,217,213,214,212,211,210,211,210,212,208,210,208,211,208,209,207,206,207,205,205,207,205,205,202,205,201,203,202,199,199,198,197,199,199,197,198,197,194,193,194,190,190,188,188,190,190,188,191,187,187,183,185,183,183,181,182,183,183,179,182,181


172,173,175,175,172,171,170,170,171,172,176,172,170,173,174,174,172,172,170,172,171,172,176,177,173,175,175,176,172,173,173,173,174,174,175,178,174,176,181,182,184,189,195,204,213,224,238,251,257,268,283,293,301,312,321,330,341,351,364,377,381,390,404,413,421,428,436,444,451,458,468,473,477,479,487,493,496,495,498,502,507,510,518,525,528,531,538,546,554,557,562,569,576,582,588,599,602,601,604,610,612,610,610,608,607,606,604,601,600,593,591,590,590,582,580,577,577,574,573,575,573,568,566,567,568,561,557,554,552,550,546,546,541,534,531,530,527,520,511,505,502,496,492,488,485,476,470,467,464,457,448,441,435,429,425,419,416,405,396,386,379,373,362,353,344,335,326,318,312,302,290,281,275,267,259,252,247,244,240,237,235,234,229,228,229,226,223,222,219,219,219,217,218,218,214,214,216,216,214,212,210,211,211,209,212,211,209,208,209,213,210,205,205,204,204,203,207,207,203,202,204,204,202,199,198,198,197,197,197,200,199,193,192,193,193,189,190,189,188,187,187,186,190,185,183,187,186,183,182,181,181,181,180,181,182,179


171,171,174,173,172,171,172,171,171,173,173,173,171,171,174,172,171,171,171,172,171,171,174,174,173,173,175,175,177,173,174,173,174,174,176,177,174,176,179,180,187,188,195,203,213,224,238,247,260,268,283,291,303,311,320,331,341,352,364,374,385,391,402,412,422,428,436,444,452,458,468,471,479,480,485,492,495,495,499,502,506,511,517,524,529,532,538,546,554,557,562,570,576,582,588,596,600,602,606,609,611,615,609,608,608,605,603,604,599,593,591,590,588,586,581,577,576,575,572,574,574,570,567,567,564,563,558,555,553,548,546,546,540,539,530,527,525,519,512,505,501,496,491,487,481,478,469,464,463,458,449,442,436,429,423,417,412,405,396,386,381,372,363,353,344,335,326,317,312,302,289,282,277,267,263,253,248,244,240,238,237,233,231,228,229,225,224,222,221,218,217,218,218,216,219,213,215,212,213,212,211,210,210,210,211,207,211,207,207,209,208,205,205,204,204,204,205,204,205,202,201,203,202,201,199,197,196,196,196,197,197,193,193,195,192,194,189,189,187,188,186,190,188,186,183,186,185,187,183,182,180,181,180,184,181,180


172,173,173,172,173,169,173,171,169,171,174,175,170,171,174,173,170,171,173,173,172,171,173,176,172,172,174,177,173,174,173,176,172,173,176,179,175,177,177,183,183,189,193,206,212,223,234,250,258,269,278,292,299,309,319,331,340,348,360,376,382,390,400,412,417,426,433,444,449,455,463,473,477,477,483,488,491,493,495,502,503,508,512,519,526,530,534,543,550,552,560,568,577,579,584,592,598,599,600,603,607,606,606,604,608,602,599,600,600,591,586,584,584,579,577,572,574,572,570,569,574,565,563,561,563,557,555,552,552,545,542,540,541,535,527,524,522,514,508,504,500,494,488,483,482,477,467,463,460,453,446,441,436,429,422,415,409,403,394,385,379,372,361,351,344,337,325,316,308,300,289,281,273,266,259,251,245,246,239,236,235,237,229,227,227,227,223,221,218,221,216,216,215,220,214,215,213,214,213,212,209,210,208,208,207,212,212,208,208,209,206,206,205,206,204,203,202,206,206,201,202,203,201,198,198,199,197,195,195,196,197,193,192,194,194,189,189,190,192,187,187,188,190,187,184,184,186,183,181,179,184,180,179,182,185,180


171,170,170,171,170,174,175,175,171,170,172,174,171,171,170,171,170,170,175,175,171,171,174,175,173,171,172,173,173,173,175,175,173,173,176,177,174,176,178,179,184,189,197,206,213,224,237,250,260,269,279,290,299,311,324,334,342,352,363,376,385,391,401,409,418,426,440,447,453,457,465,472,478,480,484,488,491,494,499,509,512,510,516,522,530,531,538,543,550,556,564,570,581,582,588,596,601,602,604,607,609,609,610,610,610,606,604,603,602,594,590,588,584,582,579,580,578,575,572,574,576,571,566,565,563,560,558,558,556,551,546,543,543,539,530,526,521,516,511,508,505,497,491,486,483,479,470,465,458,453,449,444,441,436,423,417,413,407,394,386,380,370,361,353,344,338,325,317,311,301,289,282,272,265,259,253,250,246,241,237,236,235,231,227,226,223,222,220,223,222,217,217,218,219,218,213,213,212,211,211,213,213,211,209,208,211,212,207,207,206,205,206,207,210,207,205,203,203,204,202,201,200,200,198,199,202,200,196,195,197,196,193,193,192,192,190,189,190,191,187,187,188,188,186,185,183,184,184,181,184,183,180,180,182,184,180