

180,183,174,173,177,177,173,173,174,179,178,174,176,182,177,174,176,177,175,173,176,180,178,175,177,182,180,177,177,181,177,177,177,181,180,176,176,186,185,183,188,198,202,210,221,236,248,257,270,289,299,306,318,332,343,351,362,372,390,397,408,426,437,439,448,461,470,475,483,491,501,506,509,519,528,524,526,533,538,537,542,546,557,563,561,574,584,583,589,596,606,611,615,623,635,640,638,643,654,651,651,651,653,652,647,646,649,646,636,634,637,630,623,621,623,617,614,611,615,614,612,610,607,604,598,595,597,594,587,584,584,583,576,573,564,562,553,549,546,540,532,526,519,519,514,507,498,496,488,480,477,472,462,455,448,445,437,430,422,415,405,391,383,376,363,353,344,337,330,314,304,304,291,278,270,267,259,254,250,250,247,239,239,243,240,233,231,233,229,226,226,226,228,223,221,228,226,219,219,223,222,218,217,217,219,215,213,219,223,214,212,215,216,210,211,208,214,208,208,210,216,206,205,207,208,204,202,201,206,201,200,197,206,201,196,195,199,193,193,192,195,192,190,189,197,191,188,186,190,185,186,184,188,187,182,182


177,175,174,174,175,179,179,173,177,181,180,175,178,175,173,173,175,179,179,175,177,181,180,176,179,176,176,177,177,176,181,177,180,184,182,179,182,182,181,185,188,195,204,211,222,237,250,259,276,287,296,307,321,331,347,359,366,382,398,401,414,423,431,444,453,463,474,485,488,499,511,510,517,524,524,526,532,536,544,548,548,555,566,566,568,578,581,588,593,600,608,620,624,633,643,646,646,651,652,654,655,655,657,661,655,654,657,652,643,644,638,631,629,625,624,627,625,619,620,625,617,612,607,607,605,600,599,600,600,591,590,590,581,575,570,564,559,553,548,547,541,532,529,528,520,510,501,497,490,484,479,477,471,460,455,454,444,432,423,412,402,393,384,374,370,356,349,344,332,318,310,298,289,280,272,264,265,257,256,255,250,243,243,241,235,234,232,229,232,233,227,231,230,223,225,225,220,221,219,220,222,222,218,219,222,218,219,218,215,214,213,213,217,216,211,214,216,212,209,213,207,206,206,205,207,210,204,206,211,203,201,204,200,197,196,195,194,198,194,195,201,197,190,194,190,190,188,188,188,192,188,189,192,190,183,185


174,180,180,175,175,183,176,176,178,178,174,176,174,178,178,174,175,183,176,175,177,179,174,175,177,180,181,178,176,185,180,178,179,180,179,179,180,180,187,183,188,203,209,212,222,238,248,259,272,285,302,311,321,341,352,355,367,382,391,400,410,423,437,450,455,470,482,481,490,500,506,510,515,519,530,533,532,537,549,547,548,557,561,564,569,576,587,595,595,602,620,621,624,633,640,641,647,649,658,662,659,659,670,664,657,654,655,649,643,642,637,638,632,627,635,634,621,621,621,615,615,612,611,613,607,603,610,607,597,591,591,584,580,575,571,570,566,554,555,554,538,533,530,524,515,508,503,502,497,485,479,483,468,461,458,449,438,429,423,419,410,395,386,386,372,356,351,340,327,315,307,301,293,281,274,276,269,256,253,251,247,243,240,238,240,234,232,238,240,228,228,230,226,224,223,223,227,220,220,228,228,219,218,221,219,218,215,217,219,221,213,219,222,215,212,216,216,211,210,208,213,212,208,205,214,207,203,206,208,202,200,201,204,204,198,195,205,198,196,196,195,192,192,190,194,193,188,187,198,193,188,188,188,185,185,183


180,179,176,175,178,175,179,181,175,174,180,176,178,177,176,175,180,180,180,179,175,175,180,177,175,181,178,179,180,181,180,182,177,176,182,180,178,185,183,186,191,198,202,216,221,234,249,263,271,288,300,308,322,336,342,358,368,376,390,402,410,425,435,441,450,465,472,483,492,494,502,512,512,521,526,525,531,535,539,547,551,548,553,565,567,573,581,586,592,602,609,619,625,625,633,643,643,646,654,652,655,658,657,659,659,651,646,650,642,638,637,632,627,627,624,618,623,615,613,618,614,607,608,609,601,601,600,593,595,589,583,584,580,572,571,565,557,550,549,541,539,536,522,521,518,505,503,498,488,484,480,473,470,462,450,443,442,429,422,414,403,393,387,377,370,359,346,334,329,318,307,302,288,280,277,270,263,259,250,249,250,246,239,242,237,235,236,235,228,231,226,225,229,228,222,227,225,221,221,225,219,224,220,217,219,220,216,219,218,216,215,217,213,216,216,211,213,213,209,211,212,208,206,210,206,210,208,203,200,207,202,202,202,199,198,199,199,199,198,194,191,197,191,190,193,190,188,191,192,191,191,186,185,190,187,185


181,175,175,180,180,180,179,175,175,178,176,175,179,175,173,178,183,176,179,176,177,180,179,177,180,177,176,179,183,178,182,181,178,182,182,178,184,185,182,185,193,195,205,217,223,238,249,261,278,290,298,309,327,334,350,360,367,380,394,400,416,428,434,445,460,467,477,487,491,498,509,513,517,527,527,530,539,544,543,550,550,555,562,567,570,582,584,588,603,609,612,621,624,633,640,645,649,658,657,657,660,666,662,664,659,655,655,653,647,649,643,636,632,634,628,629,625,622,620,620,614,618,617,608,606,610,603,603,601,591,590,587,582,580,576,566,562,560,554,550,542,533,528,525,517,513,510,499,491,492,486,478,472,462,455,450,440,431,427,413,403,398,392,379,371,359,349,342,332,317,311,299,289,281,277,268,265,257,254,254,250,242,245,242,235,233,238,231,233,232,227,229,229,225,228,228,221,222,226,221,225,223,218,218,222,219,220,221,215,214,219,218,217,216,214,210,214,209,211,213,207,206,211,212,208,210,205,204,208,203,201,203,198,196,202,201,197,199,194,192,196,194,192,195,190,188,190,193,188,190,189,185,190,189,184,189