
209,208,210,237,217,216,210,230,229,220,214,209,209,211,213,234,217,219,214,224,238,223,217,213,216,216,215,235,225,224,218,222,243,223,221,217,216,216,220,241,241,243,244,257,294,293,307,313,330,342,359,380,406,407,411,422,459,456,467,471,479,489,502,515,544,537,542,548,576,575,575,575,577,582,585,589,614,599,604,599,620,626,621,617,618,624,630,636,664,655,662,660,679,696,688,685,685,689,688,693,712,703,698,691,693,710,691,683,671,667,661,660,671,666,656,645,644,667,648,643,635,632,627,625,633,644,627,619,611,632,616,609,595,590,587,582,579,596,574,564,556,573,555,546,534,526,520,516,510,529,503,498,484,496,493,474,459,446,439,428,422,435,410,401,383,386,386,365,349,334,325,316,310,321,300,298,284,283,302,283,276,269,265,264,260,274,273,267,255,256,280,265,260,254,251,250,249,256,268,258,251,245,270,257,257,245,244,244,245,247,267,249,247,242,266,256,250,243,240,239,240,240,261,246,245,238,254,255,246,235,233,231,231,233,254,236,238,228,237,247,236,228,224,224,221,224,244,232,229,221,226,245,230,225,220,216


226,231,220,214,208,211,210,217,227,227,210,208,219,236,218,218,210,213,211,220,223,236,213,211,216,240,223,225,215,214,216,225,220,241,215,214,216,242,227,230,230,236,243,262,274,307,303,314,330,366,371,380,384,399,412,428,444,471,465,468,480,510,519,523,526,531,541,551,566,581,583,573,578,597,609,596,595,592,596,597,610,622,631,617,619,632,657,646,649,651,656,660,678,681,701,685,684,691,718,701,700,697,693,691,695,691,708,678,674,666,688,668,667,654,650,645,652,647,661,641,635,633,654,641,636,625,622,617,620,617,629,610,599,591,608,602,587,573,569,561,561,560,563,554,535,527,535,540,520,506,499,491,486,489,483,484,454,446,444,456,432,419,401,391,382,381,371,380,344,333,326,340,316,311,295,288,282,286,282,298,270,266,265,285,268,268,259,258,254,262,258,274,257,250,252,273,260,261,248,248,247,256,253,270,252,243,245,264,264,252,245,245,244,246,250,263,256,239,237,252,261,248,239,239,238,237,244,249,256,232,232,237,258,238,235,230,227,227,234,236,250,223,224,221,247,230,232,221,219,219,227,223,243,219,218,218


241,218,209,209,207,208,209,212,241,215,207,210,241,222,213,211,211,210,209,213,240,221,214,211,241,238,215,215,214,212,215,215,241,236,216,212,233,242,220,219,225,234,241,256,282,309,298,312,338,377,359,371,381,394,409,421,445,477,458,466,478,522,505,511,518,529,534,542,552,592,568,570,575,610,589,586,588,590,593,596,600,636,614,612,615,650,644,633,639,644,650,657,662,700,685,678,683,712,712,692,691,690,690,686,684,706,701,672,667,684,687,656,649,645,643,642,641,654,660,635,629,639,660,629,619,617,613,611,610,614,636,599,593,591,616,587,573,567,563,557,552,548,576,538,529,525,552,520,508,498,493,486,479,475,500,469,454,443,465,444,420,407,401,388,380,373,392,364,341,331,347,339,309,296,292,287,280,277,298,291,266,265,282,291,260,258,256,256,255,252,268,276,252,248,258,280,252,249,248,247,245,244,254,278,245,242,243,275,250,241,244,242,242,239,243,274,242,238,239,272,248,237,235,234,236,235,234,266,241,230,230,259,245,229,227,227,224,226,225,253,232,221,223,244,244,224,220,218,219,219,219,241,236,219,217,234


213,208,207,218,230,209,209,222,238,211,208,214,219,208,210,217,235,209,211,216,243,217,213,214,219,212,214,214,238,218,214,215,244,220,211,211,222,215,217,219,248,237,242,252,296,294,296,308,333,344,355,365,398,402,403,419,457,463,456,464,482,492,497,507,531,540,533,540,569,580,562,564,578,580,578,578,592,604,590,591,605,630,606,604,614,623,622,629,638,664,647,654,662,697,673,674,678,686,685,682,687,708,686,681,682,709,680,667,665,668,655,648,646,666,647,634,635,664,643,629,625,632,625,616,617,634,623,607,604,627,621,596,587,591,582,573,571,581,579,551,547,564,562,535,527,527,524,510,501,505,514,487,480,481,497,462,451,447,444,423,415,409,419,389,379,374,391,356,341,329,329,314,304,299,315,285,280,276,303,277,267,265,271,262,256,258,274,260,252,251,282,263,249,250,254,252,245,245,266,256,246,245,270,266,245,244,251,246,242,240,259,259,240,238,260,265,242,239,242,244,238,237,243,256,236,233,246,262,234,230,233,237,227,228,232,250,225,224,229,258,226,224,220,229,222,221,221,240,222,216,218,248,226,215,216,222


213,231,209,217,208,207,207,216,215,234,210,206,209,232,213,218,210,212,211,218,216,236,213,213,213,236,218,222,216,215,210,217,221,234,216,214,211,236,229,227,233,232,242,255,274,301,307,313,325,357,373,375,390,397,407,420,441,462,473,468,479,500,523,514,530,528,538,546,561,570,588,572,574,583,608,590,597,590,591,596,606,612,633,613,617,622,653,640,651,647,651,659,673,674,700,685,684,685,714,700,700,693,689,690,691,692,701,682,668,666,683,669,660,656,646,642,644,648,657,647,633,631,643,646,627,627,619,612,612,614,618,618,593,588,597,602,577,579,565,557,553,555,551,557,529,525,522,538,511,511,495,487,483,483,476,485,453,445,435,451,424,417,401,392,380,380,368,373,347,331,321,334,315,305,294,286,282,284,280,290,273,265,262,281,272,266,263,252,253,256,262,269,262,250,245,264,265,253,256,245,246,246,252,259,260,241,243,253,263,245,250,241,241,240,248,249,263,239,236,243,262,240,242,237,232,233,242,239,255,235,231,231,253,232,235,228,224,226,232,229,247,227,221,221,244,227,224,221,218,217,222,226,237,221,213,214


238,220,208,205,206,205,205,207,235,223,208,206,233,231,210,210,207,207,210,213,233,233,212,210,228,242,214,211,212,211,211,212,227,245,215,212,221,248,221,221,225,229,241,252,272,310,297,310,328,372,362,367,382,393,405,419,432,476,459,465,476,518,506,505,514,524,532,542,550,587,570,569,572,607,596,583,586,588,588,591,598,629,623,609,615,643,648,632,638,642,649,653,662,690,698,676,682,700,716,691,687,686,684,684,682,692,708,673,666,670,689,656,648,645,642,640,638,642,665,635,629,628,658,629,619,615,613,611,606,605,631,600,592,589,611,586,571,567,562,555,551,543,567,543,529,522,547,527,505,496,491,486,478,475,491,478,453,442,457,449,417,409,400,389,377,371,380,375,341,333,337,342,309,294,291,284,278,275,285,303,269,264,269,293,261,256,255,252,250,252,257,280,253,249,246,279,254,247,245,247,244,244,243,273,246,243,243,271,253,244,240,239,239,241,239,270,246,240,236,268,250,235,236,233,231,232,234,258,249,232,228,253,253,227,225,224,223,224,224,245,248,223,222,235,252,223,218,220,217,215,218,228,248,218,213,221