
181,183,178,176,178,180,182,180,178,178,178,177,179,179,183,176,177,178,181,183,180,178,178,180,179,185,187,178,179,179,185,185,180,179,179,180,181,187,190,183,187,193,206,215,221,231,246,258,274,288,304,309,323,336,351,364,369,380,392,402,414,426,438,443,450,458,473,482,482,487,494,498,504,511,516,516,516,520,524,533,532,532,537,541,546,554,558,569,567,574,583,590,600,596,603,606,610,615,622,625,618,618,619,620,620,611,608,604,600,594,594,595,583,578,577,580,581,571,569,567,563,561,566,565,556,555,551,554,553,543,537,534,530,528,527,524,514,508,503,501,498,489,482,475,472,467,465,461,452,445,439,436,432,425,415,407,399,391,389,380,373,360,349,346,334,331,314,305,298,289,279,277,271,255,249,246,245,244,235,230,229,225,225,228,229,219,219,216,222,223,216,215,215,214,213,216,216,212,211,209,214,218,210,209,209,207,208,213,215,209,208,206,212,214,205,204,205,206,205,208,209,203,201,202,205,207,203,199,200,197,198,200,201,199,195,194,197,197,198,191,191,191,188,188,195,194,187,187,188,192,193,187,187,183,185,184


182,182,175,178,176,184,185,176,177,178,177,176,177,188,178,178,178,179,189,177,178,178,178,180,180,190,180,180,181,179,191,180,180,180,180,178,181,190,183,184,188,195,213,212,221,231,247,260,274,294,299,310,323,335,358,360,369,379,392,401,414,431,435,442,450,459,475,482,483,490,494,500,504,513,517,514,518,520,527,533,528,532,536,542,546,552,567,563,567,574,580,598,592,598,603,608,609,614,629,617,620,617,619,629,615,612,608,604,598,595,601,587,584,579,580,588,574,570,568,568,565,564,571,561,557,554,553,561,548,541,541,534,530,527,531,521,514,508,505,508,497,489,482,477,473,466,466,462,451,445,440,439,435,422,414,408,400,394,386,388,368,358,351,343,345,325,317,306,297,290,279,282,265,258,250,247,252,237,236,230,229,226,225,233,223,220,219,219,227,218,214,214,214,214,214,222,213,210,211,210,222,213,210,209,211,208,208,218,211,208,208,208,217,211,206,205,206,206,205,210,210,201,201,201,206,209,201,200,199,198,196,199,206,197,194,194,195,204,193,193,190,190,190,192,201,188,187,189,189,198,186,186,187,185,185,185


186,178,176,176,176,186,179,178,176,177,177,178,185,180,176,177,177,186,183,178,179,180,180,178,183,187,179,178,181,185,186,180,179,179,179,181,184,186,183,185,189,198,208,211,220,232,244,258,277,293,298,310,323,338,354,359,370,380,392,400,414,430,433,440,450,462,477,477,483,487,493,499,505,516,512,512,518,520,533,527,529,531,536,540,544,559,556,561,566,575,588,590,592,597,601,606,610,619,623,619,619,618,622,622,615,612,608,602,599,601,598,586,583,580,582,584,572,570,567,565,564,565,567,560,555,553,555,558,547,541,537,535,530,528,531,518,514,509,506,508,495,486,483,478,472,467,472,457,450,444,440,444,428,422,413,407,399,393,394,376,368,360,351,351,337,324,315,306,299,288,285,277,263,256,251,250,248,236,235,232,229,226,230,229,221,221,219,222,224,217,214,213,214,213,216,220,212,210,209,214,217,209,209,208,209,208,211,215,209,208,207,209,215,208,208,206,205,206,205,216,204,205,202,202,210,202,199,199,200,198,199,208,199,196,195,193,203,196,192,193,192,190,190,194,194,188,189,189,193,193,186,187,184,185,186,189


181,176,177,184,179,182,176,177,177,175,184,177,180,176,175,183,180,182,177,178,178,179,181,181,184,179,179,180,186,184,181,179,179,181,180,187,183,180,183,185,195,197,202,209,220,233,244,263,275,285,299,312,331,338,348,357,370,381,390,410,416,424,433,443,456,463,468,476,483,488,495,507,504,511,510,515,524,523,526,527,529,533,537,548,547,554,556,563,573,577,584,588,593,597,602,609,614,618,616,619,620,625,624,618,614,612,606,604,607,599,591,586,586,588,582,574,572,571,567,567,571,567,560,559,558,563,556,549,546,543,539,536,538,530,524,518,514,515,507,500,493,488,482,477,479,467,463,456,452,451,441,438,429,420,415,407,405,393,388,376,369,363,353,346,334,323,315,307,299,290,283,270,264,257,259,251,242,236,234,231,230,234,227,224,221,220,226,223,217,217,216,214,214,218,215,212,212,212,217,214,210,210,210,210,210,214,213,210,207,207,214,211,210,208,207,206,205,212,206,205,203,203,208,206,204,203,200,200,198,205,199,203,197,195,201,198,199,193,192,191,191,195,191,192,190,189,188,194,192,189,185,186,186,186,192,188


177,182,178,179,176,177,184,177,178,177,181,176,179,183,178,180,176,178,184,178,179,178,181,180,178,185,181,183,179,179,187,180,178,179,184,181,180,185,187,189,187,193,207,210,220,231,248,258,273,286,303,314,322,334,348,362,369,379,393,400,412,423,436,444,449,459,467,480,481,487,496,500,501,508,516,514,518,519,522,531,529,532,536,542,544,550,562,561,570,572,577,591,591,595,599,610,610,613,620,618,621,616,617,622,612,609,605,606,597,592,594,590,587,577,576,581,574,569,567,570,563,562,561,564,558,552,550,553,550,539,538,537,528,525,522,524,515,507,501,495,498,485,480,480,473,465,461,462,452,445,437,432,433,420,413,406,402,393,385,381,369,363,350,340,338,324,314,305,303,288,281,278,264,259,250,244,245,236,234,232,232,226,225,226,223,223,217,217,222,216,216,215,217,214,211,211,218,214,210,211,214,215,211,209,212,208,207,209,214,210,207,208,206,213,207,205,208,206,204,204,210,206,204,202,201,208,200,199,201,200,199,198,203,195,199,195,194,200,193,190,191,194,189,190,195,188,191,188,187,192,188,187,187,190,185,185


182,179,177,176,178,184,181,177,176,175,184,180,181,177,179,178,178,183,186,178,178,177,183,187,179,183,180,179,180,182,189,181,177,178,179,185,180,186,184,184,189,195,211,210,219,230,243,265,272,288,298,311,323,334,357,358,368,377,390,407,413,424,433,439,449,458,476,474,479,487,493,503,503,510,510,514,516,519,530,528,527,529,534,545,546,553,555,559,565,571,583,593,590,594,601,608,614,611,617,616,617,615,620,624,612,609,604,601,603,592,593,585,582,579,577,585,571,569,566,564,570,562,564,556,553,551,549,559,545,538,537,532,536,527,526,516,510,506,502,508,494,487,479,474,476,465,463,456,450,445,437,441,429,421,413,407,405,395,388,377,368,360,351,344,340,324,313,306,300,292,279,275,263,256,250,249,249,235,233,229,229,233,224,228,221,221,217,219,227,214,215,212,213,220,212,217,212,213,210,211,222,211,210,209,209,215,209,212,209,208,207,208,216,206,205,204,204,210,206,207,205,203,203,204,210,205,201,200,198,206,200,202,197,196,195,193,198,201,193,190,192,196,196,191,194,188,188,189,190,195,186,184,185,186,192,184


180,175,175,176,183,184,177,177,177,179,182,178,182,176,176,177,184,185,179,177,180,180,182,181,185,180,179,180,181,192,180,182,181,179,184,180,187,181,183,183,190,204,201,209,221,233,249,260,280,285,299,312,323,347,348,359,371,381,396,403,418,425,432,442,453,468,475,477,483,490,498,503,511,511,513,516,519,530,532,528,532,534,541,548,549,560,558,565,571,583,591,590,595,599,604,613,613,623,617,618,621,623,630,620,615,614,610,609,601,602,592,588,584,581,589,576,573,571,567,569,564,569,558,556,556,553,561,549,545,541,535,535,529,530,519,515,510,506,508,499,489,485,480,475,470,468,459,449,446,441,441,436,424,417,411,405,399,388,387,372,364,355,352,345,330,321,312,302,299,287,283,268,260,254,250,255,238,236,231,228,232,226,229,221,220,218,216,227,217,215,215,212,215,213,216,211,210,208,208,218,210,209,210,209,212,207,213,206,206,206,206,212,211,205,206,203,208,204,208,205,202,200,200,208,207,201,198,199,200,200,197,201,195,194,192,198,200,191,191,191,192,194,189,194,188,187,186,187,196,187,186,186,186,189,184,190