
170,171,170,170,169,176,170,170,171,174,172,170,170,171,171,172,171,176,172,172,173,176,179,174,173,174,175,175,174,179,174,173,175,174,179,175,176,177,178,180,185,194,201,209,220,230,248,258,271,285,298,310,321,337,353,358,369,381,396,403,415,424,434,443,454,462,478,481,488,496,506,509,512,515,521,524,528,531,539,538,543,547,556,558,562,567,573,579,587,593,607,607,614,620,629,637,634,638,642,643,644,646,650,644,641,639,635,635,627,623,617,614,609,608,611,605,600,598,595,598,592,589,587,586,582,580,580,581,572,569,565,567,558,551,548,542,536,532,524,526,516,510,505,504,494,487,481,475,469,464,458,456,446,438,432,429,418,408,400,390,381,372,364,358,344,334,325,319,312,294,285,276,268,261,254,252,244,239,235,230,235,228,226,223,220,220,219,221,218,215,215,211,216,212,212,210,209,210,208,209,216,208,206,208,210,206,205,207,205,205,205,203,208,204,203,201,207,203,201,201,200,199,198,198,202,198,196,196,199,198,195,193,193,192,191,190,194,189,187,187,190,191,185,185,184,183,182,181,185,182,181,181,178,183,180,178


171,171,169,173,177,171,171,172,175,173,170,170,171,171,171,172,176,171,171,173,176,177,174,174,173,174,175,172,180,176,175,172,176,177,175,175,174,176,177,179,187,193,198,207,220,235,246,258,271,284,299,310,324,338,347,358,371,384,393,403,413,425,434,444,456,468,472,481,491,499,503,507,511,516,520,523,529,538,535,539,545,552,555,557,562,566,572,578,588,599,602,606,615,623,629,631,634,638,640,643,643,649,648,643,639,642,637,631,626,622,617,613,610,611,608,602,600,600,598,594,591,589,588,586,583,583,580,574,571,571,568,561,556,551,546,542,537,534,532,521,516,512,508,502,493,487,480,475,470,465,465,451,445,441,438,427,415,408,399,390,381,372,368,354,344,335,329,318,305,295,286,277,268,257,258,251,243,236,238,236,230,228,225,224,222,220,218,221,217,214,216,217,213,211,211,210,209,210,209,211,209,209,209,212,207,207,206,206,204,205,206,211,205,203,205,206,205,202,202,201,200,199,200,206,198,197,199,202,199,194,193,194,193,192,191,195,190,187,188,192,190,185,186,185,184,183,181,185,184,182,179,182,183,179,178,178


170,169,172,173,171,172,174,174,168,172,170,170,170,171,171,174,171,172,173,176,172,174,174,173,174,175,175,177,175,172,176,181,175,176,176,174,175,177,177,183,186,189,199,213,219,232,248,257,272,284,297,312,324,334,347,361,369,381,393,402,412,423,434,446,456,462,474,484,490,496,501,505,511,515,519,523,529,529,534,539,543,543,551,554,559,566,572,578,588,591,599,608,618,618,626,630,633,637,639,642,645,643,641,645,646,636,635,630,623,619,616,612,611,606,603,603,605,597,596,596,589,588,586,584,584,582,577,575,576,569,564,561,554,551,545,540,538,533,526,522,519,512,504,499,492,485,480,475,469,467,457,453,448,442,428,424,416,407,398,390,380,374,363,352,346,341,323,316,304,295,285,275,269,264,254,246,244,244,235,232,231,227,225,224,221,223,219,217,217,219,215,214,214,212,212,210,211,213,212,209,210,213,210,209,210,206,207,205,206,207,207,204,206,208,208,204,204,202,201,200,201,200,202,198,198,199,201,197,197,195,193,194,193,192,194,191,187,191,192,187,187,185,185,185,184,184,185,183,182,183,185,183,182,179,179,178


172,172,172,170,171,173,172,171,173,171,171,171,172,172,173,171,171,175,175,172,176,174,172,171,175,175,176,174,174,178,177,176,177,177,174,174,177,177,178,181,185,194,202,208,222,233,244,257,272,285,298,312,320,336,348,357,371,381,389,400,413,423,434,445,451,463,472,481,486,495,498,503,511,515,519,523,525,529,534,538,539,545,547,553,560,564,572,578,585,589,600,606,609,619,623,627,633,637,639,642,643,642,643,643,638,638,633,627,624,617,612,610,604,605,603,602,596,596,594,590,590,588,583,581,580,579,578,574,569,565,564,557,551,553,543,538,534,531,527,522,514,508,504,496,488,486,479,473,467,463,458,452,445,436,432,422,413,407,398,387,379,372,365,354,345,334,327,317,304,296,285,275,267,258,256,252,245,240,238,234,229,228,225,223,221,218,220,219,219,219,216,216,212,212,214,209,209,208,210,211,211,210,211,210,207,202,209,204,205,204,205,208,207,206,206,206,203,199,203,200,199,200,200,199,201,200,200,200,195,194,196,192,191,191,191,194,192,192,192,190,187,185,186,183,184,182,181,185,184,184,184,183,183,180,179,177


173,174,170,169,168,172,170,169,170,172,172,174,175,175,171,171,171,172,171,172,172,174,175,176,176,178,176,174,174,177,175,174,174,176,179,178,179,179,181,181,185,193,198,208,220,229,246,262,276,289,301,310,324,336,349,358,370,381,395,406,417,429,439,445,456,462,478,481,488,497,505,512,516,521,524,526,529,532,538,539,544,548,555,561,566,572,579,584,589,594,603,608,616,621,629,637,639,643,645,648,647,647,648,644,641,639,637,637,631,624,619,616,615,609,608,603,601,599,594,597,597,592,590,587,589,582,581,580,573,569,566,566,562,554,550,544,542,535,527,526,517,511,506,502,498,489,483,477,473,467,458,454,446,439,431,427,422,409,400,392,383,376,363,354,344,335,325,317,312,297,286,277,270,263,254,250,243,238,235,231,234,231,226,224,223,224,218,219,216,214,214,210,215,216,213,212,210,212,209,208,212,208,207,207,209,210,207,206,206,209,207,201,206,202,202,202,203,205,202,202,200,201,201,197,199,197,195,195,198,198,196,194,192,192,194,189,190,188,188,186,188,192,186,185,185,185,185,182,184,180,180,179,179,183,181,180