

173,173,177,173,178,176,175,174,177,175,181,177,177,179,181,179,182,182,181,181,185,181,186,183,184,184,185,185,182,187,182,181,184,181,183,181,182,182,184,191,192,205,211,220,236,247,266,279,293,306,319,335,342,357,364,375,387,394,405,411,419,429,437,448,452,464,465,470,479,481,486,489,490,493,496,502,499,505,502,505,507,511,512,522,520,523,529,535,538,547,549,554,557,566,567,575,572,576,577,579,580,578,581,576,574,573,565,567,556,552,548,546,546,538,542,533,531,532,526,529,523,520,520,518,518,513,514,507,506,504,500,498,492,488,484,480,478,472,470,460,457,454,448,442,441,432,427,424,422,413,413,404,399,393,388,379,378,366,360,352,347,336,332,321,313,306,301,288,284,274,265,257,254,246,238,236,229,227,228,222,223,218,216,216,215,216,211,216,209,208,212,207,211,207,206,206,206,208,203,209,204,202,207,203,205,203,203,202,201,205,201,205,201,199,202,200,199,199,197,198,197,200,197,200,197,194,195,195,192,197,193,191,190,193,189,192,189,188,186,190,187,190,186,185,184,187,183,182,186,182,182,186,181,183,180,181


174,172,173,179,177,176,175,175,177,179,180,177,177,177,177,180,186,179,182,182,182,187,187,181,182,182,183,182,192,185,183,181,180,185,181,181,180,182,182,188,200,201,209,221,234,252,263,283,291,304,319,331,349,355,365,375,385,392,405,415,420,426,436,444,459,458,463,470,474,480,487,493,490,492,495,498,504,503,502,503,507,510,517,518,519,522,526,532,538,548,546,553,558,562,570,574,572,575,576,577,577,588,575,575,571,568,568,562,556,551,547,544,541,545,535,533,531,528,528,525,526,519,519,515,514,519,511,507,504,500,498,497,495,487,483,478,474,478,468,460,456,452,446,445,443,432,428,422,416,418,410,402,398,391,386,384,376,365,357,350,343,337,333,321,314,306,296,292,284,273,264,257,249,243,249,235,231,227,224,226,221,218,216,214,214,212,220,211,209,208,208,209,207,211,206,205,204,205,211,204,205,204,203,202,205,205,201,201,202,200,209,201,200,200,201,199,203,203,197,197,196,196,202,197,196,197,194,193,197,196,192,192,190,191,190,195,190,188,188,187,191,188,186,183,184,184,182,191,184,182,183,181,183,182,181,179


174,174,174,181,175,175,176,175,176,179,181,177,178,178,177,183,181,179,181,182,181,181,188,183,181,182,184,187,187,183,182,181,181,181,186,181,180,182,185,190,197,201,209,222,234,249,265,282,291,305,317,333,346,353,361,372,383,392,404,414,419,426,434,444,455,456,463,467,475,478,487,491,490,491,495,496,505,500,502,502,504,508,512,519,518,521,525,530,540,542,546,550,554,560,564,573,571,573,575,575,580,582,575,573,571,566,562,565,554,551,546,541,544,541,534,532,527,527,524,526,526,517,517,514,516,515,508,504,501,500,496,498,495,487,482,477,475,475,464,459,454,449,446,445,440,430,427,419,417,417,407,400,396,391,384,381,376,365,357,351,343,341,331,319,312,305,296,288,286,273,264,257,251,247,244,233,231,227,225,222,224,220,216,214,212,216,215,210,209,208,208,207,209,211,205,203,205,209,207,203,204,203,202,202,205,207,201,200,201,203,206,201,201,199,199,199,203,203,198,197,198,198,202,197,195,194,195,194,196,198,192,191,190,190,197,191,190,188,187,186,187,192,185,183,184,182,184,189,182,183,181,180,182,186,180,179


174,172,178,177,175,174,175,176,174,184,177,177,178,178,182,183,179,181,182,181,182,187,184,183,183,184,188,188,184,182,182,182,181,186,184,181,180,182,188,192,193,200,210,222,234,252,266,279,291,306,320,335,343,352,362,373,382,397,407,411,419,428,435,453,451,458,465,469,476,480,493,487,490,493,495,502,502,501,501,505,507,509,520,515,520,524,528,538,541,543,548,553,557,560,570,571,572,575,575,583,583,578,577,574,572,568,571,563,557,552,549,549,546,537,535,532,531,528,529,527,522,519,518,520,519,512,509,507,503,501,501,499,491,487,482,478,482,472,465,460,455,450,445,449,436,432,428,422,422,415,408,402,396,390,384,387,373,365,359,352,348,340,329,321,312,304,296,292,282,272,264,256,255,248,240,235,230,228,224,226,223,217,217,215,217,217,211,212,210,207,208,210,209,207,205,204,206,210,206,205,203,204,203,205,206,203,201,201,200,209,202,201,200,200,198,199,205,197,198,198,196,202,198,196,196,195,193,193,201,194,191,192,192,195,195,189,189,187,188,185,189,188,184,185,184,189,188,184,183,181,181,182,186,183,181,180


175,177,173,178,174,173,174,176,183,178,176,177,180,182,178,183,179,178,180,181,188,185,183,182,183,187,185,186,184,182,181,182,184,186,182,180,180,183,187,187,198,200,208,220,235,254,264,278,292,305,321,330,345,351,362,371,383,400,400,410,417,427,439,443,454,455,461,467,474,486,482,485,489,492,498,496,501,497,499,501,505,515,511,513,516,521,528,530,538,540,543,550,554,565,564,565,568,572,576,576,579,575,572,571,568,568,568,558,555,549,545,543,537,539,532,528,527,527,529,521,520,519,516,517,512,515,507,504,501,498,504,492,489,485,480,480,473,473,464,459,453,450,452,440,435,430,427,425,415,415,405,399,393,389,391,378,371,366,358,353,343,338,328,320,311,303,303,289,280,271,266,259,251,247,239,234,230,227,226,227,220,217,217,215,216,210,213,208,209,208,209,212,207,206,207,205,208,204,209,203,203,204,202,210,203,202,201,203,206,202,204,200,199,200,200,206,200,198,198,197,199,197,200,195,194,196,194,201,195,193,192,191,195,192,194,189,189,187,188,193,188,186,184,186,187,185,186,184,183,180,181,182,184,181,180,181


173,178,179,175,174,176,176,176,182,176,177,176,177,181,183,180,181,179,181,181,189,184,182,183,182,182,190,188,183,183,183,183,186,183,180,179,181,181,189,192,193,200,210,222,239,255,264,279,293,306,325,336,344,356,365,376,388,401,403,413,423,429,443,451,455,462,467,472,481,489,488,490,494,497,504,504,504,504,505,508,510,520,514,520,523,526,534,539,543,546,552,557,562,574,569,571,576,578,580,587,585,581,581,577,577,576,572,565,560,557,551,553,549,542,539,535,533,535,535,527,526,523,520,525,522,515,514,510,508,509,506,498,493,489,485,486,482,473,468,463,460,458,454,444,439,435,430,428,423,416,409,405,399,396,392,382,375,368,361,356,349,339,332,322,316,306,305,291,281,274,265,256,256,250,239,237,233,229,227,223,219,217,216,215,220,217,211,210,209,210,210,213,207,205,205,204,210,208,204,205,203,203,208,206,202,202,202,202,207,205,201,201,202,201,202,204,199,198,199,199,203,201,198,196,196,195,197,198,194,193,193,192,193,195,192,189,188,189,187,194,187,185,184,184,183,188,188,184,184,183,183,186,181,181,181,179