
173,174,171,176,173,174,177,174,173,177,174,174,174,178,174,174,177,175,179,176,176,181,177,176,178,180,177,178,181,177,182,177,178,180,176,176,178,181,178,181,188,191,202,209,217,235,243,254,266,283,291,301,316,323,335,344,353,365,372,380,387,399,404,409,420,424,429,443,443,450,453,455,459,464,464,465,471,472,472,478,478,479,487,485,490,492,502,502,507,515,517,526,527,533,537,539,540,544,550,546,547,550,547,550,542,540,539,532,529,525,526,517,513,515,510,510,506,503,505,499,496,496,498,492,490,490,485,486,483,479,480,473,468,465,464,457,452,452,446,440,442,431,427,424,417,413,408,407,400,397,392,384,385,376,369,367,358,350,344,343,329,323,320,307,304,293,287,281,271,263,255,252,243,238,235,226,228,223,220,219,215,212,210,214,208,208,210,205,208,204,203,207,202,203,202,204,201,200,204,199,200,201,199,201,200,198,197,201,197,197,200,197,196,202,197,197,200,196,195,193,196,195,194,193,193,198,192,191,195,192,190,189,194,188,187,189,185,190,186,186,189,184,183,183,186,182,182,183,180,184,181,181,181,179,180,177


176,172,171,172,178,176,174,174,173,174,173,178,177,174,174,175,180,179,176,177,176,175,176,181,180,176,176,177,182,181,178,177,177,177,176,181,180,177,179,182,190,194,201,209,218,231,243,258,270,281,292,303,316,327,339,345,354,363,374,384,391,400,407,414,419,431,438,440,447,452,456,461,463,469,468,469,471,480,480,479,481,483,486,489,500,501,501,507,513,520,525,526,531,535,539,544,551,551,550,551,552,556,556,551,546,544,541,537,537,533,524,521,519,519,513,514,510,507,504,504,504,502,498,495,495,494,493,491,484,482,480,476,475,469,468,461,457,451,453,447,439,433,429,424,422,417,415,407,403,397,397,392,384,378,372,365,359,358,349,339,333,326,322,315,304,294,287,281,272,268,260,249,243,237,236,232,225,221,220,216,215,217,216,209,210,209,210,207,209,205,204,203,202,204,203,201,200,201,203,202,203,200,200,201,199,201,199,203,197,197,196,203,202,198,197,196,197,195,197,198,193,196,195,199,196,194,193,191,191,190,195,192,188,189,188,191,191,188,186,185,185,185,188,188,181,183,181,187,184,183,181,179,179,179,183,182


177,172,172,177,172,177,173,173,173,174,176,175,178,175,175,177,174,176,176,175,177,177,181,176,180,177,177,181,178,176,181,176,178,177,179,177,177,181,180,184,187,190,202,209,219,232,246,257,269,285,292,303,316,324,339,345,354,364,373,384,389,402,406,412,423,427,438,440,445,449,456,463,463,469,466,467,475,474,478,478,479,483,487,492,493,500,501,506,515,516,522,529,529,534,539,546,544,550,550,549,553,551,550,554,546,543,540,539,532,527,529,521,518,515,512,513,507,505,503,504,502,499,501,496,494,494,489,492,483,481,477,476,473,467,467,460,456,455,448,447,440,434,429,424,423,415,415,406,401,400,391,389,383,377,372,364,364,352,350,340,331,328,318,309,305,294,288,279,275,266,257,251,243,240,233,227,230,222,219,218,218,214,210,216,210,207,209,206,209,206,204,203,206,204,202,204,201,201,203,199,203,201,200,198,199,203,198,202,198,198,201,199,202,198,197,196,196,201,196,200,194,193,197,193,197,194,191,191,192,195,190,194,189,190,190,189,186,189,184,185,184,186,184,182,185,181,183,182,180,184,180,179,180,181,180,178


173,173,177,174,172,175,174,173,172,175,174,175,175,173,177,176,176,179,175,176,176,178,178,176,179,177,176,184,177,182,177,177,176,177,182,177,180,177,178,187,186,196,199,209,218,231,247,256,273,280,293,309,315,330,337,345,356,364,376,383,394,399,408,419,422,432,436,440,447,452,460,460,467,466,469,475,473,474,480,479,482,485,489,491,495,500,503,510,515,517,527,528,532,536,540,546,547,554,552,552,560,553,556,550,547,544,542,544,535,534,526,524,523,516,518,511,510,508,505,507,502,504,498,496,500,493,494,489,485,483,479,480,473,472,466,461,462,454,452,444,439,435,431,429,421,420,413,408,406,399,394,393,384,377,371,368,360,353,348,340,331,328,320,315,304,296,288,279,276,266,260,250,242,244,233,232,227,223,219,216,220,213,215,211,210,213,207,209,206,205,204,203,205,203,205,203,200,204,201,204,201,200,200,198,202,198,201,199,199,203,200,201,200,198,196,197,200,196,197,195,195,198,197,193,197,195,193,192,192,192,191,193,189,189,194,187,191,186,185,186,183,188,184,187,183,181,186,182,185,180,181,180,180,183,179,181


172,174,179,172,173,171,173,178,173,175,173,173,173,174,182,175,176,174,175,179,178,179,177,178,177,177,186,177,176,178,176,179,179,182,177,179,178,178,186,182,186,191,199,207,223,235,242,256,268,281,296,305,314,323,334,344,358,367,373,381,389,398,408,420,419,427,433,439,449,454,455,457,462,464,467,476,470,472,474,476,484,482,488,489,493,496,500,512,509,513,520,524,533,535,541,541,544,547,547,556,550,549,549,548,547,544,542,536,531,527,524,526,518,513,512,509,507,512,506,502,500,498,497,497,495,490,488,486,482,485,482,474,471,467,464,461,461,450,446,440,437,437,430,426,421,415,410,406,409,397,392,386,381,380,373,369,359,353,345,339,339,324,316,308,301,297,289,283,272,265,257,250,249,238,232,227,223,221,223,222,215,215,213,211,215,209,206,205,206,203,209,206,203,204,203,201,203,207,200,199,198,198,203,204,200,200,199,199,201,204,197,197,196,196,200,199,197,196,197,195,194,200,193,193,191,191,196,193,195,192,192,189,190,196,187,186,185,186,186,187,189,185,183,183,183,189,183,180,180,179,180,185,183,179,180,178