
242,227,218,219,218,216,233,242,218,217,215,224,245,230,219,218,215,217,226,246,219,217,217,216,248,228,222,219,217,217,226,251,222,215,217,220,248,234,227,222,228,230,238,277,256,262,267,280,315,310,316,318,326,334,346,385,371,371,379,388,415,424,427,426,433,437,447,477,478,469,473,477,495,513,506,494,501,501,507,523,538,519,518,523,535,562,554,550,553,558,565,582,607,582,588,589,594,628,618,610,607,606,609,613,644,611,605,598,597,621,607,597,590,588,584,585,616,586,580,575,575,600,588,582,571,568,566,566,596,571,559,554,553,565,561,555,540,533,528,525,544,529,513,506,502,503,519,499,487,479,474,472,481,484,452,448,438,435,458,435,415,406,400,390,396,402,366,356,347,341,362,341,322,312,304,299,302,323,289,282,277,279,300,287,276,274,271,268,270,299,269,263,259,261,279,275,271,262,258,260,259,290,263,255,252,253,270,271,265,256,252,250,251,275,263,248,248,245,253,270,259,245,245,245,243,263,266,241,241,240,238,267,250,238,236,235,234,247,261,235,232,230,230,259,244,234,227,230,229,233,263,229,226,222,223,251


228,232,217,212,212,225,250,217,216,216,214,224,221,237,214,214,213,218,254,220,215,216,216,226,221,244,220,216,216,218,251,226,217,217,220,226,227,247,225,224,224,230,268,255,252,263,269,284,299,321,317,317,326,335,369,380,364,373,380,393,412,429,428,427,432,442,464,485,466,470,478,483,496,504,518,497,501,505,516,548,519,521,525,529,545,548,572,554,556,560,571,614,589,589,593,599,611,608,639,611,613,610,614,647,621,613,609,607,609,607,623,600,592,590,591,620,598,588,586,583,583,592,603,584,573,573,572,592,590,567,561,562,558,563,568,558,543,536,531,546,555,524,515,512,504,513,508,514,487,480,479,482,504,465,459,452,444,447,440,449,416,408,399,395,422,383,370,363,354,352,343,355,323,314,304,302,332,303,288,287,283,286,287,305,278,273,269,268,297,281,266,266,263,265,274,283,269,258,259,257,281,279,260,257,256,257,266,276,265,251,253,252,270,282,252,251,252,248,258,259,269,247,244,244,249,277,245,244,240,240,250,246,266,239,235,235,235,272,241,232,234,233,238,238,262,231,226,229,227,265,236,227,226,226,229,233


253,219,215,214,216,252,223,217,213,216,212,217,248,220,215,212,213,248,228,217,215,214,214,217,245,227,217,217,216,246,233,217,217,216,215,218,239,235,220,222,225,249,264,246,252,260,270,281,299,327,307,316,323,341,378,357,361,372,378,390,400,442,415,420,431,439,484,461,463,470,472,480,483,524,495,495,497,501,542,517,515,515,519,526,530,569,548,548,554,558,600,582,577,584,586,592,597,631,614,604,607,608,638,628,608,605,602,600,599,617,610,592,588,586,604,612,584,581,580,577,578,586,604,575,573,570,575,600,566,561,561,555,552,553,582,545,539,535,532,562,527,517,512,507,501,500,531,494,485,478,473,507,471,461,452,448,442,435,461,426,411,405,399,424,393,376,369,358,350,345,363,337,316,311,304,326,310,293,288,285,281,280,298,290,271,269,267,285,295,267,263,264,260,263,270,287,260,255,257,263,289,258,256,254,255,256,255,288,252,249,249,252,286,253,248,250,246,246,248,283,251,246,243,241,280,249,241,241,238,240,239,274,241,235,236,233,270,244,233,230,231,232,233,257,239,227,227,229,254,243,228,227,225,226,226,244


217,214,221,239,225,222,218,216,216,237,221,221,217,216,216,241,224,222,214,216,217,234,223,217,223,218,216,244,222,226,219,215,220,227,234,217,226,220,220,248,232,240,239,242,250,263,291,278,296,297,306,336,339,349,346,353,360,371,407,388,407,407,417,433,449,450,451,455,462,469,501,483,489,490,491,497,524,512,512,510,513,517,545,530,535,539,540,548,579,567,576,572,578,586,604,604,598,611,603,605,635,613,619,610,608,607,616,617,602,605,596,593,612,595,597,588,585,580,584,601,578,586,576,575,591,582,579,571,566,562,563,584,554,558,550,544,548,550,541,531,522,519,515,532,505,503,497,488,489,504,485,475,466,458,453,472,448,442,432,420,413,434,407,399,386,378,370,375,360,342,341,327,317,337,312,309,296,289,287,291,296,278,286,275,273,294,275,280,268,268,263,267,284,260,270,260,260,275,269,267,261,256,254,258,279,256,259,254,250,259,268,263,253,250,251,248,273,249,254,249,244,245,267,255,249,243,242,242,263,246,241,242,235,239,261,243,243,233,235,233,247,238,230,235,227,227,256,231,239,229,225,226,234,239,223,234


243,216,220,213,216,217,236,219,216,219,217,216,238,218,220,215,215,216,241,217,215,225,218,215,236,223,220,216,215,218,241,223,218,227,219,218,232,228,219,225,224,229,260,248,252,267,272,280,296,313,308,324,326,335,357,361,361,377,382,387,400,429,415,432,428,439,452,469,461,473,478,477,483,512,493,503,499,498,505,531,512,516,525,523,530,558,542,552,555,557,565,593,580,583,596,590,596,621,610,608,609,607,609,631,609,604,614,602,598,607,602,589,593,586,584,605,589,580,588,577,576,581,593,574,580,568,567,582,571,560,564,555,550,550,566,539,547,534,527,532,534,516,517,512,501,498,517,490,490,477,475,470,484,459,455,454,439,435,449,424,420,408,398,391,406,375,368,369,349,340,352,331,324,315,303,299,321,293,288,293,280,278,286,285,274,276,270,267,290,269,266,274,261,261,265,276,260,264,257,255,272,266,257,261,258,256,253,274,252,262,249,250,257,262,250,255,250,246,248,273,247,251,245,242,245,265,243,240,246,238,240,261,240,240,235,231,231,255,235,234,240,230,229,251,237,231,228,226,228,253,227,229,233,224,226,235