
191,209,196,189,190,191,195,199,198,192,193,193,191,208,200,192,190,192,195,205,196,197,193,194,193,207,202,194,193,196,195,207,197,201,196,196,197,202,210,199,203,207,213,237,231,248,251,257,268,281,307,297,304,311,319,344,340,354,356,360,370,377,402,395,400,404,411,427,427,435,434,439,441,445,463,459,453,456,459,466,474,474,475,477,478,485,502,503,499,504,508,517,533,527,532,533,534,538,552,553,544,543,544,543,557,541,547,537,532,531,533,538,523,519,517,515,531,514,520,512,510,507,510,524,505,502,499,498,511,498,500,489,487,482,481,494,477,469,466,461,467,460,456,448,441,437,433,444,432,420,415,410,411,412,402,394,389,381,377,383,372,355,349,342,335,341,324,318,306,297,291,294,289,273,264,260,258,267,251,256,246,245,243,244,252,237,235,234,231,247,234,238,231,231,230,231,244,228,226,226,225,238,228,232,226,224,224,225,241,223,219,219,219,232,224,225,219,219,218,217,234,222,214,213,214,217,221,218,215,213,211,212,222,218,208,207,207,206,220,209,207,204,205,203,214,212,200,200,199,200,214,200,206,198,199,199


196,191,208,192,191,193,198,192,193,204,192,192,192,193,208,194,192,191,199,194,194,209,192,193,192,201,205,199,194,194,200,196,195,211,195,195,196,201,202,207,204,209,221,222,230,251,250,256,268,284,288,309,304,312,321,330,336,354,356,358,366,378,383,404,394,401,411,419,421,427,438,434,438,445,444,463,450,453,456,464,461,464,479,469,474,481,486,500,495,499,502,514,513,518,535,526,529,532,539,546,541,536,538,544,537,535,546,529,525,522,529,522,526,515,513,518,512,510,519,508,502,503,506,501,512,496,496,497,495,490,497,486,481,478,481,472,483,465,460,458,459,450,449,449,435,432,433,428,434,417,411,408,409,399,395,401,382,378,375,370,375,356,348,338,341,328,319,325,304,296,290,288,286,274,266,261,264,254,250,263,244,241,240,247,241,245,237,235,240,233,232,244,229,228,229,234,230,241,226,227,228,228,226,235,228,223,223,229,222,238,224,221,220,227,219,224,227,216,215,223,220,230,218,217,216,220,212,216,223,209,208,211,211,224,211,209,207,213,206,205,220,201,202,201,208,214,208,204,204,208,203,200,212,198,196,197


190,212,196,193,191,192,190,194,213,193,190,189,189,206,197,192,191,193,191,193,214,195,193,192,192,203,206,195,193,197,196,194,213,198,196,193,195,202,217,200,204,208,215,221,246,245,247,257,269,277,307,299,306,313,322,328,342,359,351,359,367,377,406,393,398,402,411,415,424,449,430,435,440,441,467,452,452,453,455,459,461,489,468,473,476,480,500,497,498,502,507,509,518,543,526,527,530,535,546,552,539,540,541,541,539,557,536,531,528,528,526,543,519,518,514,515,511,525,515,509,505,504,503,524,503,499,498,496,494,498,504,486,484,480,479,498,475,466,464,458,456,454,468,445,439,437,431,448,428,421,416,410,407,402,417,390,385,380,373,383,369,356,349,342,334,328,341,313,304,298,290,292,292,272,265,263,259,255,268,251,244,242,242,242,258,239,237,233,233,232,244,235,229,228,229,229,248,228,225,226,227,224,229,236,223,222,224,222,245,225,221,222,222,219,224,239,217,216,216,216,234,222,216,215,214,216,215,233,213,210,210,209,223,218,210,210,205,207,207,225,207,204,202,202,211,217,204,200,200,202,199,217,202,199,198,198


196,207,196,191,193,192,193,198,210,192,191,191,193,207,198,191,191,191,193,198,211,194,194,194,192,206,205,196,195,194,195,198,211,198,196,196,197,203,214,202,205,207,215,224,246,242,250,257,269,285,303,296,304,314,322,327,347,354,353,360,368,383,400,390,398,403,410,416,432,441,432,436,440,446,463,453,452,453,457,461,467,481,470,473,478,480,502,496,495,499,504,509,520,536,525,527,532,535,548,548,539,540,541,541,543,552,536,530,527,525,532,537,521,517,516,514,514,526,512,509,505,506,511,519,504,500,498,494,494,502,500,486,482,479,481,493,472,467,465,460,455,461,462,444,440,434,434,443,426,418,415,409,406,409,413,392,386,380,372,379,368,355,347,342,336,335,336,313,306,297,291,293,287,271,265,260,256,258,267,251,246,243,242,247,255,239,236,236,232,234,245,236,228,230,228,235,245,227,227,226,226,225,237,236,225,223,224,228,238,224,221,221,222,221,229,234,219,219,219,221,231,218,216,214,213,214,219,231,214,212,209,210,222,216,210,206,205,208,210,222,205,204,202,202,214,214,201,201,202,200,203,217,203,198,198,198


193,194,206,192,192,192,193,198,193,207,191,189,191,198,206,195,191,191,191,197,195,208,195,191,192,201,203,203,196,195,197,196,197,209,194,193,194,202,201,214,206,210,217,222,240,250,252,256,269,286,289,308,305,314,320,330,343,347,357,359,367,380,386,404,397,403,410,417,427,428,446,436,437,442,450,462,454,454,458,460,469,469,484,472,476,479,492,501,498,499,507,512,521,523,540,527,529,535,543,546,546,539,540,537,540,542,548,533,528,524,531,525,533,518,514,512,512,517,520,511,506,503,511,503,517,499,499,496,492,498,494,495,482,481,480,477,486,470,464,457,456,458,452,459,439,436,432,432,439,422,415,409,405,408,399,404,386,378,374,373,373,359,349,342,334,331,322,330,305,296,291,289,281,278,267,261,259,254,254,261,248,242,240,246,241,251,237,236,234,233,240,242,232,230,226,233,230,240,227,226,225,225,232,230,233,222,224,227,223,239,224,220,221,222,227,223,231,219,216,215,223,232,219,215,215,215,221,216,229,213,212,211,216,222,212,209,208,206,210,208,223,204,204,204,209,208,210,201,203,200,200,207,216,199,199,197