
189,190,196,193,205,192,190,190,190,201,203,191,192,193,195,195,200,200,191,191,193,198,208,195,195,195,194,201,199,208,191,194,195,197,213,196,196,193,198,204,204,223,213,220,230,244,279,272,282,295,305,324,329,354,350,362,372,382,410,407,410,420,430,444,447,467,462,465,470,478,496,497,493,495,497,504,503,517,510,510,510,513,529,535,528,531,536,542,548,558,565,560,564,572,580,597,583,587,589,591,596,592,600,588,584,583,579,594,574,568,561,560,563,553,565,547,545,543,542,565,541,535,537,535,537,529,543,525,520,517,516,532,514,505,501,497,500,492,498,481,476,470,465,473,466,454,446,441,441,437,438,426,416,411,404,405,408,388,380,372,364,361,354,351,332,321,314,312,318,292,283,278,270,270,259,266,249,245,239,240,259,236,236,232,234,238,229,244,228,223,223,223,246,226,223,225,224,229,222,237,221,219,220,220,238,226,221,219,219,225,222,232,218,216,215,215,226,228,217,215,217,219,219,222,219,211,210,210,216,226,211,209,208,207,212,210,219,205,202,203,206,222,204,204,201,202,207,201,215,199,197,196,197,221,202,196


195,199,192,193,198,192,190,203,193,195,190,189,195,206,193,191,197,192,193,198,204,200,191,192,195,211,194,196,200,193,194,197,207,198,193,194,194,212,197,199,209,209,216,223,250,248,260,267,280,307,308,320,335,341,350,364,388,384,397,402,410,427,436,437,448,454,459,468,486,482,490,488,492,497,509,500,504,511,509,509,521,522,525,524,528,532,552,542,549,557,558,563,571,583,582,579,582,587,605,591,590,598,590,587,589,597,584,576,572,566,581,561,558,561,554,549,549,563,547,546,538,537,550,540,532,534,528,526,522,535,517,519,510,504,506,506,494,492,490,480,476,484,471,467,458,450,450,455,437,432,436,422,416,417,413,407,394,387,379,388,364,357,356,342,331,328,328,314,299,290,282,291,272,262,265,253,250,247,259,243,238,236,234,248,233,229,237,229,226,226,241,228,226,222,222,235,227,221,226,223,223,220,236,221,227,219,220,225,228,221,218,224,219,218,228,222,224,216,216,216,227,216,215,222,213,213,217,222,217,211,208,211,225,209,208,215,208,207,209,218,209,203,203,200,219,201,202,208,201,201,199,215,204,201,194,196


198,192,198,197,192,189,192,198,192,205,194,190,197,192,197,203,194,193,194,198,193,200,199,192,197,195,194,212,194,194,194,199,196,199,205,196,197,197,196,215,204,206,216,231,236,245,273,272,285,299,306,336,332,344,353,370,377,387,411,407,413,431,433,453,453,459,464,472,480,483,501,495,497,507,501,508,515,509,513,517,525,520,535,532,533,543,541,547,566,558,561,569,579,578,588,595,588,599,594,597,612,596,594,596,600,591,588,593,577,575,571,566,580,560,556,554,559,553,550,564,545,542,547,541,553,538,534,529,534,526,524,533,514,512,515,502,510,500,491,486,482,480,471,481,462,454,456,448,447,448,431,425,422,422,409,412,398,389,387,374,366,370,353,344,336,332,320,315,310,292,290,278,269,279,261,253,251,253,245,244,251,237,236,235,231,245,233,230,227,232,227,227,239,224,223,229,224,237,224,222,222,223,225,221,235,219,221,224,218,230,225,219,220,220,223,216,229,218,217,221,216,219,226,216,213,216,221,212,220,215,211,215,209,209,220,206,205,206,212,205,208,216,204,205,204,203,219,202,202,200,207,199,201,211,197,199


194,192,198,189,191,189,204,192,190,194,191,203,197,191,199,193,192,192,205,194,192,199,194,202,201,194,200,197,193,194,206,196,192,201,195,198,208,197,202,201,204,208,220,233,233,251,257,271,296,294,311,321,329,339,352,374,372,383,392,399,423,419,428,440,442,450,457,479,470,477,481,484,506,496,496,504,499,502,504,524,511,512,522,518,535,535,533,543,542,548,553,572,566,570,580,578,584,595,586,592,588,585,587,595,587,580,584,571,570,577,561,562,555,553,550,550,554,542,547,539,537,553,536,532,533,526,523,524,534,517,519,513,507,519,503,496,498,486,484,479,491,468,466,463,456,466,449,442,444,432,425,420,430,410,403,403,391,395,385,372,371,357,346,339,343,324,314,312,300,295,297,278,273,264,258,251,257,250,241,244,238,235,248,234,235,232,230,229,230,238,224,230,226,225,240,223,223,228,220,221,221,236,221,224,221,219,235,220,222,226,220,219,220,234,219,216,219,216,230,221,217,221,213,212,213,227,214,212,217,212,221,218,210,216,210,207,207,218,209,203,209,203,207,215,203,208,203,202,201,205,205,199,202,197,198,212


195,191,191,188,196,209,194,191,192,192,192,204,200,191,190,189,191,210,195,194,194,194,195,201,208,194,193,193,195,210,203,196,196,195,195,201,210,194,196,199,204,225,223,225,234,245,256,277,299,296,306,320,329,351,366,363,374,385,396,410,428,425,429,438,446,460,481,471,477,483,486,495,509,504,502,501,505,509,528,516,517,519,523,525,543,547,537,543,549,554,578,573,570,574,580,583,596,603,592,592,592,595,608,600,589,586,583,578,581,588,568,562,559,557,572,565,552,549,545,544,550,559,539,537,535,534,540,541,528,523,519,516,516,523,507,502,497,490,491,503,480,473,469,465,463,465,457,446,439,433,431,445,422,413,408,403,394,398,393,374,364,358,351,357,342,327,317,308,301,299,299,276,269,262,259,268,259,246,244,242,237,245,250,232,230,229,228,242,238,226,227,226,226,230,239,224,220,221,223,234,236,222,221,220,220,224,234,224,217,220,219,222,237,220,220,217,220,218,228,224,214,215,214,216,233,215,212,213,214,210,222,224,210,207,207,205,224,215,207,206,205,206,210,218,201,199,200,201,217,210,198,199,199,198,206,215


192,191,206,192,198,191,192,190,193,203,189,195,192,191,207,194,199,194,193,193,195,209,195,197,194,195,209,199,200,196,196,195,193,208,193,198,193,196,208,202,208,210,213,221,231,258,260,274,283,292,311,327,329,347,351,359,371,390,394,400,413,419,431,450,445,459,460,463,471,482,491,485,497,494,497,515,503,507,505,506,510,514,528,520,529,528,533,554,546,556,557,559,565,571,590,577,586,583,586,602,590,591,588,584,581,581,593,575,573,566,561,569,558,553,551,547,545,543,555,539,541,537,532,536,539,529,533,521,518,516,523,516,507,509,498,499,505,487,491,479,474,470,467,473,455,458,445,443,451,431,433,423,414,411,405,411,392,392,376,368,379,358,352,342,331,324,315,321,300,298,284,274,284,265,261,253,248,244,241,253,239,240,234,234,241,236,230,234,227,226,226,236,227,225,225,222,226,236,223,227,220,220,220,228,225,220,225,219,220,234,219,224,217,216,217,222,226,216,222,215,214,230,218,221,216,213,211,213,226,210,217,210,209,224,212,214,207,207,205,205,219,203,209,204,201,216,206,205,202,200,198,201,213,200,203,199


193,198,193,191,189,196,203,190,196,191,193,209,192,195,194,193,191,191,207,194,200,193,195,209,195,197,199,196,197,194,212,194,198,195,194,208,200,197,202,201,201,210,228,223,233,248,257,281,290,296,314,318,331,341,364,364,372,391,394,408,427,424,436,441,446,456,466,473,475,486,486,489,508,497,506,502,505,505,513,523,513,525,522,524,545,536,543,547,550,554,558,580,567,579,577,584,603,592,592,596,591,592,590,606,588,589,583,576,589,575,566,569,558,557,553,566,549,546,550,542,548,548,537,544,536,532,530,540,529,523,524,516,514,522,505,508,497,490,487,486,487,473,476,464,459,469,452,450,442,435,431,426,432,413,413,401,393,402,381,377,367,358,349,340,348,327,320,310,300,307,285,281,275,263,257,255,265,246,245,241,237,249,239,234,240,231,228,228,242,229,227,230,223,230,234,224,231,225,221,223,233,224,223,226,221,222,233,219,225,220,220,220,225,226,216,224,218,218,234,218,223,215,214,212,216,224,210,217,213,211,226,211,215,209,207,206,208,223,205,210,205,202,219,204,202,208,200,201,200,214,199,199,200,197,209,204