
203,192,199,193,193,211,193,198,194,193,192,198,207,195,200,193,196,213,200,200,201,197,195,196,212,195,201,196,197,214,201,197,203,196,196,196,214,196,201,204,207,219,228,228,247,253,263,279,306,306,318,333,341,357,378,377,393,395,406,415,437,438,445,461,464,471,492,486,496,497,499,504,514,522,516,526,522,522,544,529,535,537,536,541,550,564,553,567,566,572,593,585,590,594,595,600,604,624,608,616,611,612,625,612,605,610,599,594,590,604,584,582,576,573,581,575,566,571,559,558,557,571,556,551,554,548,549,554,539,543,533,530,523,536,522,513,513,503,500,509,491,491,481,475,471,472,467,456,457,445,438,453,429,429,416,409,400,398,401,379,378,365,356,366,342,334,324,314,304,299,305,282,278,268,261,271,256,251,252,242,242,241,256,235,239,233,234,240,237,229,234,230,227,226,241,228,225,225,224,228,235,225,232,223,223,221,238,226,223,229,221,223,237,222,227,222,218,218,228,223,219,224,216,218,234,218,221,217,213,213,216,226,213,218,212,209,227,209,212,210,207,206,208,220,204,210,205,205,221,205,203,207,202,199,202,218


194,210,195,192,198,196,204,202,195,193,193,199,195,211,197,193,198,199,199,208,196,197,196,203,196,208,201,198,198,203,196,211,199,198,196,200,198,206,209,202,206,218,220,246,240,253,264,279,293,307,330,330,338,360,362,392,387,394,406,415,434,434,461,451,459,475,475,496,492,496,500,506,517,511,529,516,520,525,526,535,535,533,534,538,552,550,569,560,562,571,578,586,601,591,593,598,608,605,621,611,609,608,614,605,617,600,599,592,596,588,586,586,574,569,576,564,583,563,559,559,556,557,556,563,546,545,548,540,553,534,531,527,525,527,516,529,505,502,505,493,502,485,480,473,469,472,458,470,447,444,444,435,436,429,414,408,403,401,389,394,374,360,358,346,344,343,323,313,306,303,289,296,276,267,260,262,252,264,247,244,242,244,240,241,244,233,230,238,232,247,229,229,228,231,228,232,237,223,225,231,224,239,224,225,221,224,229,225,239,223,220,228,221,235,222,221,218,219,227,219,235,217,217,223,217,229,219,216,213,215,221,214,229,211,209,215,211,212,220,209,206,208,212,205,218,208,201,204,206,206,215,203,201,199,206,200


198,193,192,210,195,195,200,193,192,196,207,192,192,199,193,213,198,198,202,195,196,195,213,197,194,203,196,214,202,200,206,197,199,197,214,199,197,203,200,210,213,214,226,230,241,253,281,281,291,309,316,334,356,355,368,377,386,397,420,421,427,441,446,454,479,472,477,489,490,497,509,513,508,517,515,517,540,525,528,536,531,532,541,554,545,552,558,560,584,575,577,589,586,591,598,617,604,605,617,611,624,616,612,616,606,601,598,614,591,588,591,578,586,580,570,575,566,565,562,576,560,554,560,551,555,559,545,547,543,535,532,544,527,521,523,514,511,521,499,494,496,484,479,482,478,463,464,454,449,463,442,433,435,423,415,415,415,394,389,383,370,379,358,347,348,330,324,315,322,298,287,289,276,282,267,258,259,252,247,245,259,240,236,242,233,244,240,232,236,230,227,229,243,228,225,232,226,232,238,227,231,228,224,225,239,226,224,229,224,224,238,224,222,225,220,219,228,227,219,222,218,217,238,218,217,223,214,213,219,227,212,216,213,213,228,212,211,217,208,208,209,222,206,204,209,206,218,206,203,209,205,200,202,217,200,200


211,193,198,195,194,198,203,193,194,199,193,194,212,198,197,195,195,197,209,197,196,203,196,199,209,204,199,203,198,196,218,200,199,202,201,198,203,211,199,209,204,210,238,232,238,256,268,279,294,321,319,336,339,351,379,376,384,395,414,415,425,451,444,459,462,466,487,489,488,495,505,503,509,527,514,523,519,520,529,534,528,533,540,541,544,562,557,563,565,569,579,596,584,590,602,597,601,617,612,607,614,607,607,624,603,599,600,593,589,589,590,576,579,568,567,583,565,559,562,560,555,557,567,550,554,546,543,556,538,535,533,533,523,519,532,512,511,502,496,506,492,485,478,482,468,463,475,453,455,442,437,437,435,421,417,417,403,396,400,382,373,366,355,350,352,329,323,320,306,298,298,284,273,272,261,257,269,251,246,247,243,240,243,246,232,241,230,230,247,231,229,232,230,226,230,240,225,230,226,224,240,224,225,224,230,223,224,241,222,228,221,221,236,226,219,222,229,218,220,235,220,224,219,217,223,225,215,217,222,216,216,228,214,213,213,210,214,222,210,208,212,208,208,219,207,205,205,204,203,219,203,201,207,202,201,205


196,193,196,209,194,200,193,192,206,199,193,195,197,196,195,212,194,202,195,196,206,205,197,197,203,199,199,212,201,202,196,197,203,212,196,198,205,198,202,217,211,217,220,230,240,265,264,277,297,306,318,336,348,353,366,375,383,414,407,416,431,435,443,454,473,466,483,482,489,512,503,504,513,511,516,518,535,520,530,524,527,547,540,540,545,552,551,559,583,570,581,578,583,600,600,598,601,611,606,607,623,608,612,607,602,604,611,595,588,592,579,578,588,575,571,566,560,562,575,559,557,559,552,550,553,554,544,542,535,532,551,529,523,525,517,512,508,515,498,498,487,482,495,474,468,469,459,454,450,461,439,440,427,420,428,412,401,394,390,380,370,380,357,354,338,328,334,321,303,297,297,283,274,283,261,264,253,250,251,254,240,239,245,238,235,250,234,238,232,227,230,242,228,226,233,225,227,235,233,228,225,223,225,243,223,224,230,224,223,228,235,220,228,221,221,236,223,218,224,220,217,219,232,216,222,216,216,232,219,213,215,214,214,213,229,211,216,206,206,222,213,205,205,212,206,203,222,204,208,203,202,206,209,199,200,207