
170,171,176,164,171,170,170,173,166,176,171,172,172,172,178,165,177,172,173,174,179,171,175,174,174,175,180,174,180,175,175,175,181,171,175,174,175,176,177,185,179,189,195,204,221,221,237,248,260,271,284,301,299,314,324,333,349,344,363,368,377,385,394,408,402,416,421,427,439,429,447,446,448,451,454,462,450,463,462,464,471,469,474,475,478,482,487,496,486,507,505,509,514,525,518,526,529,531,533,537,535,537,534,532,531,536,520,522,517,513,510,507,511,497,500,497,496,501,486,491,488,486,485,483,489,475,478,475,473,477,459,468,461,457,454,451,454,436,440,434,429,431,413,422,413,407,403,399,401,379,388,381,376,373,368,362,355,348,342,335,334,314,322,307,299,292,293,273,271,263,256,249,246,239,233,229,224,221,226,211,214,212,210,208,207,211,196,201,200,198,205,190,201,199,197,197,197,204,192,199,198,197,204,190,200,197,196,196,196,202,189,197,196,195,198,186,198,193,192,191,191,197,182,194,189,189,191,193,188,188,188,187,186,191,180,190,184,182,182,189,177,181,181,180,179,180,182,176,178,176,177,183,172,177,175,176


172,171,172,171,177,172,171,171,179,171,172,171,173,172,172,175,177,172,172,173,179,173,174,175,175,175,176,181,174,176,175,175,179,174,175,174,175,176,177,185,181,189,196,204,217,225,241,250,262,273,285,301,305,318,327,336,345,353,368,371,379,388,396,404,410,419,423,430,435,445,449,449,451,455,456,460,461,470,465,467,469,480,474,478,481,485,489,494,505,508,509,513,517,529,526,530,532,535,536,538,545,537,538,536,534,537,529,526,521,517,514,511,515,505,504,500,499,500,496,497,492,490,489,487,491,483,483,479,477,474,472,475,466,462,458,455,451,448,445,438,435,431,434,426,418,414,409,405,401,400,399,387,382,377,379,365,359,353,346,339,333,333,321,311,303,297,296,281,275,268,260,252,246,247,233,230,226,223,225,219,218,215,214,212,211,216,208,209,208,208,208,207,208,204,204,204,203,207,200,203,200,200,200,199,205,199,199,199,199,199,197,201,198,197,197,204,198,196,195,195,195,195,197,200,193,192,192,197,190,191,189,189,188,188,193,188,186,184,184,189,183,184,182,182,183,182,188,178,181,179,179,182,178,180,178,178


169,169,169,174,168,169,170,169,174,169,171,171,170,170,171,176,170,173,172,172,177,170,176,174,174,175,175,180,173,176,174,175,177,172,180,175,175,176,177,184,179,192,196,204,214,232,240,249,261,273,285,296,303,321,325,334,344,359,361,370,379,386,395,402,415,416,422,428,434,445,442,447,450,453,455,458,465,460,463,465,467,476,471,478,480,484,488,492,504,500,507,512,516,524,519,531,530,532,534,535,541,533,536,533,531,531,523,528,518,515,511,508,509,495,504,497,495,494,497,489,489,486,486,483,482,478,484,475,472,470,472,461,460,456,453,449,446,446,434,433,429,424,425,412,412,407,402,397,394,393,380,380,375,370,369,353,355,347,340,334,328,324,308,307,298,291,287,268,273,262,255,248,242,240,226,228,223,220,217,213,217,211,210,208,208,210,199,210,204,203,202,207,198,200,200,200,201,199,200,202,198,197,197,202,194,196,195,195,196,195,200,192,194,194,194,199,191,193,192,192,192,192,196,188,190,189,188,193,183,190,186,187,185,185,189,182,185,183,182,186,175,185,181,180,180,179,183,174,180,178,177,177,177,180,176,175


168,168,168,172,166,168,169,168,169,168,170,169,169,169,170,172,168,171,170,172,171,170,175,172,172,173,173,173,173,174,173,172,172,170,177,172,172,173,175,177,177,190,193,202,212,228,235,247,258,270,282,292,301,319,323,332,341,355,356,368,376,384,392,399,411,412,420,426,431,439,439,445,448,450,452,455,461,456,461,463,465,468,470,476,478,482,486,490,497,498,506,509,514,518,520,529,528,531,533,534,534,535,536,533,531,528,523,527,518,514,510,507,504,498,504,498,495,494,498,489,489,487,486,484,482,481,485,476,474,471,474,463,462,458,455,451,447,449,438,435,431,427,426,418,415,409,405,401,396,396,385,383,377,372,367,362,357,349,342,336,329,324,313,309,300,293,285,275,275,263,256,249,242,237,233,229,224,221,218,216,218,211,210,208,207,206,202,209,203,202,201,206,198,201,200,199,199,198,199,202,197,197,196,201,193,196,195,195,195,195,199,192,194,193,193,196,191,193,192,192,191,191,194,187,190,190,188,188,189,190,187,186,186,185,186,184,184,182,183,181,178,185,180,179,180,179,179,179,179,177,177,176,176,180,176,175


169,169,169,174,167,169,170,169,170,171,170,171,170,170,170,173,170,172,171,171,172,174,175,173,173,173,174,174,176,175,173,173,173,170,177,173,173,174,175,177,182,190,194,203,213,224,240,248,260,271,283,293,300,321,323,333,342,357,359,369,377,384,393,400,411,418,421,427,432,441,441,446,448,451,453,456,462,457,462,464,466,469,473,476,479,482,487,491,498,499,506,510,515,519,523,529,529,531,533,534,535,537,536,533,531,529,522,528,518,514,510,507,505,501,503,498,496,494,495,495,489,487,485,484,482,477,486,475,474,471,473,463,462,458,454,450,446,447,441,434,430,426,425,416,414,408,404,400,395,396,384,382,377,372,366,363,356,348,342,336,329,324,313,308,299,292,285,277,273,263,255,248,242,236,233,229,223,221,217,212,220,211,210,208,207,206,204,208,203,202,201,205,203,200,199,199,198,197,195,205,197,196,197,200,192,197,195,196,194,194,199,194,193,193,193,194,191,192,192,191,191,190,194,185,189,189,188,187,187,188,187,186,184,184,185,181,182,181,181,181,178,183,178,178,178,178,177,177,178,176,176,174,172,179,175,173