
191,186,196,187,186,192,187,196,190,188,186,187,192,188,197,191,187,192,187,194,194,188,191,191,196,191,195,199,189,197,189,193,202,191,191,190,197,192,195,209,201,210,214,221,241,243,252,265,280,288,297,319,314,329,334,343,363,360,369,377,386,394,402,419,414,422,431,434,453,447,452,454,460,467,466,478,470,470,480,474,487,488,483,489,492,504,500,512,518,515,529,528,536,545,540,543,549,555,554,558,566,555,561,554,556,561,548,544,540,542,535,533,541,525,531,524,519,532,519,516,514,518,511,511,520,507,505,504,497,509,496,490,485,485,483,474,484,470,466,462,455,461,449,440,436,432,432,424,430,415,407,409,398,403,394,382,378,372,369,356,354,349,335,333,320,316,317,298,289,282,280,271,265,265,250,252,243,240,247,233,232,229,235,229,226,237,225,225,224,220,233,221,219,220,224,220,216,230,216,220,217,216,227,216,214,215,214,218,213,226,214,211,217,211,223,213,211,212,212,214,210,217,212,208,212,207,213,212,206,205,204,210,205,206,212,202,206,200,200,210,201,198,198,203,196,200,207,196,198,195,193,207,195,194,195,199


190,196,192,187,188,187,187,191,199,187,183,185,187,200,194,189,189,188,188,194,201,190,187,190,190,204,196,192,192,191,191,197,201,190,191,191,189,205,199,198,202,206,214,227,241,245,250,262,274,293,304,307,315,325,332,346,354,370,365,373,381,393,414,410,412,420,428,437,444,455,447,451,454,463,476,472,469,471,471,474,482,493,484,488,489,495,513,513,511,516,520,526,537,548,540,541,545,548,566,562,556,554,553,552,557,562,548,542,538,536,546,540,530,527,522,523,525,526,519,513,513,511,518,520,509,503,502,500,503,501,503,488,484,482,481,487,472,465,462,457,454,453,455,439,436,430,429,436,426,413,410,402,398,401,399,380,376,370,362,368,358,344,335,328,320,319,318,298,290,281,275,280,270,256,250,248,243,246,247,234,229,229,229,237,233,225,224,222,221,226,228,224,218,216,216,226,228,217,216,215,215,217,219,224,215,214,212,217,226,218,214,214,213,214,216,221,211,210,208,211,222,215,210,209,208,207,212,218,206,203,203,201,215,211,202,200,201,199,206,210,200,198,197,197,210,204,195,197,196,195,201,205,194,190,191,192


190,187,186,185,187,196,187,192,187,188,200,189,192,187,189,187,188,194,195,191,190,188,200,194,194,191,189,192,192,193,201,191,194,190,197,199,193,195,192,195,200,206,223,221,236,240,256,276,277,293,296,307,315,324,344,342,358,360,369,391,387,401,400,407,414,423,439,438,447,446,452,469,461,469,464,467,470,473,484,482,484,484,487,503,497,504,504,507,512,517,529,538,536,539,542,557,556,558,559,556,559,556,561,569,556,557,548,551,554,542,540,535,529,526,527,536,523,527,518,521,530,514,520,513,509,508,507,515,502,504,495,492,502,485,486,478,473,468,465,470,458,455,446,444,451,435,436,425,421,415,408,414,403,399,388,382,389,375,369,360,351,344,338,332,332,317,307,298,298,290,281,274,262,256,250,249,253,239,241,235,234,242,229,233,226,226,224,221,235,223,226,218,218,233,218,222,219,218,217,214,226,216,218,216,214,227,214,220,215,212,212,214,224,213,216,211,211,222,212,214,211,207,209,208,214,213,209,207,205,214,209,208,203,201,203,200,205,208,200,198,198,204,208,202,198,198,196,196,194,205,195,197,192,196,202,195


199,185,184,185,185,205,187,185,185,191,189,185,196,190,185,187,186,204,192,188,189,189,193,189,197,197,190,188,189,204,199,189,190,192,195,192,194,202,193,194,198,213,225,223,233,242,258,266,274,296,296,305,316,330,348,345,352,362,375,379,387,407,401,406,418,425,448,439,442,448,456,460,460,475,466,466,470,474,494,479,480,487,489,494,495,508,508,510,513,520,541,533,536,539,545,555,553,559,564,558,560,560,574,566,558,556,553,554,546,545,550,535,531,530,535,539,526,524,520,526,518,514,527,513,509,509,510,518,503,499,495,498,491,485,493,477,472,468,467,477,460,451,449,446,442,436,440,424,421,413,410,425,405,396,389,385,383,371,374,362,351,344,338,344,328,314,307,301,299,285,279,278,262,255,252,258,254,240,237,237,240,230,232,239,226,223,224,230,232,222,221,220,225,221,218,227,216,215,217,219,230,216,217,217,219,216,215,225,212,211,212,214,229,213,212,211,216,213,212,219,211,208,206,208,224,210,205,206,207,211,204,211,205,201,201,203,216,207,201,200,200,205,199,200,206,194,195,195,203,206,195,196,194,197,192,195


187,197,187,184,189,188,200,186,185,188,185,188,194,198,190,187,189,194,197,191,190,189,188,190,194,194,200,190,189,195,197,200,192,188,191,192,197,193,203,194,199,209,215,233,232,240,253,262,281,285,309,305,315,331,335,355,353,358,368,376,391,396,411,408,416,428,430,446,444,447,451,455,462,463,476,468,469,473,478,488,483,483,484,489,495,503,511,510,512,517,527,537,540,537,540,547,549,557,557,567,556,557,563,560,563,552,550,544,542,545,537,544,530,526,530,523,533,522,517,517,515,517,515,523,508,507,508,504,513,497,494,489,488,489,482,489,474,469,470,460,465,453,445,442,438,433,431,434,422,415,411,408,409,398,388,384,377,371,370,362,356,344,334,333,327,324,306,299,290,284,281,272,274,255,252,253,246,251,236,234,233,229,234,228,237,223,224,228,221,233,222,219,218,219,222,217,229,218,214,218,216,225,215,216,214,215,218,215,223,214,214,216,215,223,213,210,209,209,209,216,219,211,207,208,210,214,210,207,207,203,206,210,207,209,199,201,206,203,207,198,199,198,197,203,198,204,195,194,200,196,204,195,194,193,191,197


189,188,187,185,185,191,201,186,185,186,184,200,189,191,187,189,189,187,206,190,189,187,187,200,193,195,192,192,190,192,205,191,188,189,190,200,197,196,194,196,200,205,222,225,231,242,252,265,287,289,298,305,316,325,342,353,349,358,366,377,396,396,402,409,416,420,433,448,438,443,450,455,469,463,469,465,468,472,474,494,478,482,483,487,504,499,507,508,510,515,521,545,532,536,539,545,560,554,559,555,556,557,557,572,557,549,546,543,547,544,539,532,530,527,525,532,532,517,517,513,516,522,516,510,507,505,504,508,511,495,492,488,485,494,483,477,473,468,462,461,468,448,445,439,436,444,431,430,419,414,408,406,414,393,385,380,375,381,364,363,349,341,334,330,336,313,306,297,290,291,282,274,264,258,252,246,253,242,236,234,232,234,238,233,226,225,225,222,229,229,221,219,217,219,229,221,216,217,216,217,222,226,213,214,214,214,226,218,216,215,213,211,213,228,211,210,208,208,222,212,216,208,208,208,209,224,207,205,203,203,216,205,208,203,204,201,202,218,202,196,198,198,205,202,203,195,196,194,194,205,199,192,192,192,196,204