
174,172,171,170,175,172,171,172,172,172,172,175,174,173,173,172,176,177,173,174,176,175,175,180,178,176,176,177,180,179,177,176,176,175,176,179,179,177,179,182,190,197,206,216,229,246,262,281,296,312,326,341,356,369,385,394,408,420,433,445,457,473,479,489,499,510,522,526,533,540,546,552,561,564,565,568,572,579,579,581,584,588,592,598,607,611,615,620,629,637,644,649,654,659,665,670,676,679,679,681,683,685,684,681,677,673,670,666,664,660,653,649,644,643,641,637,632,630,627,625,626,620,622,616,614,610,610,610,601,596,592,588,583,581,578,568,563,557,554,549,539,533,527,520,514,511,506,497,490,484,480,473,464,456,448,441,432,427,416,406,396,386,380,368,356,345,335,325,314,307,296,285,275,267,264,255,249,244,240,238,235,235,230,228,226,224,225,222,223,220,217,217,216,218,213,219,213,214,212,212,217,212,210,210,210,211,211,213,208,208,208,211,209,206,206,206,206,205,208,205,202,202,201,205,203,200,198,199,198,197,199,197,194,194,193,195,192,190,189,188,189,187,190,188,186,184,185,187,185,184,182,181,181,181,184,181


172,172,172,171,173,176,171,171,170,171,174,176,173,174,174,173,176,175,174,174,175,175,178,179,177,178,178,177,179,180,177,176,175,175,179,177,180,179,181,184,188,200,205,215,230,246,263,280,299,312,327,342,357,375,384,396,410,422,433,451,463,471,481,492,501,512,525,529,536,543,547,559,564,564,569,572,575,579,585,584,587,591,595,603,611,612,618,624,632,642,648,651,657,663,669,677,679,682,682,684,686,687,688,683,680,677,673,673,666,664,656,652,648,645,647,639,635,633,631,630,628,628,623,620,618,614,617,609,604,600,597,588,592,585,577,572,565,561,556,553,541,535,529,521,522,516,505,499,492,486,482,476,466,459,450,442,437,430,417,408,398,388,380,369,358,346,336,326,318,309,297,286,277,269,261,259,249,243,241,238,236,235,234,228,227,225,223,226,221,219,217,218,216,217,219,217,214,215,213,216,214,211,211,210,207,215,214,210,210,210,208,207,213,206,205,206,204,207,208,204,205,203,202,205,203,200,198,198,198,199,200,196,195,195,194,195,194,190,188,188,188,189,188,189,187,185,185,184,188,183,181,181,180,181,181,183


168,175,171,171,175,169,176,172,172,176,173,171,171,176,171,172,177,174,177,174,176,180,176,176,176,177,177,176,180,177,179,178,176,179,177,176,176,179,179,182,190,196,206,216,230,245,264,277,293,310,325,338,352,369,380,395,406,418,434,442,453,466,477,485,495,508,511,528,530,538,546,549,552,554,567,563,567,574,573,581,580,584,592,594,598,603,613,615,623,633,637,647,650,656,663,666,670,673,677,677,678,679,678,678,673,671,668,664,657,653,651,643,640,639,635,633,629,626,624,625,618,615,616,611,608,606,607,600,599,594,589,588,579,574,569,567,558,553,551,539,541,530,525,521,511,505,497,497,487,480,478,468,464,454,447,443,430,421,411,404,393,384,377,364,356,344,334,326,315,303,292,285,273,265,261,253,249,245,240,238,237,231,229,227,225,224,222,224,220,219,218,217,220,216,214,213,213,212,212,216,209,214,211,211,214,211,209,205,211,207,207,210,204,211,207,205,209,204,203,200,207,201,202,204,199,201,200,199,201,197,196,196,195,193,192,194,191,191,191,189,190,188,188,186,186,184,184,185,184,183,182,182,181,185,180,180


176,172,172,171,172,176,170,171,171,168,176,172,176,173,173,173,171,182,174,173,174,174,178,176,180,178,177,177,176,183,177,176,176,175,177,177,180,179,181,183,188,198,207,217,230,246,263,280,298,314,328,343,356,372,387,396,409,422,435,447,459,475,481,491,503,513,525,530,536,544,550,558,560,569,568,571,575,577,587,583,587,591,593,606,606,615,619,624,632,635,654,653,659,664,669,676,678,682,683,684,685,687,688,684,681,677,674,673,665,663,658,652,649,644,645,642,636,634,630,631,628,624,626,620,618,615,614,613,605,600,596,593,588,582,580,571,566,560,557,552,542,536,530,521,521,512,510,499,493,486,477,481,466,458,451,440,439,426,421,408,397,387,376,376,358,346,336,326,317,305,299,286,277,269,262,259,251,244,240,237,236,232,233,231,227,225,224,223,223,219,217,216,218,216,216,218,215,214,214,213,216,211,210,211,210,210,210,213,210,209,209,209,212,206,206,205,201,209,205,207,204,203,202,198,209,199,198,198,195,201,196,200,195,194,193,191,198,191,190,189,187,188,187,189,187,185,184,184,187,183,181,181,181,182,181,182


171,172,170,171,175,171,170,173,172,175,172,173,171,172,174,172,176,173,171,180,176,178,176,175,176,173,180,176,179,177,177,179,176,180,176,176,175,177,181,182,191,195,204,218,231,248,261,277,293,309,326,338,355,366,380,395,407,418,433,441,453,463,476,485,495,508,513,523,531,537,546,548,552,556,561,564,567,572,572,574,582,583,591,593,598,602,607,619,623,633,636,641,654,655,663,665,669,671,671,680,677,678,677,675,674,670,668,662,655,651,647,646,639,639,633,630,630,625,624,621,617,614,612,612,609,608,604,599,598,593,588,588,579,573,568,566,558,552,551,540,536,531,523,521,511,505,499,493,487,480,477,468,458,458,447,441,430,420,411,398,398,383,376,363,352,347,333,328,313,303,293,280,277,266,263,253,248,245,240,240,234,232,229,226,225,222,225,221,221,220,217,219,217,216,214,213,214,212,213,213,210,213,211,211,214,209,208,208,209,208,207,211,207,206,208,207,209,204,205,203,201,203,201,204,200,196,203,199,202,197,196,195,190,198,193,195,191,190,192,189,192,187,186,185,184,186,184,186,183,182,184,182,185,181,179,179


173,171,176,170,171,171,173,175,171,171,172,172,172,177,175,173,174,174,177,176,175,175,176,176,177,181,178,177,177,177,180,178,177,175,177,177,176,181,181,182,188,195,208,218,231,246,261,279,294,313,327,341,354,369,384,396,410,420,432,444,456,470,478,493,498,508,517,526,537,541,545,552,556,560,565,572,571,573,577,584,585,587,591,596,602,608,617,623,628,634,641,651,656,660,664,670,673,676,680,683,682,681,681,681,679,674,670,665,661,657,655,650,644,641,639,637,634,630,627,623,621,619,620,617,614,610,607,606,602,599,592,587,582,578,575,567,568,557,550,545,539,537,526,520,514,507,502,498,494,483,477,469,468,458,449,439,432,423,415,408,397,385,376,365,359,347,336,324,313,303,293,288,277,267,260,253,252,246,240,237,234,232,229,232,226,224,223,220,223,221,219,218,217,216,215,217,215,215,212,212,213,211,215,211,210,211,209,210,208,215,207,207,208,207,210,206,205,205,204,205,205,206,202,201,200,203,200,198,197,197,195,196,199,194,193,192,191,194,191,190,189,187,187,185,189,187,183,184,183,185,183,182,180,180,180,181