
171,173,170,170,170,170,169,172,174,171,172,171,171,175,172,170,171,170,171,172,176,173,173,173,173,176,175,173,172,172,173,169,180,174,173,173,175,179,176,180,182,188,195,202,222,227,240,251,263,277,287,305,311,322,333,345,358,368,378,387,398,406,419,427,433,441,450,458,466,478,478,484,489,493,499,501,502,504,508,511,517,524,524,529,535,539,548,553,557,563,569,576,583,594,593,599,603,606,613,614,613,612,612,611,606,615,604,599,596,591,589,583,582,577,575,572,569,577,568,566,564,562,560,557,561,553,551,547,545,547,540,535,530,527,522,522,514,508,502,496,491,488,486,476,471,465,460,458,451,443,436,431,424,420,417,406,397,391,383,376,365,356,346,336,327,319,315,301,292,282,274,269,258,249,243,238,232,227,235,226,222,221,219,220,213,216,211,210,210,209,214,209,208,207,207,205,205,209,203,203,203,203,206,205,204,204,202,203,205,203,201,200,200,199,201,204,199,200,200,198,202,198,196,195,194,194,195,198,194,194,192,191,194,191,190,187,187,185,185,191,186,185,184,185,187,182,182,180,179,179,177,187,179,179,179,178


172,174,170,170,171,173,172,172,172,171,171,171,170,174,171,170,171,172,173,177,173,172,173,173,173,174,176,173,175,171,179,177,173,173,173,174,172,177,180,179,183,187,200,209,217,227,240,253,262,285,294,303,315,327,339,353,361,370,381,391,401,413,424,431,440,448,459,468,473,478,484,489,495,500,506,506,510,513,519,522,524,527,531,535,541,549,556,561,566,572,579,587,595,597,602,607,612,616,619,624,621,622,619,626,623,616,613,608,604,599,599,596,590,587,584,587,584,578,575,574,571,567,574,570,565,562,559,559,558,551,546,542,538,534,531,529,521,515,510,506,503,495,489,483,477,472,468,464,455,449,444,438,433,427,417,410,402,394,387,380,370,360,350,341,334,327,314,304,294,285,275,268,262,251,245,236,241,235,229,225,223,221,215,221,218,214,214,211,215,214,211,209,208,208,205,211,209,205,205,206,205,209,205,204,203,203,202,204,207,203,202,201,202,205,202,200,200,200,198,199,201,197,196,197,197,197,198,194,194,193,192,193,193,191,189,188,186,189,190,186,186,185,184,183,184,185,182,182,178,186,183,180,180,178,177,173


169,173,170,171,173,172,171,168,174,169,169,173,171,173,172,172,172,175,173,172,173,172,172,173,176,175,175,174,175,177,173,173,173,173,173,174,177,176,178,181,184,193,197,205,215,227,239,251,269,277,291,302,313,329,336,346,357,368,378,388,402,405,423,428,438,448,454,461,464,478,480,486,495,495,503,502,506,511,515,515,517,527,527,532,540,544,550,555,561,567,578,579,586,594,597,602,607,615,615,617,617,617,621,615,613,613,607,603,600,599,593,589,585,582,584,577,575,575,572,570,568,570,564,564,561,558,559,552,548,545,543,538,534,533,524,527,516,512,510,501,495,486,489,479,474,472,464,460,452,446,441,436,429,418,419,407,399,393,386,377,368,358,349,343,330,320,312,301,292,283,278,267,258,251,245,243,236,230,228,225,221,221,222,218,216,214,214,216,211,210,208,208,207,207,210,204,208,206,205,209,206,204,203,204,203,203,206,200,207,203,203,205,203,200,198,205,199,199,202,199,200,198,197,198,199,195,193,196,193,192,193,193,192,191,190,190,193,187,186,186,184,184,184,186,186,183,182,182,185,181,179,181,178,178,179,180


175,171,171,170,170,169,172,175,171,171,171,171,174,172,170,170,170,168,176,176,172,174,174,173,174,178,173,174,173,173,175,176,174,173,175,174,173,181,177,179,182,188,196,210,217,229,242,254,268,283,292,304,314,327,339,350,366,371,382,393,402,418,423,431,440,449,458,468,478,481,486,492,496,505,506,508,510,514,516,525,528,530,534,538,543,553,557,561,568,574,578,593,597,599,605,610,614,618,627,622,623,623,624,625,625,619,615,611,607,602,604,595,592,588,587,585,584,581,579,577,575,573,577,569,567,564,562,560,556,556,549,546,542,537,536,527,521,516,512,506,502,499,490,485,479,473,473,462,456,451,445,435,436,430,420,413,404,397,390,381,370,360,351,338,337,327,315,306,295,287,276,273,259,251,245,239,237,236,229,227,224,222,219,224,216,214,213,212,213,212,212,209,208,208,208,212,207,206,204,205,205,205,209,205,204,205,203,207,203,202,202,201,201,202,205,202,201,200,200,203,200,198,197,197,191,201,198,195,195,193,194,194,193,190,188,188,186,191,190,187,187,186,184,182,189,181,181,181,181,181,184,181,180,180,178,177


172,171,170,172,170,173,170,169,171,172,170,171,175,172,171,172,171,176,172,173,168,175,174,174,178,173,175,173,175,178,174,173,171,177,173,174,178,175,176,176,190,191,196,205,215,229,240,252,269,278,291,301,317,329,338,347,358,369,380,389,404,411,419,429,439,446,459,462,469,478,482,488,493,498,500,504,509,510,517,517,520,524,530,533,539,549,550,557,565,570,579,583,588,590,603,604,608,617,616,618,618,620,622,617,616,611,613,606,601,602,594,589,584,589,584,580,576,575,574,571,569,571,566,564,562,563,560,555,552,547,546,540,535,535,529,522,517,513,508,505,497,491,488,480,475,471,467,459,454,449,442,440,429,422,416,410,401,394,389,376,368,359,350,344,331,321,308,308,293,284,279,267,259,249,248,242,236,231,227,228,223,221,223,218,216,211,219,215,211,210,208,209,209,209,210,207,206,206,207,207,206,204,204,204,204,204,206,204,204,202,203,202,205,201,201,200,200,200,200,202,199,197,197,197,200,196,194,194,194,194,193,196,191,190,190,190,191,187,186,181,190,185,185,187,184,182,180,184,183,180,180,178,182,178,178,181


170,167,178,171,170,169,170,172,174,170,171,170,170,171,174,172,171,171,172,174,176,174,173,173,174,173,175,178,175,174,173,174,178,174,174,173,174,175,177,183,183,189,197,203,222,228,241,253,266,279,291,308,314,326,337,344,367,371,381,391,400,410,417,437,439,448,457,465,475,480,483,489,493,498,500,512,509,512,516,519,524,529,530,535,540,545,552,560,567,571,578,584,593,600,601,606,610,615,616,622,624,622,621,620,619,619,611,607,604,599,595,593,593,587,584,580,577,583,575,573,571,568,567,567,568,561,558,556,550,557,547,542,537,532,528,521,528,514,509,504,499,496,490,482,476,471,466,459,461,449,443,436,431,426,420,409,402,394,386,376,369,363,350,342,331,324,317,303,293,284,275,268,259,254,245,240,235,231,233,225,223,221,219,217,215,219,213,212,211,206,218,210,209,208,208,207,205,210,205,205,205,201,211,205,205,203,203,202,198,211,201,201,201,201,203,202,200,199,199,199,196,203,198,196,195,196,195,198,194,193,193,192,191,191,193,188,188,188,187,190,187,185,183,184,183,183,186,181,182,180,180,184,180,178,178,177