174,177,180,174,172,174,172,172,176,176,179,174,174,175,180,174,173,173,174,173,174,177,178,176,174,179,179,180,176,175,177,176,177,180,183,177,177,182,184,190,188,194,203,211,220,236,247,257,267,279,290,302,310,320,330,339,351,365,372,385,391,402,414,424,428,436,446,453,461,473,476,488,485,492,499,505,503,504,510,513,517,526,532,538,537,542,553,560,563,568,575,583,588,593,604,611,608,614,619,625,626,620,620,620,620,618,620,616,608,604,604,601,602,593,592,588,586,587,587,586,584,578,581,579,579,571,569,566,563,560,561,556,555,544,544,541,537,528,522,516,511,508,504,497,496,485,481,478,475,465,458,451,447,440,436,432,426,414,406,401,394,383,373,364,357,348,336,333,323,310,302,295,287,280,269,263,259,254,248,249,246,241,238,238,235,235,230,228,227,224,224,226,225,226,219,223,222,222,218,217,216,216,216,219,214,219,214,214,215,216,211,210,208,208,209,209,209,212,206,205,209,209,204,204,202,202,200,202,202,203,196,196,198,199,199,192,191,192,191,191,194,194,188,188,192,190,190,187,184,185,183,182,187,187,186,182


174,176,175,178,174,174,172,173,174,176,177,178,174,177,176,180,173,174,173,174,174,179,174,178,176,177,178,181,176,176,176,177,176,180,182,183,180,178,185,189,189,194,202,210,221,231,246,260,266,278,292,304,315,319,330,340,349,360,374,384,390,400,414,423,434,437,445,454,463,469,480,485,490,490,498,501,509,508,509,513,519,522,531,534,542,543,552,558,567,567,575,580,586,595,602,606,615,612,615,621,626,622,622,620,620,617,618,615,614,605,601,602,602,594,592,588,587,586,583,585,587,580,576,579,579,577,570,567,563,561,557,557,555,545,542,539,535,532,523,517,510,505,502,499,496,491,481,479,474,469,460,451,446,439,434,432,421,417,406,399,394,386,374,363,354,346,338,331,321,315,302,293,286,281,269,261,257,254,249,247,246,244,239,234,237,235,233,227,226,224,223,224,226,225,221,221,222,223,223,218,216,215,214,214,217,218,215,212,216,212,214,210,210,210,209,208,211,210,212,205,208,208,209,201,202,202,199,199,202,200,201,196,196,198,198,193,192,191,190,191,192,192,193,188,187,190,190,188,186,185,184,184,185,187,187,181


173,174,177,178,173,174,174,174,173,172,176,177,174,174,178,178,178,173,175,174,174,175,179,179,177,175,178,179,182,176,176,177,177,177,181,183,182,180,185,187,194,194,203,210,220,232,248,259,272,278,288,301,314,321,329,339,349,359,373,384,395,400,410,423,433,438,447,454,463,468,476,485,491,491,495,503,508,508,510,513,518,521,528,535,542,542,549,558,568,573,575,580,588,594,600,608,615,615,615,623,624,626,620,620,618,617,614,616,614,611,601,602,601,600,593,588,587,585,585,586,584,584,577,576,577,578,570,567,563,561,557,557,555,552,541,538,536,532,522,518,512,506,501,496,494,491,480,475,474,468,462,452,445,441,434,428,425,417,407,398,392,387,377,364,355,346,338,329,324,315,301,291,286,279,275,264,257,252,248,245,245,243,244,236,233,234,233,229,228,225,224,223,226,223,226,220,218,221,223,217,216,217,215,216,216,218,217,213,211,216,216,211,211,210,209,206,209,211,210,206,205,207,206,207,201,202,200,200,200,202,204,196,195,199,197,199,194,191,191,189,191,193,193,190,187,189,190,191,185,184,184,183,183,187,187,187


173,172,175,183,178,173,172,173,173,173,176,178,174,174,174,179,178,173,173,175,173,174,178,182,176,174,176,178,180,177,176,177,178,176,179,184,184,179,182,188,193,194,201,209,220,232,242,256,271,277,288,302,313,321,331,340,350,361,370,384,397,401,411,423,435,440,445,453,461,468,475,485,491,490,494,501,512,513,509,514,517,521,525,536,544,543,547,554,569,575,576,581,587,594,599,608,617,617,615,617,624,625,623,619,618,618,613,613,613,610,600,599,599,599,592,590,587,584,583,583,586,585,578,576,577,577,570,567,563,559,558,554,554,550,540,536,536,535,526,515,511,507,500,495,495,491,481,475,472,470,463,453,445,440,434,428,422,420,407,397,391,384,377,365,355,347,337,329,322,316,307,292,285,281,274,263,258,252,250,245,242,243,244,236,234,234,234,229,228,225,224,224,223,225,226,219,217,220,224,217,216,217,216,216,214,218,219,213,213,213,219,214,209,209,210,209,208,209,211,205,204,206,211,208,202,200,199,200,200,201,204,200,197,194,196,199,194,191,189,190,190,190,196,194,187,187,188,191,185,184,185,182,184,184,186,186


175,173,174,178,174,177,175,174,174,174,181,175,174,173,175,178,173,177,178,174,174,174,180,178,176,176,177,180,176,178,182,176,176,176,182,183,178,179,183,188,190,194,207,211,221,230,248,260,267,277,289,303,313,320,334,341,351,362,376,389,392,403,411,424,435,441,453,457,464,470,478,491,491,493,498,503,510,509,518,517,519,523,529,543,543,544,552,559,568,571,582,591,590,595,603,613,616,616,619,621,628,625,625,628,621,621,619,621,615,607,604,602,602,598,595,598,590,588,588,591,589,583,579,577,580,576,573,574,566,561,559,560,561,548,545,539,536,533,526,525,513,510,504,497,502,489,482,476,471,469,461,459,449,443,437,429,430,420,408,398,391,387,374,368,363,349,339,331,325,316,301,295,286,282,270,264,263,253,249,247,248,246,239,235,235,235,232,228,231,225,225,222,226,230,220,221,221,223,222,218,220,217,216,214,216,223,214,213,212,214,213,210,214,210,209,208,208,214,210,205,206,205,208,202,208,204,199,199,198,204,203,198,196,194,198,194,193,198,190,190,189,194,192,188,189,186,189,186,185,190,184,184,184,188,189,182


