
171,170,172,173,171,170,170,172,173,169,170,169,172,170,171,174,172,172,171,173,175,173,172,171,174,173,174,176,175,175,175,177,176,176,174,174,176,178,180,184,187,193,200,211,221,235,245,257,267,286,294,304,319,325,335,344,359,369,376,387,395,409,416,426,438,443,451,457,469,476,477,482,487,494,496,499,505,506,510,513,518,523,524,528,534,542,544,550,559,563,570,577,583,590,593,598,601,607,609,611,614,613,612,611,612,610,605,600,596,595,591,586,585,583,579,577,577,573,573,568,566,562,569,561,560,561,555,552,547,549,546,538,535,530,531,522,518,516,508,502,497,496,490,481,477,471,469,461,457,453,444,440,434,430,424,414,407,400,393,386,376,371,361,351,343,336,329,317,307,298,291,281,274,270,260,254,249,247,242,238,234,231,229,229,227,227,224,222,220,221,219,219,216,214,211,217,212,212,216,212,210,208,213,211,209,208,206,210,207,207,210,206,205,203,209,205,202,201,200,203,201,199,202,198,199,198,198,198,195,194,192,194,193,191,194,189,190,188,189,189,186,184,185,184,184,184,185,183,182,181,182,181,181,179,178,180


171,170,169,172,170,170,173,170,173,171,170,174,171,170,170,171,170,171,174,171,173,174,174,174,176,174,174,175,173,174,176,176,174,178,175,176,178,178,179,181,188,193,201,214,219,237,246,258,274,281,294,302,320,325,337,350,358,369,379,389,402,408,418,426,438,444,452,464,469,478,481,485,493,495,497,501,507,507,510,517,518,526,528,532,538,542,548,552,561,566,572,581,584,592,597,601,606,610,612,614,617,616,615,616,613,609,611,605,600,600,594,590,587,585,582,579,580,575,579,573,570,571,566,564,561,565,557,555,555,549,549,542,539,538,529,525,520,517,511,505,503,496,493,485,480,477,470,463,457,453,447,442,438,429,425,417,409,405,396,386,377,371,361,353,346,337,328,318,309,302,293,283,273,267,260,254,252,246,239,242,236,233,234,228,225,224,224,221,221,222,216,222,218,217,219,214,213,210,215,211,210,214,209,212,209,209,212,208,206,206,209,204,205,208,204,205,204,202,206,202,201,200,201,197,199,200,197,197,195,195,196,194,193,190,191,189,190,190,188,188,188,185,187,186,185,184,183,182,180,183,182,179,183,181,180,183


169,170,173,172,171,171,171,172,172,170,172,169,169,169,174,171,172,172,172,172,176,172,174,172,172,172,174,175,177,175,176,176,179,175,175,177,175,177,180,184,191,194,202,212,226,234,243,261,270,281,294,309,318,327,338,348,361,368,377,390,398,408,418,430,438,445,454,460,471,476,480,488,490,494,498,505,509,509,511,516,521,524,527,533,535,542,547,555,563,567,573,579,585,594,595,602,606,608,612,614,616,618,616,615,613,614,607,604,601,596,592,590,590,589,582,580,578,578,573,570,575,568,567,566,566,563,558,556,552,552,546,542,541,533,529,525,524,519,511,506,501,498,491,483,481,473,467,464,461,454,447,442,436,431,424,417,411,402,394,386,382,373,364,353,345,336,330,318,311,299,291,281,274,266,263,256,250,246,245,238,234,233,230,228,226,225,227,222,222,220,222,217,213,220,214,214,214,217,214,212,211,211,213,211,208,211,207,207,207,209,208,207,206,206,207,204,203,205,201,200,199,202,203,199,198,199,199,198,194,195,193,193,192,194,193,191,189,189,188,190,186,188,186,184,184,183,184,185,183,181,181,184,179,178,180,178


171,171,174,172,170,170,170,172,171,173,172,171,171,171,173,173,170,169,170,171,173,174,176,172,173,174,174,177,174,174,174,172,178,175,178,176,176,178,177,190,187,192,201,210,223,233,249,259,269,281,291,310,314,324,334,345,358,365,379,386,396,406,415,430,433,441,450,456,466,471,481,482,487,492,495,502,502,503,507,510,515,519,525,528,533,538,544,552,560,561,569,574,579,588,592,600,601,604,607,610,615,611,610,609,606,610,604,603,597,592,589,583,591,580,576,575,573,574,570,571,567,564,562,561,566,556,553,551,547,546,543,542,535,532,527,522,522,513,507,501,497,494,487,484,478,471,466,461,459,450,444,438,433,428,420,416,408,400,392,385,378,371,359,350,343,332,327,317,310,299,289,281,274,270,258,253,248,241,245,237,239,232,230,228,224,232,222,220,219,218,219,217,219,215,214,215,213,219,211,209,210,208,211,209,211,209,208,207,207,210,206,205,204,203,204,204,207,202,202,201,202,202,200,198,196,198,196,197,198,195,194,194,193,194,193,190,188,187,187,188,187,188,185,184,185,184,187,182,181,182,178,184,179,183,180,179


171,173,171,171,172,171,171,173,169,168,173,170,172,171,173,171,171,172,171,175,172,170,176,173,174,174,177,175,173,179,175,177,176,176,176,175,177,177,183,183,187,196,201,214,221,232,246,257,270,281,296,304,316,327,336,348,355,365,378,387,397,405,419,425,434,445,451,461,466,472,480,484,488,493,499,499,502,508,509,512,519,519,521,531,534,538,545,552,558,563,570,577,585,588,591,602,601,605,609,614,612,610,618,611,612,608,604,603,596,593,590,589,585,581,582,577,577,573,570,572,567,565,564,565,560,557,557,552,552,547,544,541,536,530,527,526,519,514,510,504,501,493,486,483,479,471,466,464,457,450,448,440,433,431,421,412,409,400,393,386,379,369,361,355,344,338,326,313,311,299,290,282,277,266,258,259,250,247,241,237,236,233,229,228,230,225,223,223,221,222,218,217,218,215,215,214,216,214,211,214,211,213,210,210,210,208,208,208,210,207,207,206,206,207,204,203,202,204,202,201,204,200,199,200,198,197,199,195,193,196,193,193,193,194,191,191,191,188,189,187,183,189,186,184,185,187,183,180,186,182,184,180,179,179,178,178


170,171,172,170,174,171,172,173,171,174,172,170,171,170,173,170,173,171,171,174,173,175,173,174,173,174,175,175,177,175,175,173,178,179,176,175,176,177,178,184,189,194,201,210,225,236,245,258,269,281,290,308,317,326,337,348,359,369,379,387,397,407,417,429,437,445,452,460,469,474,482,485,490,494,496,503,505,510,511,513,520,523,528,530,534,539,546,553,560,568,572,578,586,591,597,599,602,608,610,614,613,617,615,613,610,612,609,602,599,595,592,588,587,587,582,579,576,578,576,571,568,567,565,562,566,562,558,553,552,550,547,542,537,533,528,523,523,518,510,505,499,497,490,487,478,472,468,461,459,451,449,440,434,431,423,420,409,402,393,385,379,369,364,353,345,336,329,321,310,298,291,282,276,266,264,254,250,242,244,241,237,232,231,229,226,226,225,221,220,217,223,221,217,216,214,215,210,217,214,212,210,211,212,212,210,209,209,207,206,209,207,206,205,205,206,204,206,203,202,201,200,203,199,201,198,197,199,198,199,195,194,193,191,192,190,194,188,189,188,187,190,186,186,184,183,184,182,184,181,180,178,183,182,180,180,179


170,173,171,171,172,170,173,171,171,171,170,170,170,173,171,171,173,171,171,173,172,171,173,172,174,174,177,175,176,175,174,177,175,172,178,174,176,177,182,183,185,197,201,213,220,232,248,258,270,281,297,303,314,330,335,349,356,366,378,386,395,406,418,424,433,445,450,461,467,472,480,483,487,492,499,499,502,508,509,515,517,519,525,529,532,539,547,550,557,565,571,576,585,587,592,598,601,606,607,612,611,614,613,610,612,606,601,605,597,592,590,591,584,579,584,577,577,572,571,571,566,564,563,564,560,556,560,553,553,545,543,540,535,530,527,525,517,513,510,502,500,492,487,483,478,471,466,464,457,450,446,440,435,428,421,416,408,399,393,387,377,368,362,352,344,338,326,317,308,299,289,282,276,267,260,255,248,247,241,234,239,233,230,228,230,225,220,225,221,223,218,215,218,216,214,213,216,212,209,215,210,214,209,209,210,209,207,207,210,207,206,207,205,207,204,202,204,202,202,201,204,201,200,200,197,199,196,195,195,195,194,193,195,192,191,190,189,188,190,186,186,187,184,184,184,186,183,184,184,181,184,180,177,183,179,178