
169,169,172,171,174,171,171,172,170,175,171,170,170,169,172,171,175,172,171,171,171,176,172,170,170,170,172,174,177,174,172,174,174,176,173,172,174,175,173,183,185,187,194,203,212,220,239,245,255,266,277,295,302,315,325,334,344,353,372,376,385,396,405,417,425,438,443,451,459,466,478,477,483,487,491,498,501,507,508,511,515,520,530,529,534,540,546,555,560,571,574,580,588,594,605,604,608,613,615,619,622,623,621,621,620,616,619,612,607,603,599,594,599,593,589,586,584,584,578,588,577,575,574,570,574,569,568,563,560,557,553,556,545,541,536,531,528,522,520,512,507,502,496,496,485,478,474,468,465,456,455,445,440,433,427,424,411,404,396,387,381,371,365,353,343,336,326,321,307,296,288,280,272,264,261,251,247,243,238,239,233,230,226,225,221,227,224,220,219,218,216,212,221,213,213,211,210,213,211,213,211,210,208,207,214,208,207,205,207,206,205,210,205,205,204,204,205,203,201,199,200,201,199,202,198,199,197,196,200,194,194,193,192,192,192,193,189,188,188,187,191,186,184,184,183,184,185,185,183,182,181,181,182,182,178,177


171,173,172,170,171,170,169,169,172,173,171,171,171,172,172,170,172,169,169,169,173,174,172,172,172,173,176,173,174,173,171,172,173,175,176,174,175,175,180,177,180,190,193,201,210,222,237,243,255,267,281,289,295,313,320,330,340,355,364,372,382,392,405,411,421,431,437,445,453,464,469,473,478,483,489,490,493,499,502,504,508,517,521,524,529,534,542,549,553,561,567,574,579,587,595,598,602,606,609,614,612,614,614,611,612,609,608,607,600,596,593,593,586,581,586,579,576,576,576,577,571,569,568,569,564,559,562,555,553,549,551,547,540,535,532,530,520,516,512,506,501,495,494,486,479,474,469,466,458,452,448,440,434,428,425,418,408,401,392,386,378,367,359,349,341,331,325,317,306,296,286,278,273,262,257,251,245,241,238,234,235,228,228,225,227,221,217,223,217,216,216,218,217,213,213,212,214,211,209,212,208,208,207,211,209,207,207,207,210,206,204,206,203,203,203,206,204,203,201,200,202,201,198,198,196,196,195,198,197,196,195,194,194,193,190,191,188,188,186,187,188,187,185,185,183,186,182,182,182,181,180,179,179,184,178,179


171,169,171,174,170,174,171,170,172,171,172,169,169,170,170,172,171,174,171,170,171,173,174,172,171,173,172,172,176,175,172,173,173,176,174,174,175,174,176,179,185,188,194,201,210,224,229,248,256,267,279,290,304,308,326,331,341,357,363,378,384,394,403,413,427,430,445,449,456,466,469,477,481,484,488,493,500,500,506,509,512,518,522,529,531,537,542,550,558,564,572,577,583,589,599,603,604,609,611,614,616,620,620,617,614,612,612,607,604,599,595,592,590,590,586,584,581,579,581,573,578,573,570,568,566,568,560,565,556,554,553,546,544,537,532,529,523,523,513,512,503,498,495,488,483,476,471,465,459,457,449,445,436,430,425,418,411,401,394,386,378,370,362,352,343,332,324,318,307,296,286,278,270,264,259,250,247,241,236,237,230,230,227,225,224,222,224,218,219,216,216,218,212,217,212,212,212,210,213,207,214,209,208,212,207,207,207,206,206,206,208,206,206,203,203,205,202,202,201,201,200,200,202,199,199,198,197,196,197,196,193,192,191,191,192,192,191,188,186,187,190,186,186,184,185,184,183,186,183,181,180,179,182,177,182,178


170,171,170,172,175,172,172,171,171,172,169,173,170,171,170,171,173,169,175,170,171,173,171,174,172,171,172,173,173,174,175,173,173,172,175,174,174,173,176,178,183,190,195,201,211,221,236,245,256,266,278,290,300,315,324,332,343,353,367,376,384,394,404,414,422,434,442,448,456,463,473,474,482,484,489,492,497,503,503,509,513,517,524,524,536,538,544,550,555,567,568,582,583,590,595,603,607,608,612,614,617,618,619,620,615,612,610,610,606,600,596,592,590,587,587,586,581,580,578,579,576,572,571,569,566,564,565,561,557,553,550,550,544,538,533,528,523,519,518,510,503,498,492,490,480,480,472,465,460,454,452,441,440,431,423,419,409,405,394,385,377,369,362,349,346,333,323,315,309,297,287,278,271,264,257,254,246,242,238,234,235,230,227,225,223,221,221,221,219,217,215,215,217,214,213,211,211,210,211,213,210,209,209,208,210,208,208,205,205,207,205,207,205,204,203,203,206,200,205,200,200,199,200,200,195,202,196,196,197,194,196,192,192,192,190,191,188,191,187,187,186,189,186,184,183,184,184,182,185,182,181,179,180,181,182,180


169,169,170,171,172,174,171,172,171,171,175,170,170,168,169,168,174,174,172,171,172,172,173,174,171,170,172,170,177,176,174,174,174,173,174,178,173,173,175,178,183,190,194,203,212,223,235,248,256,267,278,289,303,315,323,333,345,354,365,379,385,396,406,415,426,435,446,451,459,467,472,483,484,487,492,495,501,505,510,512,516,519,524,535,535,540,546,554,557,571,576,580,587,594,599,606,614,612,615,617,619,624,624,620,620,616,614,612,611,603,598,596,593,593,592,586,584,583,581,582,581,576,574,572,570,571,569,564,561,558,553,549,550,541,536,532,527,523,518,515,506,501,495,491,491,479,474,468,462,457,453,447,440,434,426,418,416,404,396,387,378,367,366,356,344,335,326,316,307,302,288,278,270,263,259,254,246,242,238,235,233,234,227,224,222,222,221,223,219,217,216,215,216,215,212,211,211,210,212,212,211,209,209,209,207,211,206,205,205,206,206,206,209,206,204,203,203,206,201,200,200,199,197,201,202,198,197,196,196,198,196,192,192,190,188,195,192,190,189,188,187,187,190,184,183,183,183,184,186,182,181,182,180,182,182,178


171,171,171,174,171,170,171,170,169,170,173,173,171,171,170,174,172,171,172,170,171,171,174,173,172,172,173,175,173,172,173,172,172,172,175,175,175,175,176,182,183,186,194,202,208,221,234,241,259,267,279,292,300,309,318,335,341,352,364,371,385,392,402,414,423,430,435,450,454,460,469,475,480,483,488,491,497,497,500,506,509,513,518,527,531,535,540,547,558,559,566,575,579,585,592,600,603,607,609,611,615,613,612,615,610,609,607,606,600,598,592,589,589,584,582,580,579,575,573,576,568,574,568,566,566,562,559,553,558,550,547,545,539,538,531,526,523,518,510,504,503,495,489,485,481,477,469,463,457,456,446,441,436,427,420,415,412,402,393,384,377,370,359,350,341,331,321,313,308,296,288,278,272,265,256,250,245,241,236,234,235,227,229,225,223,226,221,218,216,218,214,214,216,210,216,212,211,213,211,210,205,212,208,208,210,206,208,208,206,206,209,205,203,205,203,201,201,204,203,202,200,200,203,198,198,198,196,195,195,197,195,193,193,192,193,191,188,188,187,185,186,188,186,185,185,183,186,182,182,181,181,181,179,182,176,182