
175,171,171,171,171,171,172,174,176,174,174,173,177,175,174,177,176,176,177,180,181,180,181,180,184,181,181,182,181,179,180,182,182,181,179,181,180,184,183,188,193,201,213,225,241,260,274,292,308,328,340,352,372,381,394,407,421,435,443,455,466,479,486,493,509,513,521,530,541,546,549,553,557,565,563,566,571,570,572,576,582,584,585,591,594,603,605,611,620,622,629,634,643,649,651,656,658,664,664,665,668,665,664,663,662,660,655,649,643,640,636,629,628,622,617,615,613,615,612,606,603,601,602,596,591,594,588,583,581,578,577,569,565,560,557,548,542,541,533,526,521,517,511,504,499,493,490,480,475,470,462,455,449,446,438,428,419,412,406,395,385,377,367,357,347,342,333,319,309,301,294,282,273,266,258,252,247,246,242,237,235,231,231,230,226,224,223,221,219,219,220,219,216,216,215,217,213,209,215,211,210,210,210,215,209,209,210,212,209,205,209,205,205,206,208,206,206,203,204,205,203,201,201,200,198,199,202,199,196,196,196,198,194,192,193,189,190,189,191,190,187,186,187,188,185,184,184,181,181,182,184,182,181,180,179,179


171,172,175,172,172,169,177,175,172,171,171,176,174,174,177,176,175,176,178,179,178,178,179,180,180,180,182,183,181,180,181,179,182,178,179,179,179,180,183,191,193,201,213,225,242,256,273,290,307,323,337,356,367,379,393,405,419,428,440,452,464,472,484,496,502,510,519,529,537,539,544,546,557,556,560,565,565,566,566,577,577,578,580,583,592,594,599,608,612,618,623,633,638,643,646,651,656,657,658,662,663,661,661,659,655,654,648,643,639,633,628,624,623,616,615,614,609,609,604,601,600,596,594,592,593,587,584,581,577,576,568,563,561,557,549,545,543,534,529,523,519,515,505,500,491,493,482,476,473,465,459,450,451,442,432,424,413,411,400,391,386,375,365,354,349,339,328,317,308,299,288,280,274,265,258,252,248,242,242,235,232,232,229,227,225,227,222,220,221,217,221,215,214,214,214,214,213,216,212,211,211,209,212,209,207,207,210,207,207,210,207,206,205,207,207,204,203,199,206,201,201,204,201,198,195,202,200,196,196,191,197,194,193,196,192,191,188,192,189,188,187,184,186,185,185,186,184,182,181,183,180,183,179,179,180,178


168,173,170,170,170,175,170,169,174,171,175,171,168,178,174,174,174,179,176,174,182,177,181,178,178,181,180,179,180,184,179,178,180,178,180,177,178,180,181,186,192,203,212,224,238,255,274,290,305,321,338,351,364,379,394,403,416,428,439,453,461,471,482,490,500,509,522,526,532,540,544,552,552,554,560,560,563,565,571,570,570,579,580,587,589,589,604,605,611,618,627,629,630,646,646,652,653,655,660,659,659,659,661,657,653,653,647,645,639,632,628,624,619,615,615,610,607,605,602,601,600,595,593,591,588,585,583,581,575,572,568,563,561,553,548,544,538,532,527,525,516,511,506,499,496,487,478,478,469,463,457,455,446,435,433,423,419,407,393,396,381,374,365,358,345,330,332,317,310,298,287,281,271,263,256,254,246,240,240,234,234,230,227,225,225,222,221,223,219,217,216,215,216,215,212,211,212,211,210,212,212,209,208,209,208,211,206,206,206,205,206,205,208,204,204,204,202,205,201,198,202,200,199,199,201,197,194,198,195,197,193,187,197,191,190,190,193,188,183,192,185,188,184,182,186,183,181,183,184,181,179,182,179,181,179,176


170,169,168,169,169,169,168,170,169,169,170,170,172,172,172,172,173,173,173,176,175,176,177,176,177,179,178,178,178,178,177,177,177,176,176,176,176,181,180,184,190,198,209,222,240,253,270,287,297,327,335,350,363,376,389,396,421,426,438,450,454,478,481,490,499,508,516,517,542,538,543,548,552,557,558,560,562,564,566,569,576,576,580,584,588,595,599,604,610,616,622,628,636,641,645,649,653,656,659,659,659,659,658,656,654,652,646,642,637,632,631,623,619,615,613,609,607,607,603,600,598,590,600,590,588,585,582,578,572,578,568,563,558,549,557,544,538,532,527,521,510,520,505,498,493,487,484,476,470,463,456,450,444,442,431,423,415,407,403,391,382,372,363,354,344,338,326,316,306,297,289,280,271,263,256,249,245,242,238,234,230,229,226,227,223,222,220,218,217,215,217,213,213,213,207,217,210,209,209,208,208,203,213,207,206,205,200,212,205,204,203,202,202,195,211,201,200,200,199,200,199,197,197,196,195,194,196,194,193,192,191,191,190,189,187,187,186,185,185,185,183,183,182,181,182,180,180,179,179,178,177,178,176,176,175,173


166,170,169,169,170,170,176,166,170,171,172,176,169,174,173,173,174,175,180,173,176,177,177,180,176,181,179,179,179,179,183,175,180,177,177,178,175,184,182,185,191,199,211,222,242,254,272,288,303,325,336,350,364,377,390,400,422,427,438,450,467,467,482,491,499,508,517,529,531,539,543,548,558,550,558,560,562,564,567,575,568,577,579,584,593,589,600,604,610,616,623,634,631,641,645,650,655,651,660,658,659,658,657,659,650,653,647,642,637,629,632,623,619,615,613,609,606,609,602,600,597,594,598,590,587,584,582,578,572,579,568,563,559,560,545,544,538,532,527,522,521,510,505,499,493,493,479,476,470,463,458,451,450,435,432,424,416,413,398,392,382,373,364,355,350,334,327,317,307,301,286,282,271,263,257,251,249,240,240,235,232,230,225,230,224,223,221,220,219,217,220,215,215,214,212,217,212,211,212,211,210,208,216,209,209,208,214,205,207,207,206,206,206,209,204,204,203,202,208,200,201,201,200,199,199,204,195,197,196,195,200,194,195,192,192,191,190,195,188,189,187,186,189,186,187,185,184,183,183,186,182,183,181,180,180,180