
165,172,171,168,169,168,168,170,168,167,168,167,165,172,174,170,171,170,170,172,173,171,172,172,167,178,180,175,175,176,175,174,177,175,173,174,166,182,184,183,189,196,206,213,240,248,264,281,296,314,336,346,359,374,387,401,418,426,439,451,463,473,491,498,508,517,526,535,545,550,555,560,565,567,576,581,579,582,584,587,594,595,599,603,608,609,623,632,633,639,646,652,659,667,669,673,675,671,687,685,684,683,682,681,674,680,671,667,661,650,657,653,644,639,636,633,627,636,625,622,620,617,613,619,612,607,604,601,600,595,589,584,579,574,567,568,561,553,547,540,534,532,523,516,509,503,494,493,492,479,472,465,458,454,445,435,426,417,403,404,397,382,371,361,351,342,334,320,310,300,281,288,280,265,258,251,246,238,246,234,231,229,222,228,231,223,222,221,219,217,221,215,214,213,212,210,218,214,211,211,212,212,211,209,208,208,208,205,211,212,208,207,206,206,209,206,204,203,202,199,205,208,202,201,200,199,201,199,196,195,195,188,198,200,193,192,191,190,190,193,187,186,186,178,191,191,185,184,183,183,180,188,181,179,179,179


179,175,175,176,175,175,181,178,176,177,177,180,182,176,176,177,178,177,180,183,176,184,181,181,188,182,182,178,187,181,183,191,179,187,182,184,191,185,186,188,199,202,213,231,239,255,270,286,309,319,332,348,363,375,389,409,415,429,441,452,470,477,486,495,507,516,525,539,543,549,556,559,569,571,571,574,579,580,582,590,592,593,599,602,606,620,617,623,630,638,643,649,660,657,671,671,675,681,680,679,678,687,680,679,679,672,670,663,659,660,650,644,639,640,633,630,634,626,624,620,618,621,613,610,607,606,601,597,600,590,588,582,577,578,569,561,555,551,545,537,537,528,521,516,508,505,500,490,483,477,472,464,461,454,441,439,428,419,418,401,392,378,376,362,353,351,330,328,314,304,301,285,275,264,265,254,250,253,242,240,237,234,240,232,227,226,225,222,222,227,220,220,219,218,224,218,216,215,216,214,214,219,214,214,213,212,216,215,211,210,210,209,209,213,210,207,210,207,208,211,206,205,203,204,201,203,206,196,205,200,199,205,197,196,191,199,193,192,198,190,194,192,190,196,190,188,186,188,185,185,192,185,186,184,184,190


170,170,173,171,170,171,170,171,176,170,171,171,171,172,173,176,172,172,172,174,179,175,176,174,175,175,176,181,177,177,177,175,183,177,176,176,176,178,179,189,189,197,207,213,241,248,264,280,297,313,323,353,358,372,386,394,421,426,438,450,461,473,479,503,505,514,523,532,541,549,552,558,562,566,569,574,579,579,581,584,589,596,596,600,604,610,616,622,634,636,643,649,655,664,665,670,672,675,677,680,683,680,679,677,673,677,668,663,657,652,647,641,646,636,633,629,620,634,622,618,616,613,610,602,618,604,601,597,591,595,587,580,575,570,565,557,561,550,543,537,531,525,524,512,506,500,494,487,482,480,469,462,456,448,446,433,424,415,406,397,387,383,368,359,348,336,334,319,308,298,288,278,267,268,255,249,244,234,245,234,231,228,226,224,217,229,220,218,217,210,223,215,214,212,212,210,202,219,210,208,209,208,208,210,207,206,206,206,204,205,208,204,204,203,202,208,202,202,201,200,200,197,204,198,197,197,195,201,196,196,194,193,191,191,195,190,189,188,185,193,186,185,185,184,183,181,188,181,182,181,174,191,180,179,178,177


171,176,168,174,171,171,175,166,176,172,171,172,171,177,167,178,173,173,176,175,175,176,176,176,177,181,179,178,179,178,178,182,177,178,178,178,178,180,188,184,192,197,207,224,231,249,265,282,298,314,335,342,359,372,386,405,409,428,437,449,461,474,490,492,507,514,524,537,534,552,553,558,562,566,576,566,582,579,581,589,584,595,595,600,605,610,620,619,634,636,642,651,656,659,664,669,672,675,678,680,679,679,679,677,677,670,667,662,656,652,648,648,638,636,632,629,631,621,621,618,616,613,611,614,603,604,600,596,598,584,588,580,574,570,565,564,550,551,542,536,535,518,524,512,505,499,494,492,475,482,468,462,459,450,441,433,424,416,407,402,388,381,370,359,350,345,328,320,309,299,290,281,278,262,257,252,246,248,235,235,232,229,228,226,230,220,221,219,217,222,211,217,214,213,212,212,217,206,212,210,209,214,200,213,208,207,207,207,212,198,210,205,204,208,198,207,203,202,202,201,204,193,205,199,197,200,199,193,195,194,193,192,194,193,188,190,188,188,192,183,186,185,184,183,184,188,179,182,180,179,185,177,180,178,177,177


167,167,171,160,168,167,167,172,156,170,166,167,167,168,173,159,170,168,169,174,158,174,170,170,171,171,177,161,183,177,175,181,173,179,176,177,177,178,184,177,195,197,206,222,235,243,264,280,297,313,332,345,355,372,385,399,418,420,438,449,460,472,484,499,500,514,523,531,545,542,553,557,562,565,569,578,571,579,581,583,593,584,598,599,604,609,615,628,624,638,642,648,658,654,671,669,672,675,678,682,672,688,679,677,678,673,666,663,658,653,648,648,638,639,633,629,629,628,620,619,616,613,611,611,610,602,601,597,593,596,583,582,576,571,565,560,561,547,544,537,532,532,516,515,507,501,495,489,489,474,472,463,457,456,436,439,426,417,408,399,395,374,375,360,351,346,327,325,311,300,291,282,278,258,264,252,247,246,242,234,234,231,228,227,230,225,221,220,220,218,224,214,216,216,214,214,214,220,210,212,211,211,217,208,211,210,209,209,209,215,205,208,206,207,213,200,208,205,205,204,204,210,198,203,200,199,204,191,204,197,196,196,196,200,185,198,191,189,194,189,191,188,187,186,186,191,181,188,183,183,185,186,179,181,180,179


174,174,180,178,176,176,176,176,186,176,174,176,175,175,177,184,179,178,178,179,191,182,179,182,181,181,183,189,184,181,180,180,187,179,175,181,180,180,183,188,199,201,211,222,243,253,259,292,300,316,332,353,362,376,389,403,420,432,438,455,465,477,487,504,510,520,528,536,545,557,556,560,567,570,574,580,582,584,585,589,592,603,599,602,609,614,620,627,636,642,646,652,659,668,669,670,678,678,681,683,679,689,683,680,678,678,672,660,665,656,651,647,643,645,636,632,630,633,626,616,626,617,614,612,616,606,604,600,596,596,591,583,578,573,568,562,562,552,547,539,534,528,528,515,506,503,496,490,484,480,473,465,458,451,450,435,424,419,409,399,391,382,375,362,351,342,338,322,306,302,290,281,273,263,266,252,248,244,245,237,223,237,228,226,224,227,224,221,220,219,223,218,212,217,214,212,213,218,211,213,212,211,213,214,209,206,208,207,207,210,207,208,207,206,206,212,204,200,203,202,202,202,203,203,200,200,199,204,197,193,197,194,193,193,192,195,192,190,189,195,188,181,189,185,185,184,184,189,184,183,183,188,182,174,187,180


173,173,176,174,169,175,172,171,172,170,180,173,173,174,175,178,168,180,174,174,175,175,183,178,178,178,179,185,179,179,178,177,178,178,185,179,181,181,184,192,192,196,209,220,233,250,271,283,299,314,330,351,359,371,386,398,411,425,442,451,461,472,483,499,504,511,524,530,538,545,552,562,561,565,569,575,577,570,585,582,585,589,592,606,604,608,615,621,634,629,645,646,651,657,663,673,671,674,676,678,681,678,676,675,672,669,665,666,657,651,646,641,643,634,629,627,624,621,619,622,617,612,610,607,611,602,597,595,591,587,583,582,577,569,564,559,557,550,538,537,529,523,518,509,514,499,494,487,484,478,461,469,454,448,440,432,431,417,408,399,390,386,367,362,349,340,330,320,316,301,290,282,273,271,258,250,247,242,239,236,238,232,229,227,225,230,223,219,219,218,216,216,220,217,215,214,214,219,213,209,212,210,210,209,211,213,209,209,210,212,210,202,210,206,204,205,203,212,204,204,204,203,207,194,206,199,198,198,198,201,197,196,195,195,200,193,191,190,189,189,188,193,188,187,186,186,192,185,182,183,181,181,182,186,182,181