
175,176,175,174,180,176,180,175,176,177,177,180,176,176,176,177,179,177,182,178,176,177,181,184,179,178,180,180,180,183,185,181,180,180,184,186,184,183,184,187,193,201,210,215,224,234,249,258,276,280,291,303,313,326,333,347,351,361,372,379,394,396,405,413,421,432,437,450,449,456,464,468,476,474,478,480,485,490,491,499,498,501,506,513,521,520,524,530,538,544,551,563,561,568,572,581,587,585,586,589,590,592,597,599,590,587,585,585,582,577,572,568,565,564,567,565,559,558,554,557,551,557,549,546,545,543,546,539,544,532,531,531,524,526,515,512,507,501,502,492,493,483,478,476,470,469,458,453,447,443,440,431,430,420,414,407,404,399,385,376,368,361,353,348,342,328,318,310,304,298,286,275,267,260,256,253,249,241,238,234,236,232,231,225,224,222,223,224,221,221,217,217,219,214,220,214,214,213,214,215,213,218,211,210,215,209,213,208,209,210,210,213,209,213,208,206,208,206,210,204,205,202,203,205,203,206,199,199,198,202,203,196,196,194,195,195,196,199,191,189,189,194,193,189,187,188,187,187,191,190,186,184,185,188,183,189


177,175,176,176,175,179,179,176,176,175,179,181,175,176,176,175,176,181,181,176,176,177,181,186,179,178,180,180,179,182,186,179,181,181,181,190,183,182,184,187,193,199,215,214,225,236,248,268,271,282,293,303,312,322,341,341,350,359,368,385,390,396,404,413,421,430,442,444,451,455,461,471,477,475,477,481,484,488,495,499,496,502,504,514,523,521,525,530,536,542,553,561,562,568,572,579,591,586,588,590,590,592,594,601,591,587,585,583,590,577,571,569,564,564,561,569,558,557,556,555,559,552,549,548,546,542,541,548,538,534,529,527,528,524,516,511,506,502,497,500,491,484,477,473,472,469,459,453,446,443,436,436,432,419,413,408,402,399,386,378,369,362,354,349,341,329,318,310,302,301,286,276,269,260,256,249,253,242,238,235,233,240,229,225,223,222,221,220,227,220,218,217,216,221,217,215,212,214,213,212,220,211,211,211,211,214,215,211,209,209,209,208,211,209,206,207,205,209,211,204,203,203,202,202,205,206,200,199,197,199,204,198,196,196,193,193,195,199,191,192,189,191,197,189,187,187,186,186,187,195,185,185,184,185,193,183


178,176,176,176,176,178,181,177,176,174,179,175,181,175,176,176,176,179,178,183,178,176,180,178,183,180,179,178,180,183,182,186,181,179,184,181,186,183,183,189,190,200,205,218,224,235,247,262,276,282,291,302,311,325,334,347,349,361,370,380,391,396,403,412,421,429,439,449,450,456,462,468,470,477,479,480,485,487,493,496,500,501,504,511,515,524,525,531,535,542,552,556,568,565,571,581,581,590,588,589,590,592,596,592,595,587,585,583,579,582,572,567,565,562,564,560,564,557,555,552,556,556,550,547,545,542,540,543,542,534,531,525,526,523,517,511,505,502,497,496,492,484,478,471,472,463,464,453,447,443,436,435,427,423,412,407,402,392,390,377,368,360,353,349,337,334,320,311,303,293,290,275,269,260,256,253,245,245,236,235,233,232,234,227,223,224,221,223,220,224,218,215,216,219,219,213,212,212,212,213,215,216,211,211,209,213,210,211,208,210,209,209,211,212,209,204,204,209,205,210,204,204,202,202,204,200,207,200,200,202,199,201,196,194,194,194,196,192,198,191,190,191,190,194,189,188,186,186,190,186,191,186,185,183,187,189


181,176,176,176,176,176,179,182,174,175,175,178,183,177,174,177,175,177,180,182,178,178,177,182,182,181,179,180,181,181,185,186,181,181,180,185,181,186,183,187,192,198,208,216,227,235,246,261,269,286,293,301,312,323,334,341,358,358,369,378,390,401,403,412,419,429,437,445,454,456,462,465,474,480,477,480,483,485,490,497,503,500,504,509,517,525,526,530,536,543,549,560,568,566,572,578,584,590,591,589,591,590,592,595,595,587,583,582,582,575,578,567,566,563,561,562,559,563,553,553,552,552,555,546,544,542,540,541,539,538,530,526,523,523,521,511,507,500,497,493,493,489,478,472,468,467,464,452,446,442,437,430,430,425,414,405,399,398,390,378,370,362,353,344,341,333,320,310,300,295,285,278,267,262,253,250,249,243,239,235,232,233,227,232,224,222,221,222,223,218,224,216,215,216,217,220,213,214,212,211,214,213,217,210,209,210,214,214,210,208,208,208,208,210,212,206,205,204,209,210,205,204,201,203,201,206,206,200,198,199,202,202,197,196,195,195,193,195,196,192,189,190,193,189,192,188,188,187,187,188,188,188,185,183,186,185


177,179,178,176,175,176,179,175,177,179,175,178,176,175,183,175,177,177,180,178,179,182,176,179,181,177,186,178,178,179,180,185,181,186,181,181,185,183,191,188,191,199,206,217,226,239,248,259,274,281,297,303,313,322,332,345,351,364,369,376,391,396,407,413,421,427,435,446,450,458,461,465,472,473,476,484,482,487,489,497,496,499,511,507,513,521,523,537,536,540,549,555,561,567,578,577,580,588,588,594,590,590,590,591,593,587,591,581,578,579,571,573,566,561,559,559,562,555,560,553,552,552,547,553,545,543,542,538,539,532,534,526,520,522,514,513,509,501,496,492,491,483,480,475,466,465,459,452,454,441,437,432,428,419,413,413,399,391,387,377,376,360,351,343,335,330,319,314,302,291,287,274,273,261,255,249,244,246,238,240,232,229,232,227,228,224,223,220,221,223,218,222,215,215,218,215,218,213,213,213,211,214,212,216,212,210,213,210,210,213,208,207,207,212,206,207,210,205,207,204,202,208,201,202,202,204,201,199,205,196,198,200,197,201,195,193,194,192,196,191,196,189,189,191,188,194,188,186,187,185,188,186,190,184,183,186


176,186,176,174,176,174,175,176,185,176,175,176,176,185,177,176,176,175,176,178,184,179,178,179,178,185,183,178,179,181,181,180,185,185,179,180,180,185,189,188,192,197,206,215,226,240,247,259,270,285,299,302,312,322,330,340,353,368,369,378,387,396,415,414,420,427,436,443,449,464,460,464,469,473,487,481,483,485,490,493,496,510,506,508,515,519,532,534,536,543,547,555,562,573,574,577,580,585,591,597,590,591,591,590,589,591,591,580,578,574,575,575,565,563,561,560,556,560,562,554,552,551,549,557,544,542,542,538,537,534,538,526,523,518,515,521,508,501,496,492,488,483,487,474,469,463,458,461,449,442,436,432,425,421,423,408,400,392,386,385,374,362,354,344,336,328,322,316,301,291,285,280,275,261,255,250,245,240,241,240,233,230,229,230,231,224,221,222,219,220,220,222,216,214,214,215,222,213,213,211,212,211,211,219,211,210,210,209,218,210,207,208,206,207,206,216,206,204,205,202,211,206,203,203,200,201,200,206,199,198,197,198,200,202,195,194,194,192,191,193,196,190,190,188,191,195,187,186,186,185,184,190,190,184,183,182