
176,174,171,177,172,175,174,172,177,173,174,174,174,175,173,178,174,173,176,174,177,174,174,176,175,179,176,180,176,177,180,176,180,177,177,177,180,183,182,188,189,195,206,211,224,233,244,255,268,283,292,305,314,323,338,344,353,368,376,385,396,408,414,422,439,441,453,459,465,478,479,484,491,497,499,502,511,510,514,518,521,530,530,536,540,547,555,560,570,573,580,590,592,602,603,609,613,618,623,623,628,625,625,627,621,624,617,613,608,606,605,598,599,593,589,591,587,588,582,581,579,576,578,572,575,570,566,565,560,557,559,548,545,541,540,532,526,528,518,513,506,499,500,490,484,479,476,468,462,461,450,447,439,431,430,419,411,404,397,388,378,373,361,351,345,332,327,315,304,295,289,283,272,267,257,249,249,241,240,236,232,231,228,230,224,226,222,220,223,218,220,217,214,214,214,217,212,215,213,210,213,211,208,214,209,210,209,212,209,207,212,205,209,207,205,208,204,204,204,207,203,202,207,200,200,201,199,201,197,196,197,198,195,195,197,192,192,194,191,192,190,188,188,188,189,186,189,185,185,186,183,187,181,182,182,181


178,174,176,174,173,179,174,177,173,174,173,172,178,173,177,174,173,178,175,176,175,174,174,175,177,174,177,177,176,182,178,180,178,177,176,177,183,179,184,186,190,199,204,214,226,235,245,256,272,279,292,307,313,327,338,345,360,366,376,385,399,407,415,428,434,442,456,459,471,474,479,486,489,500,501,507,507,510,520,519,526,527,531,535,541,552,554,563,567,574,586,587,598,600,606,610,615,622,621,628,628,628,633,626,626,623,619,615,610,611,603,603,599,593,597,590,588,590,584,583,581,581,577,575,576,570,572,568,563,561,555,551,546,546,540,534,533,524,519,518,507,507,498,491,485,480,481,470,468,458,452,451,440,438,427,419,412,404,399,387,383,371,361,357,344,338,326,315,307,297,290,278,274,264,257,256,247,245,241,234,233,230,231,226,225,225,221,224,220,219,221,217,215,215,217,214,213,215,211,213,213,211,214,211,210,209,211,210,207,211,207,205,212,207,210,204,205,204,203,207,201,206,200,199,205,200,202,199,197,196,196,199,194,197,192,192,195,192,194,191,189,189,186,190,186,189,186,186,188,185,185,186,183,182,182,185


173,174,177,173,177,172,172,177,174,173,173,176,174,173,176,173,175,172,172,178,174,173,175,179,175,176,179,176,177,177,175,177,178,177,177,181,181,180,184,187,191,196,202,211,228,232,245,259,271,280,289,307,312,325,333,342,358,363,374,386,398,405,413,427,432,445,449,457,470,472,477,485,492,494,498,505,504,513,513,517,524,525,528,535,543,545,552,563,565,575,579,585,594,598,601,608,616,617,619,625,625,625,625,622,623,620,615,612,610,605,601,600,597,592,590,587,582,588,582,578,580,578,575,573,576,568,568,561,559,560,553,549,545,543,537,530,531,522,520,510,505,504,494,489,485,481,474,468,466,455,454,444,437,436,425,417,411,406,395,387,381,370,363,351,341,336,325,316,307,300,287,279,274,263,259,251,246,240,240,235,233,233,228,227,225,225,221,221,218,215,222,215,216,217,217,213,211,217,211,214,210,209,213,208,210,210,213,208,207,212,207,209,206,206,210,204,204,205,207,202,202,206,202,204,200,200,202,198,198,196,199,197,194,197,193,196,191,190,193,189,190,189,192,187,188,190,187,187,185,183,184,186,181,183,185,182


173,176,174,173,176,173,175,173,172,172,177,174,173,176,175,174,173,177,173,176,173,174,178,175,175,177,180,178,177,181,176,180,176,177,180,177,179,181,185,185,191,200,204,214,222,231,247,257,268,281,295,303,312,326,334,346,353,365,378,385,394,404,418,423,431,446,450,460,465,472,480,485,489,494,501,501,505,513,514,519,519,525,528,538,540,546,555,558,564,571,584,585,593,595,602,611,612,617,620,624,622,624,628,622,624,619,615,615,609,604,599,601,594,593,593,587,588,582,580,583,578,575,572,576,571,568,570,563,563,556,551,552,544,539,536,536,527,521,521,512,509,501,493,491,486,478,473,469,463,457,453,446,441,432,424,416,416,403,395,390,378,369,358,358,342,337,323,313,310,295,287,278,274,262,256,254,247,244,239,234,234,231,228,225,227,224,222,224,218,221,217,214,218,216,213,214,216,213,213,216,212,213,210,208,213,208,209,209,212,208,208,211,207,208,204,204,206,205,204,203,206,201,201,202,203,202,200,198,196,201,196,197,198,195,193,190,197,190,193,190,189,191,188,186,188,190,185,186,188,183,186,183,182,186,182,182


173,173,177,173,176,173,174,177,174,178,173,174,172,172,177,174,176,174,174,178,177,177,175,175,174,175,176,179,179,177,177,178,183,180,178,179,179,179,182,188,192,194,203,209,227,238,245,256,268,279,292,307,316,325,333,345,358,366,378,384,395,405,415,427,435,444,450,459,472,474,482,485,490,494,498,506,506,513,514,517,526,527,533,535,542,547,552,562,567,576,581,586,596,601,608,609,613,618,619,623,630,629,625,625,623,627,620,614,610,604,602,598,601,595,591,590,585,591,586,582,579,578,574,574,575,572,568,564,561,561,555,552,546,542,536,531,531,524,518,512,507,507,497,494,486,480,475,467,467,459,456,446,439,437,428,422,413,403,394,385,381,371,366,353,344,337,327,320,308,297,287,278,269,269,260,251,246,241,243,239,234,231,228,226,224,226,225,221,219,218,221,220,217,216,213,214,213,216,213,212,212,210,214,211,212,210,209,207,207,211,207,209,206,205,211,206,208,204,203,203,201,205,200,203,199,200,204,198,201,196,197,195,194,198,194,195,191,190,192,192,193,188,189,186,187,184,191,188,184,184,183,188,187,183,182,182


173,179,175,173,173,174,179,178,173,172,173,173,173,175,182,173,174,173,175,181,175,174,173,175,175,175,184,175,175,177,176,184,176,179,177,177,179,181,188,185,190,195,203,219,223,233,243,255,268,279,299,302,313,322,333,352,355,363,374,385,394,404,422,425,432,442,450,466,468,474,479,484,488,494,504,504,505,508,514,522,524,524,530,533,540,545,553,566,565,571,579,589,600,599,603,607,613,617,620,631,625,623,625,623,631,619,615,612,609,605,602,606,596,593,590,588,595,584,580,579,578,576,575,581,572,570,567,564,568,558,554,548,544,539,536,539,528,521,516,511,513,502,495,489,485,479,474,473,466,456,452,445,444,436,425,419,411,404,396,388,387,370,360,353,343,343,324,314,305,297,287,277,280,264,257,250,244,250,239,235,233,231,228,225,231,223,221,220,219,224,217,217,214,214,213,214,219,212,211,212,210,219,211,210,210,208,208,207,214,208,207,207,206,212,207,205,204,205,204,202,206,205,202,202,201,204,204,199,198,198,195,196,192,202,192,191,191,192,197,189,189,187,186,188,187,194,186,183,184,182,192,184,181,183,181,181


173,182,174,173,173,173,177,175,177,174,172,172,172,181,175,175,175,173,178,173,178,174,173,174,176,183,176,178,178,178,180,178,181,178,177,177,179,186,184,185,190,195,207,213,225,232,243,255,269,285,293,303,314,325,339,344,355,370,375,385,396,408,421,425,435,443,453,461,467,479,479,485,490,495,509,503,508,512,516,522,523,531,530,536,542,547,562,561,568,575,581,591,594,604,604,610,614,619,631,626,627,626,626,628,625,626,619,615,609,607,612,601,599,594,591,592,588,590,584,581,578,579,583,576,574,570,569,569,562,556,559,551,547,543,540,541,529,525,520,515,509,502,500,491,486,480,474,478,464,457,453,447,444,432,430,419,411,405,396,395,380,371,361,354,347,335,329,315,304,295,288,286,271,265,258,252,251,241,242,236,231,230,229,234,226,223,223,221,223,218,221,218,215,215,213,220,217,213,213,211,216,212,209,213,208,208,208,210,214,209,209,206,210,207,203,210,203,203,204,203,210,204,201,202,200,203,199,202,198,195,197,195,202,194,194,194,192,194,189,193,188,187,187,187,193,187,186,186,185,188,183,185,183,182,181,180