
181,176,182,175,175,175,177,186,178,178,177,177,183,179,184,178,179,180,180,192,185,184,186,186,190,188,192,186,188,187,187,196,190,189,188,188,188,194,199,198,205,215,229,247,266,279,296,314,330,349,365,376,388,401,415,427,451,452,465,476,489,502,510,524,528,537,547,555,573,572,577,582,586,592,594,601,597,598,603,606,620,614,617,621,626,637,638,651,651,656,664,670,683,682,686,691,694,695,697,703,699,696,696,696,702,692,688,684,680,674,674,673,663,657,654,652,655,653,645,642,639,638,637,637,630,626,623,619,615,624,609,605,599,594,592,582,584,569,564,558,554,557,543,535,529,523,521,510,511,496,491,483,478,481,463,456,448,437,433,421,416,400,391,380,371,369,353,341,331,319,312,300,295,281,273,267,260,262,255,251,246,243,241,243,241,235,232,230,229,231,235,228,227,226,225,227,225,223,221,218,219,220,229,220,219,218,218,221,216,222,214,212,213,214,223,212,211,213,210,215,209,213,208,205,205,205,213,204,204,203,202,206,202,204,197,196,196,195,205,196,194,194,193,193,194,194,188,188,188,187,194,188,186,187,187,185


177,180,175,183,177,175,180,178,183,177,178,178,179,182,179,186,181,181,185,183,187,184,185,186,184,191,188,193,188,187,189,190,193,187,187,188,187,192,196,203,206,215,227,245,262,276,292,310,327,343,364,377,388,401,413,429,441,452,462,473,485,495,509,518,529,534,543,555,559,572,571,576,581,584,592,591,600,596,598,607,606,613,612,617,622,626,636,639,651,653,658,668,671,682,680,684,687,691,694,694,700,694,692,693,689,692,682,678,673,668,667,663,664,653,650,646,648,648,639,636,634,630,629,630,630,623,618,615,615,609,607,599,594,588,584,583,575,570,561,556,553,542,544,532,525,518,513,509,500,500,487,481,477,466,464,451,442,433,426,421,409,404,388,379,372,358,353,338,326,316,307,302,289,285,272,266,260,257,256,249,244,242,241,241,239,240,233,231,230,231,230,228,225,225,222,224,227,224,222,220,219,223,220,221,218,218,216,217,222,215,219,215,214,218,212,219,213,211,209,209,213,209,213,207,206,209,205,209,203,203,201,202,205,199,203,197,195,199,196,198,194,191,192,192,195,192,195,189,189,187,188,192,187,184,185,184


176,181,181,175,175,176,180,182,178,177,177,178,178,182,185,179,180,181,180,192,184,185,185,184,186,186,197,187,188,188,188,197,190,187,187,187,189,191,201,199,206,216,229,248,264,276,293,311,327,343,365,378,386,401,414,430,443,451,461,473,483,493,511,521,525,534,544,558,566,565,570,575,581,583,593,596,592,596,597,605,610,609,612,617,621,628,636,645,645,652,658,665,679,677,680,686,688,689,693,701,694,695,694,692,698,689,682,678,674,668,664,671,659,654,651,648,651,647,639,637,634,631,629,633,629,622,617,616,619,612,604,598,593,589,584,585,578,567,560,555,555,548,538,530,524,519,513,511,505,495,488,482,477,474,461,453,444,433,426,419,415,399,388,379,367,367,350,337,328,317,307,295,299,279,273,265,261,264,253,248,247,242,240,238,243,235,232,231,231,233,232,227,226,223,222,223,227,225,221,219,219,225,225,219,218,216,218,216,221,218,214,213,214,218,218,214,212,212,211,210,213,212,209,207,206,208,212,204,204,202,203,199,202,206,197,197,196,196,205,194,194,193,191,191,190,199,190,188,187,187,196,189,187,184,186,185


177,183,176,176,177,176,179,177,182,176,177,177,177,187,180,182,181,182,186,183,188,182,183,184,184,195,189,187,189,189,193,188,191,185,185,186,188,199,196,199,207,217,231,241,261,276,290,307,325,348,359,373,385,399,414,423,438,448,458,468,481,493,509,513,522,531,540,550,554,568,566,572,576,582,593,586,588,591,594,600,599,609,605,612,617,623,638,634,642,648,655,663,666,678,676,679,683,686,696,692,690,691,688,689,685,687,678,673,668,664,668,659,653,650,646,645,639,643,636,632,629,626,631,627,620,618,614,614,607,606,601,594,589,583,581,583,569,562,558,552,550,538,539,526,520,515,509,512,498,492,483,477,475,465,462,447,440,431,424,424,407,396,388,376,370,356,351,335,325,314,305,307,288,281,272,265,265,255,256,246,243,240,238,245,238,234,234,230,232,229,231,226,223,223,222,227,227,223,220,222,223,221,219,221,217,215,216,218,223,216,216,214,213,217,211,218,210,209,210,210,218,209,209,207,206,210,206,207,203,201,201,200,210,199,198,198,195,199,194,199,193,191,190,191,200,192,191,190,189,192,187,191,185,185,183,185


179,176,175,182,176,177,177,182,178,176,183,178,183,179,177,183,183,181,183,188,185,183,188,189,188,186,187,185,193,188,188,193,190,189,188,193,190,193,193,199,210,217,229,244,263,278,295,318,329,348,358,373,394,402,413,426,445,452,463,481,486,502,507,518,532,537,545,553,565,569,573,586,584,592,590,592,599,599,600,606,612,611,615,625,625,633,635,641,649,658,661,667,676,679,684,689,695,693,696,695,696,702,696,695,693,689,686,682,683,672,670,663,659,661,652,649,648,647,643,639,645,635,636,630,627,628,621,618,615,613,606,602,603,592,590,582,576,575,563,558,551,549,539,533,532,521,519,507,503,501,490,483,476,474,462,454,451,439,432,419,408,397,394,380,370,364,351,338,327,322,310,299,289,278,279,268,261,260,254,248,245,248,241,241,235,235,237,231,230,229,233,226,227,230,225,226,221,222,225,221,220,220,225,219,220,224,217,219,215,215,219,215,215,213,218,213,212,217,212,215,210,208,212,210,205,208,209,205,205,206,202,205,200,197,197,204,197,196,200,195,193,192,198,193,192,190,189,193,190,188,190,188,186,186,190,185


175,175,175,184,176,175,176,176,175,178,186,177,179,177,179,187,181,180,181,182,183,184,192,185,185,185,186,196,189,189,187,188,186,187,194,187,188,190,193,206,209,215,227,242,257,275,299,313,326,342,359,374,392,398,411,422,435,448,462,478,483,493,503,516,530,533,540,549,557,564,572,582,580,583,584,589,601,594,594,599,602,604,609,624,620,624,630,637,653,649,655,662,667,671,678,690,687,687,689,692,699,694,690,687,687,683,680,685,672,666,663,659,662,654,648,644,640,638,637,639,637,628,627,625,626,626,615,612,608,604,601,599,597,587,581,576,574,572,559,552,547,540,535,530,529,517,511,503,498,500,485,479,472,465,458,451,449,433,425,416,406,406,388,376,366,357,347,337,334,316,305,297,288,289,274,266,260,255,250,247,253,244,239,237,236,238,236,230,228,227,227,226,228,230,223,223,221,222,227,220,221,218,219,217,220,222,216,216,215,217,223,215,214,213,212,212,214,216,209,209,210,208,217,207,206,207,205,204,202,210,200,201,200,199,206,197,197,195,193,193,194,201,191,190,191,189,196,189,188,188,187,185,186,192,187,185