
175,178,180,175,174,175,175,182,182,178,178,177,178,177,185,178,179,179,179,185,184,183,182,184,183,184,192,186,185,185,185,188,188,187,185,184,185,187,198,193,199,205,217,231,252,266,276,292,308,321,341,350,358,372,382,396,411,422,427,439,449,458,472,482,485,493,499,507,521,525,526,532,536,539,544,551,545,549,551,553,563,565,564,568,572,578,582,597,594,600,605,612,623,628,630,632,635,639,643,653,643,643,641,640,640,640,632,626,622,618,613,618,606,602,597,596,594,597,592,587,583,583,580,586,577,573,571,567,562,567,562,554,549,545,540,539,537,524,518,513,509,508,503,492,488,481,475,475,471,457,454,448,442,440,433,422,414,406,399,392,389,371,363,353,345,342,332,320,310,300,291,283,282,265,259,254,249,248,245,240,236,233,232,230,237,226,224,223,221,219,225,223,219,219,217,216,223,216,214,214,213,212,220,218,212,212,213,213,214,216,210,208,209,208,213,213,209,206,208,207,208,211,202,202,202,202,206,206,200,201,200,199,200,201,195,194,193,191,197,196,191,191,191,191,189,195,186,187,186,187,189,189,187,186,184,184


177,185,177,176,176,177,178,178,180,176,176,175,176,187,180,178,181,180,181,184,185,180,181,181,183,189,187,187,185,185,185,188,190,185,183,185,184,187,198,194,199,210,219,236,249,263,275,292,307,323,348,350,362,375,386,402,409,425,429,439,449,461,481,480,490,498,504,516,519,531,528,534,539,542,555,549,551,553,556,559,562,571,568,571,577,582,596,594,598,606,611,618,624,634,633,636,640,643,654,650,650,648,649,645,646,645,636,630,627,623,617,622,609,606,605,601,603,600,594,591,588,585,584,593,581,578,575,571,573,564,565,556,553,547,543,548,536,528,525,516,517,507,506,494,490,484,478,482,470,463,458,450,447,440,436,423,415,408,400,400,385,375,368,357,349,341,333,321,309,301,291,291,277,269,261,255,252,250,245,239,235,233,232,229,235,228,227,225,223,225,223,221,218,218,217,215,226,216,216,217,216,219,213,218,212,212,212,211,220,212,211,209,209,214,210,213,206,206,206,205,214,205,205,204,204,205,203,205,201,199,197,199,205,198,197,197,194,194,194,196,190,190,190,190,196,191,189,189,189,187,190,191,184,184,182,182


181,177,177,175,176,176,181,180,175,176,176,182,179,180,179,179,179,179,184,183,182,181,181,187,185,188,185,185,184,184,189,185,186,183,183,183,188,189,190,192,199,207,221,233,250,260,275,292,315,325,335,348,360,373,383,399,411,417,428,439,455,465,470,479,486,493,501,515,520,523,529,533,542,544,545,545,546,550,553,561,563,561,566,570,581,582,585,591,595,602,609,621,623,627,631,636,644,644,649,646,646,646,645,649,643,640,635,630,624,623,620,611,607,603,602,603,597,598,591,589,586,592,588,580,578,576,573,570,569,566,560,556,550,552,545,536,530,526,521,515,516,508,498,494,489,490,481,472,467,461,454,450,447,441,430,422,415,412,403,394,382,374,366,356,352,342,329,318,310,304,293,286,275,267,260,254,255,248,243,239,237,234,235,235,229,226,225,224,227,221,225,219,218,218,224,221,217,216,214,213,216,216,217,212,212,212,217,217,211,210,210,211,210,214,213,207,208,207,212,211,208,206,205,202,203,207,204,202,201,200,204,201,199,197,194,194,195,198,197,192,192,191,194,190,193,188,188,187,186,191,188,187,184,183,184,185


176,175,175,175,176,185,176,176,176,176,184,178,179,178,177,177,179,188,180,181,180,181,188,189,184,183,185,183,184,194,185,184,186,185,189,190,186,187,190,192,201,212,223,231,245,260,276,300,306,322,334,347,361,375,390,396,406,417,428,449,450,460,469,478,486,495,511,509,516,522,528,542,537,539,542,545,546,550,561,554,559,560,566,577,576,579,583,588,595,600,618,616,618,625,629,640,642,641,643,643,645,644,652,643,639,636,633,632,630,619,615,610,607,603,608,602,594,593,589,590,594,585,581,578,576,574,577,575,565,563,559,554,560,545,541,535,531,526,522,523,511,505,500,493,497,484,477,472,465,461,454,460,443,437,429,423,422,410,399,390,383,374,365,364,346,338,329,319,315,306,291,281,275,267,260,263,249,246,241,239,239,239,233,229,227,225,224,226,225,222,220,220,219,226,219,216,215,216,214,219,218,214,213,212,212,221,212,210,211,211,209,209,219,210,208,208,208,216,208,205,205,205,204,203,211,201,200,199,201,206,201,197,198,196,196,196,203,193,193,192,192,196,193,191,190,190,187,187,193,185,186,186,184,188,190,183


181,173,175,175,180,181,178,177,178,181,178,178,183,177,176,177,182,186,182,181,182,184,184,181,188,182,184,184,188,190,186,186,185,185,189,185,190,185,187,193,200,212,220,231,244,260,279,292,310,319,331,346,359,374,390,395,406,415,431,435,448,458,464,474,482,496,506,505,513,521,527,528,531,542,537,541,544,551,555,552,554,558,565,564,570,580,579,584,592,601,610,611,615,620,627,631,632,643,638,639,641,644,646,639,636,632,628,626,618,620,609,607,602,601,603,596,592,590,586,587,581,584,578,575,572,570,572,572,562,559,554,556,547,544,539,530,528,521,521,518,506,501,496,494,485,480,479,469,461,457,455,452,440,434,426,422,414,404,401,387,378,371,366,359,347,337,327,320,310,300,294,280,274,265,264,259,251,245,243,240,240,233,235,230,227,225,226,226,225,222,221,221,222,217,222,215,214,215,214,218,220,214,214,214,217,211,214,214,210,210,209,213,216,210,210,207,211,208,206,211,204,202,202,206,209,202,201,202,204,200,199,204,196,195,193,198,198,194,193,192,195,192,190,194,189,187,188,190,193,189,187,185,186,189,185,188