
189,204,189,185,188,186,185,191,201,185,184,185,188,206,189,187,186,187,187,188,202,189,187,186,189,206,190,190,189,191,189,191,208,192,189,191,192,206,196,195,198,206,212,220,243,242,247,259,271,291,302,301,309,320,329,337,358,367,367,378,386,399,419,413,421,430,437,443,460,468,463,469,475,480,497,487,488,492,494,496,504,521,511,514,520,524,549,538,544,549,554,562,571,592,580,584,588,593,612,600,598,598,600,597,598,614,595,591,585,585,594,581,576,572,570,567,565,581,564,561,561,559,566,565,555,552,549,543,544,551,544,532,530,527,526,533,515,508,505,497,495,495,496,479,474,471,467,478,454,448,444,439,432,427,437,413,407,400,392,403,378,368,361,351,346,338,346,319,310,303,295,302,280,272,266,259,255,252,264,246,243,239,240,251,242,234,231,231,228,228,243,229,224,225,223,234,234,223,221,223,222,220,232,228,218,218,220,222,232,218,217,219,217,215,225,225,214,213,213,215,231,216,214,210,212,211,215,224,209,209,207,208,225,208,205,205,205,202,203,216,202,199,197,200,215,202,200,198,198,197,195,213,195,193,194,194


197,194,186,187,185,184,185,199,190,186,185,187,193,200,189,187,185,186,187,197,198,187,188,188,193,205,189,188,188,189,191,195,202,189,189,191,193,206,194,197,201,203,211,225,244,238,247,259,271,298,294,300,311,321,329,340,364,358,369,377,385,410,410,414,419,430,437,443,469,460,463,469,474,488,489,483,487,492,495,497,515,512,509,515,518,531,543,537,544,547,553,561,576,585,577,581,588,598,609,596,596,597,600,599,605,608,593,590,584,585,594,576,575,570,569,568,570,579,563,559,559,559,573,556,552,551,548,546,545,559,536,534,528,527,537,521,514,507,505,500,493,507,487,480,473,470,473,470,454,450,444,439,431,440,424,414,406,400,398,398,377,368,359,353,345,345,339,320,309,300,296,299,278,271,265,259,254,256,259,246,240,239,242,253,236,235,231,231,230,233,240,226,225,226,226,240,226,223,221,223,223,221,236,221,221,219,221,231,224,219,219,219,218,220,233,220,216,216,216,223,223,215,214,214,211,209,220,217,208,209,207,214,220,206,206,203,204,204,209,211,200,201,200,203,214,201,199,199,198,196,201,207,197,193,192,195


203,191,187,186,186,185,188,203,189,185,188,185,197,195,188,187,185,186,186,201,192,189,185,190,196,201,190,191,190,188,190,200,201,189,189,189,196,207,196,197,198,204,213,227,240,239,247,257,274,295,291,302,311,320,329,343,365,358,368,377,388,414,407,413,419,427,438,444,470,459,463,469,474,492,485,485,488,490,494,499,519,509,510,513,518,536,541,538,541,547,553,561,580,578,577,582,588,599,608,598,599,599,599,599,606,608,591,588,587,588,594,577,574,570,571,566,570,578,563,560,560,559,573,556,552,549,547,546,549,556,536,534,530,526,541,521,511,508,502,498,494,506,486,479,473,468,480,464,456,449,441,439,432,442,422,414,407,398,400,398,378,370,359,353,345,346,335,319,309,303,302,297,278,269,266,259,255,258,257,244,242,240,244,250,236,235,232,231,230,234,240,228,225,224,225,242,226,224,221,223,221,225,238,222,220,221,221,237,220,218,217,218,219,219,235,216,214,215,215,229,221,215,214,212,210,211,225,212,207,209,209,217,218,205,207,205,203,204,212,208,200,200,198,204,212,201,197,197,197,195,204,207,195,192,195,199


196,188,186,186,186,187,199,192,186,188,187,197,200,189,189,185,187,187,197,195,190,188,190,192,205,191,190,190,191,191,196,208,189,189,191,191,208,193,195,196,202,206,214,235,229,240,249,260,290,283,293,303,310,322,331,359,351,358,369,376,403,399,405,413,420,427,437,462,453,459,463,470,484,487,483,483,489,490,496,512,509,507,511,515,528,538,532,536,544,550,557,572,577,573,578,583,592,609,597,597,598,598,601,604,615,594,593,590,586,604,581,578,573,570,569,571,583,565,561,561,560,576,560,557,552,553,547,548,562,541,538,533,530,541,527,518,512,509,502,500,512,494,484,480,476,479,474,459,455,448,444,439,442,436,420,414,407,408,406,386,378,370,360,353,351,349,329,320,312,304,310,286,279,272,264,260,258,269,247,244,242,241,257,239,237,235,233,230,232,247,230,226,227,227,242,229,226,224,224,223,222,240,222,222,221,219,233,225,221,217,218,218,220,233,218,216,216,216,226,223,215,215,213,213,213,224,220,211,210,208,211,221,207,208,205,205,204,210,213,201,199,200,204,216,201,199,198,198,197,201,213,195,196,195,194,212


191,199,186,187,189,191,191,193,196,187,187,192,187,200,188,189,186,187,194,193,201,188,187,194,191,205,192,189,189,190,197,192,204,192,192,196,192,205,194,197,202,208,219,220,241,240,250,266,274,293,296,303,310,321,337,342,362,359,366,380,387,401,412,413,421,431,440,445,461,460,462,469,479,479,494,486,489,491,496,502,505,517,509,513,526,526,544,536,543,547,555,569,570,585,579,584,593,591,607,595,598,598,598,605,598,610,593,587,593,582,593,577,574,573,569,573,568,577,562,560,563,560,567,558,551,551,548,550,545,552,540,534,532,528,526,527,515,506,505,505,496,497,487,480,473,476,467,471,452,447,442,437,436,430,430,412,407,406,393,399,376,368,363,353,351,339,340,319,309,307,295,297,280,272,268,261,262,254,260,248,244,247,240,249,240,235,235,232,237,230,240,227,226,231,228,232,227,223,223,224,225,224,233,224,220,224,224,221,227,221,217,219,221,219,225,223,216,213,222,217,225,213,212,214,214,218,213,220,211,207,215,208,221,207,207,207,205,210,205,216,201,200,204,200,214,200,200,197,197,204,199,208,195,196,199,195