
173,170,173,170,172,171,174,173,172,172,173,176,173,171,174,172,172,173,177,177,175,175,177,179,176,177,179,178,176,176,181,180,178,179,179,180,180,180,182,186,189,197,207,222,231,244,258,272,289,298,307,325,333,344,357,368,384,390,400,412,424,431,439,454,459,467,477,487,495,498,504,511,517,518,521,527,527,531,534,543,544,546,551,555,563,566,570,580,582,589,597,606,614,617,621,625,632,632,635,639,638,639,639,640,640,634,631,625,622,618,613,610,608,602,601,598,601,596,592,590,589,589,584,580,584,575,574,570,568,569,562,556,551,550,542,536,535,526,522,516,515,509,501,495,490,486,479,471,467,459,454,449,444,439,428,422,414,409,398,388,383,372,363,353,348,337,327,317,307,301,289,279,273,263,256,251,246,246,241,237,233,231,231,226,224,225,220,219,218,221,221,217,216,216,216,213,209,214,211,210,210,210,214,210,209,209,211,208,207,208,206,205,206,207,206,205,205,203,205,202,200,203,199,197,197,201,200,198,197,196,198,194,192,193,191,190,190,192,192,188,188,187,188,188,185,185,183,182,182,182,187,183,181,181,180,182


177,175,172,172,169,177,175,172,171,173,171,170,176,174,173,174,172,176,177,175,176,176,175,174,179,179,177,178,177,180,182,180,178,177,177,177,179,180,185,186,191,200,208,223,231,243,255,270,285,298,312,322,334,348,357,371,379,389,399,409,420,431,443,449,458,469,479,486,490,497,503,508,511,522,525,524,528,529,538,541,540,544,548,552,558,566,573,575,582,589,599,604,607,614,618,622,626,635,634,638,636,637,640,638,637,631,627,622,619,618,612,611,605,602,602,596,597,592,590,586,585,586,584,583,578,576,574,571,570,563,559,554,550,545,544,540,532,526,520,520,514,505,498,492,486,479,479,473,465,459,451,450,444,435,428,419,413,405,399,390,381,371,363,354,348,337,326,317,307,297,291,279,275,265,258,254,248,246,240,235,231,230,230,226,228,223,222,222,220,222,218,215,215,213,213,214,216,212,210,212,213,214,209,209,207,207,204,212,209,206,206,203,210,208,205,204,203,201,201,203,204,200,200,199,200,202,198,196,197,196,195,195,194,193,192,190,192,192,191,187,189,186,184,186,184,188,183,183,186,183,185,180,180,180,179,179


172,172,171,173,174,170,171,172,174,173,173,175,173,173,173,174,177,172,173,173,176,176,175,180,177,177,177,176,184,178,176,179,175,180,177,182,180,180,182,184,197,199,206,216,228,244,257,270,288,297,310,321,334,347,355,365,376,389,397,407,421,430,438,448,459,468,472,480,486,498,500,506,513,516,518,523,526,531,531,534,537,544,546,551,559,562,568,574,580,591,592,599,603,609,618,621,628,628,630,633,631,642,634,632,631,627,628,620,620,615,608,604,603,604,598,592,590,589,590,586,584,585,579,577,576,575,572,565,563,558,558,552,548,546,538,535,529,526,523,513,508,501,498,490,485,483,474,469,463,459,455,445,438,432,427,419,410,408,397,387,379,368,368,351,343,333,321,318,306,300,289,281,270,263,264,250,246,240,237,239,233,232,230,226,225,222,225,222,217,217,215,215,215,213,216,213,213,212,213,214,209,208,209,210,208,208,210,208,208,207,208,208,205,203,203,206,204,202,205,202,202,200,200,204,198,198,197,196,197,196,198,194,193,192,190,197,190,188,187,185,190,187,190,187,185,185,183,188,183,181,181,181,181,181,180,183


171,171,176,173,171,172,172,175,175,172,172,172,171,172,174,176,174,173,174,176,178,175,176,176,176,177,179,180,178,177,178,180,181,178,178,178,178,180,183,189,191,198,207,219,235,243,256,269,284,297,308,328,333,345,356,365,386,389,399,409,419,429,436,457,458,467,475,481,497,497,502,508,513,516,519,527,530,529,532,537,543,548,548,553,557,562,569,577,585,587,595,602,610,616,618,621,625,629,632,638,640,636,636,635,636,635,626,622,618,614,609,608,608,600,598,597,596,596,590,587,584,583,580,577,585,576,573,568,564,569,559,554,549,545,540,535,537,527,521,514,510,509,501,492,488,480,474,469,468,462,453,447,441,437,431,419,413,405,397,387,382,375,362,352,345,338,330,316,308,296,287,279,273,267,258,251,246,245,243,237,233,230,229,225,224,227,221,219,219,218,223,217,216,215,212,212,209,219,211,212,211,207,217,210,208,209,207,208,206,210,208,205,204,204,208,208,204,202,202,202,201,202,204,200,199,198,199,200,196,196,194,194,193,193,194,189,189,188,190,191,188,186,186,184,183,186,187,182,183,181,183,185,181,180,180,178


172,174,172,171,174,173,174,172,171,173,172,171,172,177,173,173,173,176,177,175,174,172,179,175,177,179,179,177,176,181,179,179,178,176,180,178,178,181,186,186,191,200,207,220,230,242,257,269,284,297,312,321,333,346,355,369,376,387,399,408,419,429,441,447,456,468,473,484,487,494,503,506,512,514,522,522,525,531,532,538,539,541,547,551,555,561,570,574,580,584,597,602,605,610,613,625,624,629,632,635,635,634,639,634,634,629,624,624,617,613,609,608,603,599,599,594,594,589,586,588,583,580,580,580,576,572,573,567,567,559,556,556,548,543,540,538,529,524,522,514,512,502,497,493,486,479,474,473,463,457,453,447,442,433,425,417,415,403,395,390,379,369,359,356,346,335,324,312,310,296,287,280,276,263,256,254,247,245,238,235,233,229,228,228,228,223,221,221,219,221,217,214,216,214,215,213,215,213,211,211,210,213,209,208,209,208,208,208,209,208,206,206,206,208,204,203,204,204,201,202,204,201,200,199,200,200,197,195,192,200,194,195,195,195,192,189,193,190,188,186,185,188,186,184,185,187,183,183,184,181,183,182,181,181,181,178