
176,177,175,180,173,175,178,175,179,176,175,177,177,182,178,183,177,179,182,180,185,182,180,181,183,186,184,186,183,183,185,183,186,183,181,183,183,187,188,195,196,205,218,232,247,265,280,298,317,337,348,368,379,391,405,421,428,448,455,467,478,489,502,511,525,529,538,550,554,567,567,571,575,580,586,585,596,591,594,600,602,609,608,613,618,624,633,638,649,651,658,666,671,679,680,685,687,692,694,694,700,695,695,694,692,692,684,680,674,671,670,663,662,654,650,649,647,644,642,638,634,632,633,629,629,622,619,616,615,607,608,600,594,588,584,582,574,570,561,555,553,543,541,530,524,517,511,509,498,496,485,478,476,464,460,448,438,430,421,417,402,395,383,372,365,352,344,331,321,310,299,293,281,276,266,258,257,249,249,242,238,236,236,235,231,232,226,224,224,224,224,224,221,220,220,221,219,220,218,216,216,218,213,220,213,212,214,214,217,212,215,210,210,214,210,213,208,209,207,209,211,205,211,204,203,206,203,205,202,200,199,200,203,197,199,196,195,196,193,195,192,192,190,189,194,188,191,187,186,189,185,188,186,183,184,183


174,173,176,175,175,173,178,178,174,174,175,176,176,176,180,177,178,178,181,182,179,180,179,179,186,181,186,182,183,182,182,186,181,179,180,180,187,183,188,189,194,202,211,229,242,254,268,285,304,316,332,348,359,370,383,398,410,417,427,439,453,460,470,482,487,496,503,516,522,523,527,533,540,541,544,551,548,552,555,561,563,564,567,570,578,583,587,598,600,607,612,622,629,631,635,638,642,652,650,653,652,652,651,650,650,645,637,634,629,629,620,619,614,608,607,603,606,602,594,593,591,594,588,585,586,579,577,572,575,571,563,557,553,554,545,540,539,530,524,519,517,511,501,495,490,489,479,474,471,462,455,450,446,440,428,420,413,407,399,388,385,371,362,354,345,337,324,314,304,295,292,280,274,264,256,251,243,247,240,234,232,229,232,227,227,225,222,219,219,223,220,215,214,215,216,215,213,218,214,212,212,215,213,210,208,209,213,210,208,212,209,206,207,209,209,205,204,205,207,204,203,207,202,202,201,203,202,197,197,197,196,199,195,199,193,192,191,193,194,189,188,188,187,191,189,190,188,185,185,184,188,185,182,181,182,184


172,173,178,175,174,178,175,176,176,178,175,178,173,177,178,177,178,178,182,179,179,184,182,184,182,181,181,186,183,182,186,182,183,183,183,184,180,182,185,193,195,204,219,228,242,256,281,294,308,323,337,356,366,380,395,405,417,427,445,453,462,471,481,496,501,510,521,525,532,540,549,550,555,555,559,567,567,567,572,574,577,581,589,590,596,598,605,613,619,624,632,640,643,650,658,660,665,667,668,668,675,670,671,670,666,662,659,658,651,644,638,634,636,628,625,625,618,616,613,618,612,608,605,602,603,597,594,594,588,584,580,579,573,567,559,555,556,545,539,536,528,521,516,514,505,500,493,485,483,473,468,463,457,448,442,435,425,421,407,398,391,381,372,362,357,343,332,325,312,304,292,283,272,271,260,254,253,244,241,237,239,236,230,228,225,228,224,222,226,220,218,218,223,219,216,214,214,217,213,214,216,213,213,213,215,212,212,209,209,213,210,208,212,209,208,206,211,205,208,204,203,206,204,203,204,203,201,200,203,198,200,198,196,196,197,193,192,197,191,191,193,189,193,189,188,186,192,186,186,190,184,184,181,188,186,183


174,176,176,174,176,174,174,174,177,176,178,175,177,176,181,177,179,178,178,179,181,181,186,183,182,183,185,183,181,186,182,182,182,184,184,183,181,184,190,190,194,206,214,227,242,261,279,292,309,325,342,354,367,385,393,405,418,433,446,454,465,475,487,494,503,516,519,528,534,546,550,554,556,561,565,568,569,574,574,577,580,586,589,597,598,602,609,619,622,630,636,640,647,653,661,668,667,669,671,676,675,674,679,669,668,667,665,663,652,649,642,642,634,630,632,624,622,621,622,620,613,610,609,609,603,601,601,592,590,586,587,584,574,569,563,562,553,547,545,535,529,524,522,517,508,501,496,489,484,475,474,463,456,450,444,434,432,418,411,400,395,381,373,365,352,341,334,325,317,303,295,286,279,266,259,259,249,244,241,241,238,235,233,230,231,226,222,226,220,219,220,221,221,219,216,217,218,216,214,216,212,213,212,216,215,212,211,211,214,211,208,211,208,208,207,212,208,208,206,206,206,206,204,206,201,200,200,203,199,204,198,198,197,199,194,193,196,191,192,191,194,195,190,188,189,192,187,185,191,184,183,183,186,187,183,182


174,174,173,178,175,174,175,173,180,180,176,176,175,176,176,182,182,177,180,179,184,186,181,182,182,181,182,186,187,181,183,181,182,190,182,181,181,183,184,190,202,204,214,227,242,267,276,292,309,324,339,353,376,380,393,404,416,436,442,451,461,472,482,493,510,510,517,526,535,545,549,550,554,558,561,563,571,572,570,575,577,586,591,591,595,600,604,612,623,630,633,638,644,652,661,660,663,667,667,671,676,675,671,669,667,663,669,655,650,645,640,635,633,637,627,623,621,617,623,614,610,607,605,602,600,608,595,593,589,585,587,579,571,567,561,555,551,553,541,533,528,523,522,516,504,498,492,485,481,479,472,462,456,448,443,439,425,417,407,398,391,385,376,362,351,342,332,330,313,304,293,283,274,270,266,254,248,245,239,246,237,232,231,229,226,223,233,223,221,219,219,225,220,218,217,215,215,213,222,214,213,212,213,216,213,212,211,209,210,209,214,209,208,208,208,211,212,207,207,204,205,204,207,207,202,201,200,203,204,198,197,198,197,196,199,198,192,191,191,189,197,189,188,189,188,187,189,191,184,186,183,184,191,183,182,182


174,173,180,176,174,176,175,176,176,178,174,174,175,176,185,178,178,178,178,179,184,184,179,180,181,181,187,188,184,184,184,181,186,186,181,180,180,182,189,194,197,205,214,227,246,259,275,292,307,323,338,364,368,380,394,406,421,429,444,452,462,475,483,502,503,512,521,527,537,543,552,552,557,560,563,573,570,572,573,576,580,586,592,590,597,602,608,622,622,628,634,640,647,655,661,662,666,668,670,677,677,675,672,672,669,668,666,658,652,646,643,640,640,631,628,624,621,624,622,614,612,610,607,604,612,601,597,593,592,589,583,584,574,568,562,560,562,548,542,535,531,528,518,516,506,499,494,489,489,476,471,464,457,450,445,437,426,418,409,400,396,383,373,363,352,342,338,325,312,302,292,283,278,274,262,255,250,245,246,241,235,231,230,228,227,232,225,224,222,220,222,221,219,216,214,215,214,224,215,213,213,214,215,211,216,212,210,211,210,218,210,210,209,208,210,209,209,205,206,205,205,212,204,204,202,202,201,204,202,199,196,196,196,201,197,195,194,192,193,195,194,188,188,187,188,190,191,187,185,184,185,187,187,182,181,180


174,177,175,173,178,174,173,173,177,180,177,177,175,179,177,176,183,177,177,179,183,184,181,182,183,184,184,183,186,182,180,182,184,186,183,182,183,183,189,188,197,203,212,225,241,264,274,289,307,322,340,351,368,376,388,401,415,432,440,448,459,469,482,488,501,507,515,522,529,539,547,545,549,553,561,560,561,570,567,569,572,580,585,587,591,596,604,607,613,625,626,632,639,648,656,655,658,661,664,666,666,671,665,663,659,661,659,650,645,640,635,635,626,626,620,618,614,613,617,610,607,603,601,602,596,596,589,585,583,579,581,574,567,563,558,557,546,543,537,528,524,518,515,513,501,496,488,486,478,470,471,458,451,444,442,436,423,415,405,400,389,378,373,358,348,341,332,326,312,300,292,284,278,265,261,253,248,244,243,244,236,233,231,228,229,225,226,221,219,219,219,224,218,217,215,216,218,214,216,212,212,211,212,215,214,211,212,211,213,210,209,210,207,207,207,209,210,208,206,204,208,204,200,206,201,200,198,203,204,200,198,198,198,196,195,197,192,191,191,193,195,190,188,188,187,190,186,188,185,184,184,183,191,184,184,182