
170,169,174,171,171,170,171,173,170,172,170,170,170,170,177,172,172,173,173,175,173,174,174,172,172,174,177,177,176,175,175,176,177,173,176,174,174,176,176,189,186,191,199,209,223,230,247,255,269,283,294,311,318,329,339,349,362,368,380,389,398,407,417,432,434,442,449,456,466,468,476,479,482,486,490,497,496,498,500,503,508,510,514,517,520,526,531,542,544,550,555,560,569,571,577,580,584,586,590,595,595,594,593,592,590,590,580,582,575,572,567,562,571,560,556,554,553,554,545,550,544,542,541,539,543,535,532,529,528,527,520,519,512,507,504,499,502,490,487,481,476,474,465,462,455,449,445,439,442,430,426,419,413,410,402,395,386,379,372,365,361,350,341,334,324,319,308,299,290,281,272,265,260,254,245,241,237,233,231,223,225,221,219,218,214,223,215,214,213,212,213,206,212,206,206,205,206,211,206,206,206,205,207,204,204,201,202,201,201,205,201,203,201,200,203,199,199,198,197,197,197,202,198,196,195,195,196,193,193,192,190,190,189,195,190,189,188,187,188,186,185,184,182,181,182,184,185,183,182,181,180,181,176,181,176,176


171,172,173,171,169,170,170,173,174,173,172,173,172,174,175,172,172,171,174,173,176,178,176,176,176,176,178,179,175,175,175,173,180,180,176,176,177,177,181,186,187,193,202,213,228,243,254,269,284,297,313,325,335,347,359,370,384,398,405,416,426,437,448,458,465,472,482,488,499,507,510,514,519,521,527,531,531,533,535,539,545,549,551,555,560,565,572,582,583,589,595,601,609,616,623,624,627,630,634,637,639,635,634,633,631,634,628,621,616,612,608,605,605,597,594,591,589,591,589,584,581,580,577,578,575,570,566,563,561,560,558,551,545,541,535,533,528,520,516,509,503,500,496,489,482,477,471,467,462,453,448,441,435,431,425,417,408,401,391,385,378,365,356,347,338,331,322,315,302,292,283,274,268,261,252,245,242,235,239,235,230,227,226,224,222,223,218,215,215,213,216,217,214,213,211,211,214,211,208,207,208,206,208,210,208,207,207,205,208,206,204,203,203,202,205,206,202,202,202,200,202,202,198,197,196,197,197,198,197,194,194,192,193,194,190,189,188,187,187,188,190,186,186,185,184,184,185,182,180,180,177,184,183,179,180,179


171,172,171,172,172,171,171,172,175,171,172,171,172,173,173,176,173,172,174,174,177,175,175,176,176,177,179,178,176,176,176,179,177,177,175,175,177,178,182,184,188,194,202,216,226,239,253,268,283,295,311,324,333,345,358,373,382,391,402,413,423,433,446,455,462,471,479,489,496,501,506,510,514,518,525,527,529,531,533,536,541,547,547,550,556,560,567,575,585,585,593,598,605,613,615,619,623,626,629,634,636,631,633,630,632,626,622,616,613,608,605,604,600,594,592,589,589,588,581,579,577,575,573,575,573,567,563,560,559,557,551,545,541,537,532,531,525,519,512,507,504,498,491,485,479,473,467,465,460,453,445,439,433,429,424,413,405,397,389,382,373,368,354,346,337,330,323,310,301,291,282,275,267,262,252,246,241,240,236,232,228,226,224,223,223,220,218,216,215,217,215,211,212,211,211,211,213,210,209,208,207,209,210,206,207,206,206,205,207,207,205,203,203,204,204,203,202,201,199,200,202,201,198,197,198,198,197,198,194,194,194,194,192,192,195,189,188,188,187,191,187,185,185,184,183,185,187,182,182,180,182,180,180,179,178,178


171,170,174,171,171,171,170,176,172,172,171,172,171,172,176,173,172,172,173,178,175,174,174,175,175,175,180,176,175,177,176,180,177,175,175,176,175,177,182,184,187,194,202,215,230,239,253,267,282,296,308,326,334,347,358,369,385,391,401,413,422,434,443,459,462,471,479,487,499,499,505,509,514,518,521,531,529,531,533,536,545,544,546,550,556,561,566,578,580,585,592,599,610,609,614,619,623,625,628,637,633,632,631,630,633,625,621,617,612,607,603,605,598,593,591,587,589,586,581,579,577,575,573,572,574,566,565,560,558,560,550,545,541,536,532,527,529,518,512,507,502,501,491,485,480,474,469,463,463,451,445,439,434,433,420,414,406,397,388,381,379,364,356,345,337,333,319,309,300,291,282,275,271,258,251,245,242,242,235,232,228,226,224,222,223,220,218,215,215,217,216,213,211,210,211,210,209,214,209,207,208,208,211,207,206,205,206,206,205,209,204,203,203,203,208,201,202,201,201,199,200,202,199,196,197,196,200,195,195,194,193,192,191,195,191,189,188,189,191,187,186,185,185,184,183,189,183,182,182,181,185,180,179,179,179,177


173,175,171,172,171,171,173,173,171,171,171,171,173,176,174,173,174,173,176,174,175,174,173,174,174,181,177,176,178,177,175,177,179,175,174,175,173,180,183,183,189,193,202,216,227,238,251,266,281,296,312,321,333,346,356,371,379,389,400,410,421,434,445,451,460,468,477,488,492,498,502,507,512,519,523,522,526,528,531,537,540,541,545,548,553,561,569,571,578,583,589,597,602,607,612,615,619,621,632,629,630,629,629,627,626,626,617,613,609,604,606,601,594,591,588,585,587,585,577,577,575,573,573,571,568,564,561,559,557,552,546,544,538,535,532,529,522,515,510,505,502,496,488,482,477,472,468,464,455,449,445,439,434,427,417,411,402,396,389,384,372,363,354,346,338,328,319,309,299,290,278,279,267,257,251,246,241,238,238,230,227,226,222,226,224,220,219,215,215,216,215,212,211,210,210,211,213,209,209,208,209,209,208,206,206,206,205,207,209,205,205,204,204,206,203,201,199,200,200,200,204,199,198,197,197,200,196,195,194,194,193,193,195,192,190,190,188,191,187,188,185,183,183,183,189,185,183,183,182,181,182,183,179,178,178,176


176,171,171,170,171,170,168,179,170,171,171,169,178,173,172,172,173,173,173,180,175,173,175,176,180,175,177,176,177,175,176,180,176,175,175,175,180,178,179,183,187,194,203,217,226,239,253,267,288,296,309,322,334,346,357,374,380,392,403,412,428,435,444,452,461,471,479,490,495,499,507,511,515,523,522,524,527,529,533,535,548,543,547,552,556,568,567,573,578,584,591,597,612,610,615,621,623,633,629,630,630,631,632,629,633,625,622,618,612,613,605,601,597,593,590,588,591,584,583,580,577,582,575,571,568,565,562,561,562,555,551,547,542,542,534,527,522,517,511,506,505,498,492,485,480,476,472,462,457,450,445,439,431,433,421,413,405,395,397,381,372,363,354,345,336,336,319,309,301,291,288,275,266,259,252,245,241,242,235,231,228,226,230,223,220,219,218,217,214,217,214,212,212,211,215,212,209,209,208,207,208,211,208,206,206,206,209,207,204,204,204,204,203,206,204,201,201,201,202,204,199,199,198,198,197,195,202,195,194,194,191,199,192,191,190,190,187,185,193,185,185,185,185,189,183,184,181,181,181,180,186,180,179,179,178,184


172,172,171,170,170,170,175,171,171,172,171,176,174,172,172,172,172,174,179,173,174,173,174,178,177,175,175,177,176,177,177,177,176,174,176,176,181,178,178,183,188,194,202,218,225,239,253,268,287,296,310,320,334,346,359,372,379,391,401,413,428,434,443,451,461,470,478,491,493,500,506,510,519,518,522,523,526,530,532,542,540,543,546,550,561,561,568,573,579,584,591,603,603,609,613,618,626,627,628,630,630,631,630,632,630,624,621,616,613,613,604,599,596,592,591,588,591,583,582,579,577,579,572,570,569,565,562,560,562,553,550,547,541,542,531,527,522,516,511,507,506,496,491,485,479,479,468,462,457,450,445,439,438,426,420,413,405,402,389,381,373,363,355,346,342,327,318,310,301,295,283,272,265,257,252,246,246,240,233,231,229,227,228,222,221,220,217,216,215,219,214,212,211,211,215,209,209,208,207,208,208,211,207,207,206,205,210,206,205,204,204,204,204,208,202,201,201,200,206,201,200,199,199,197,197,201,196,194,194,193,198,192,192,192,190,188,189,192,188,186,185,185,189,186,184,183,183,182,182,184,182,181,178,179,180,182