
178,177,183,177,178,183,176,177,177,181,184,178,179,178,183,179,180,185,178,179,180,183,190,183,181,182,187,183,181,190,181,181,182,187,190,183,183,185,190,192,195,208,209,221,235,250,270,279,296,308,324,339,347,366,373,385,396,408,427,433,441,450,461,473,478,490,498,503,511,517,526,536,532,535,539,545,544,548,556,551,556,559,569,576,574,578,586,596,598,602,616,616,622,628,637,646,641,646,648,652,651,649,655,647,645,642,643,640,629,626,621,619,613,609,611,603,600,597,597,601,592,588,588,586,585,579,583,572,569,565,564,569,558,549,546,541,538,530,527,521,512,507,501,503,498,485,480,475,473,462,455,458,442,436,431,427,423,407,400,391,385,373,362,359,344,333,325,320,313,297,289,281,274,263,257,256,245,242,238,240,241,234,230,229,230,226,222,228,220,217,218,221,224,220,218,217,215,219,214,220,214,211,212,212,220,213,212,212,212,216,210,211,212,207,207,208,212,215,207,206,205,211,206,203,210,201,201,202,206,208,200,201,200,201,197,197,200,195,192,192,196,199,193,193,191,194,191,189,192,188,187,185,189,193,186,185


176,176,177,185,183,179,179,177,177,183,184,177,177,177,177,184,184,179,180,181,182,185,186,180,181,180,181,189,187,183,184,184,182,186,188,183,182,183,185,194,201,202,210,222,235,249,267,280,290,304,319,331,353,364,369,381,394,406,421,434,437,445,457,467,482,487,493,498,505,513,524,529,526,529,532,538,548,547,545,548,552,554,564,570,567,573,577,585,599,601,604,610,615,623,631,638,637,639,641,642,649,648,643,642,638,636,635,634,623,619,613,608,611,610,602,596,596,593,590,595,588,582,582,579,577,581,575,568,564,561,559,559,556,545,540,536,530,533,524,514,510,503,499,497,493,479,474,470,465,464,457,446,439,434,426,423,417,403,393,386,379,376,366,351,342,334,325,319,311,293,284,276,270,268,262,252,247,242,238,239,239,230,228,225,225,228,228,223,221,219,219,218,222,217,213,212,215,215,220,219,214,213,214,212,216,219,210,209,209,210,216,215,211,210,210,209,212,212,205,204,205,206,212,210,203,205,203,202,205,207,199,199,197,197,204,201,196,195,193,194,197,199,191,190,190,189,196,193,189,189,188,187,189,192,185,184


177,183,182,177,176,178,183,176,177,183,179,177,179,186,183,180,179,178,184,182,182,183,182,181,182,189,186,185,181,183,185,187,184,182,186,183,183,187,189,195,195,201,211,228,235,249,270,279,293,309,331,339,348,360,374,391,397,408,423,430,442,451,468,473,480,488,496,511,511,519,529,529,532,536,547,546,544,548,549,561,558,561,567,571,575,579,592,596,599,602,611,623,625,629,636,640,643,646,655,654,652,651,651,652,649,643,640,637,631,624,622,623,618,610,605,604,609,598,597,600,593,589,587,593,588,581,578,575,578,567,564,565,556,552,546,547,539,531,525,519,521,508,503,500,493,487,480,481,473,462,456,451,449,438,431,428,415,408,398,397,384,374,363,354,349,337,326,320,307,297,288,282,274,266,257,251,249,247,240,236,237,231,230,229,230,228,222,221,221,224,220,220,223,218,218,215,223,218,213,213,214,220,214,213,217,212,213,210,216,213,210,209,208,215,210,208,213,208,207,208,213,210,204,204,202,208,203,203,205,202,199,200,204,203,198,196,194,200,197,194,197,193,191,192,194,194,191,186,189,189,192,188,187,191,186,185


181,184,180,179,177,180,180,176,182,178,177,176,182,184,182,181,181,180,183,180,181,184,179,181,181,187,189,183,185,182,188,182,184,187,183,180,182,188,193,190,195,203,213,221,233,253,262,276,292,310,325,333,346,357,373,382,391,409,413,425,434,450,463,466,475,482,493,499,505,516,516,521,526,532,540,537,540,542,548,548,551,558,557,560,567,574,582,587,590,597,604,614,613,619,629,630,632,638,644,648,644,643,643,644,636,636,637,624,621,618,617,617,605,600,598,600,593,590,595,587,582,583,585,586,575,572,572,571,564,561,564,553,546,543,544,540,530,525,519,519,508,503,503,490,483,480,479,475,466,459,452,448,442,433,430,420,411,403,398,389,383,368,360,351,345,332,322,318,304,295,286,283,275,262,257,251,250,241,238,241,231,230,229,231,232,225,223,223,225,219,217,224,215,214,215,220,222,216,215,215,217,214,211,216,210,210,212,215,217,211,209,209,213,209,209,212,207,206,206,208,211,209,204,203,207,206,202,206,202,200,200,200,200,204,198,196,195,198,192,194,195,191,192,192,195,196,191,189,188,193,188,188,191,186,184,183


178,182,179,178,176,183,177,178,182,177,184,180,180,182,178,179,180,186,180,181,184,182,183,187,183,188,183,184,182,185,185,183,187,181,183,190,184,190,187,190,194,201,217,222,239,249,264,285,294,312,322,334,346,360,377,382,397,406,416,434,441,452,460,469,477,486,500,501,510,517,521,532,532,535,541,538,541,546,555,550,553,562,562,573,574,578,587,590,593,601,612,614,620,630,631,637,644,642,649,646,648,648,649,648,642,642,635,632,635,622,622,615,608,605,603,606,598,600,594,590,596,589,588,583,578,577,575,578,568,569,560,558,561,548,547,540,532,528,522,523,511,508,503,496,496,486,480,477,466,460,453,454,442,435,433,421,418,409,397,393,379,371,360,357,343,332,329,316,307,301,288,283,271,264,256,250,250,241,241,236,234,237,231,233,226,224,222,220,227,220,221,218,217,222,217,219,216,214,214,212,219,214,216,213,213,217,213,214,213,211,210,209,214,208,211,208,208,213,209,207,211,205,206,204,209,204,201,205,202,205,203,199,204,198,197,195,200,197,193,198,194,193,197,192,196,190,189,189,187,192,187,189,188,186,194,186


176,177,184,178,182,178,179,177,180,183,182,177,176,177,186,180,180,185,181,182,181,188,186,179,180,181,190,184,183,189,184,182,181,190,186,182,182,185,192,190,194,207,211,222,235,255,267,276,292,305,323,336,345,363,370,382,392,407,421,425,434,446,455,472,474,487,491,498,504,511,528,523,525,529,533,543,539,544,546,549,551,555,565,568,566,572,577,591,590,597,609,609,616,621,633,635,635,637,640,649,645,643,646,642,639,635,639,633,622,618,612,615,608,603,605,597,594,592,594,594,586,581,581,580,580,574,575,568,564,562,562,559,549,543,540,533,536,524,524,515,509,504,497,500,487,479,476,468,469,459,456,447,440,433,427,425,414,403,393,386,383,370,360,356,343,333,325,321,309,296,286,276,276,263,255,257,244,241,238,240,237,231,229,225,229,225,224,226,220,220,219,223,221,217,216,215,217,217,215,218,215,213,213,216,218,212,209,211,209,217,211,213,210,210,208,208,216,208,206,204,204,210,207,206,205,204,201,201,208,204,199,199,198,204,198,197,201,194,195,194,198,194,191,190,190,195,191,189,193,189,189,188,192,191,186,182


179,182,186,179,178,177,178,179,180,185,180,177,177,183,186,180,178,180,179,181,186,187,183,181,181,185,187,187,183,182,184,183,186,185,186,183,183,185,191,195,195,203,210,222,234,251,271,278,291,306,324,341,346,359,371,381,392,408,422,426,436,446,460,473,476,483,492,498,507,517,524,524,527,530,540,544,540,543,543,547,552,561,567,565,568,573,583,593,594,597,605,611,616,626,632,634,635,640,643,647,650,644,642,642,640,638,635,632,625,620,615,614,614,603,600,597,594,594,593,594,587,583,581,585,584,576,572,568,565,562,563,561,549,546,540,541,537,527,519,514,509,505,503,499,486,481,475,476,471,458,452,447,441,433,431,425,413,404,397,391,383,372,361,350,343,332,328,318,307,296,285,282,272,269,257,251,247,243,241,237,239,230,228,225,228,231,222,221,222,219,220,222,224,215,216,216,218,221,215,213,212,213,213,216,217,211,211,211,216,218,210,209,211,208,208,211,213,207,206,207,209,212,205,203,204,202,202,207,207,202,199,198,202,203,200,195,195,193,195,198,200,194,192,191,194,194,194,189,188,188,187,190,189,191,186,185