169,174,170,172,171,171,173,171,172,171,172,174,172,173,174,176,172,174,176,174,176,175,176,179,175,176,180,180,178,179,181,179,180,178,177,180,179,182,186,189,196,204,214,229,238,254,268,285,297,312,329,338,357,364,376,391,400,410,423,436,444,454,468,476,488,495,504,516,519,526,533,539,543,545,554,554,559,560,562,569,568,571,576,583,590,592,599,607,615,617,624,632,636,642,645,650,660,659,662,666,666,665,663,664,661,656,653,649,646,639,636,634,630,630,623,619,620,613,612,608,611,605,602,603,598,599,592,590,589,581,578,574,571,565,560,556,549,546,539,532,530,522,515,509,506,498,492,488,480,477,469,461,458,449,442,432,427,423,410,400,395,385,375,366,359,346,336,325,314,310,295,287,281,273,266,257,254,249,243,239,236,236,231,230,230,225,228,223,222,225,219,218,218,220,215,214,217,211,217,212,212,214,210,211,209,212,210,209,212,209,209,208,206,208,206,205,204,205,204,202,203,203,202,201,199,202,198,196,195,194,198,193,193,195,194,192,190,191,189,188,186,184,189,183,183,186,185,186,182,184,184,182,180,180,181,178


171,172,173,174,170,171,171,170,173,171,175,173,171,172,176,175,172,172,173,174,176,176,178,175,176,177,180,184,181,179,179,177,181,178,181,179,179,183,184,190,199,201,211,224,238,254,269,283,298,311,324,339,352,362,372,385,398,413,423,431,442,452,463,475,485,490,500,508,513,527,530,537,538,543,545,552,555,555,558,561,563,570,573,579,581,587,592,601,610,613,617,624,630,639,642,649,650,653,656,658,664,663,659,655,654,655,648,646,639,635,630,626,624,625,617,612,611,611,609,607,602,600,598,596,597,594,587,585,580,576,577,573,567,559,555,550,548,543,534,529,521,516,514,506,503,494,488,482,479,474,465,458,452,445,441,432,425,415,407,399,393,384,372,361,351,343,337,324,318,304,295,287,278,270,267,256,250,247,244,240,240,233,231,230,227,226,226,221,221,218,220,222,220,216,216,215,214,218,215,211,212,210,209,213,212,211,208,208,208,209,209,207,205,205,202,207,204,205,203,202,201,202,204,199,198,198,197,198,197,199,195,193,193,192,195,192,189,187,186,190,188,189,186,185,184,184,184,186,180,182,179,182,181,181,179,177


170,170,173,174,172,170,171,174,172,172,172,174,172,171,173,176,177,174,174,177,175,176,176,178,177,176,177,179,181,179,179,181,181,179,180,181,179,181,184,191,197,201,213,226,240,253,267,285,300,311,325,341,354,364,377,387,403,411,422,430,448,455,465,479,489,495,503,512,522,526,532,535,546,546,549,555,558,562,562,565,571,572,576,580,590,591,597,604,612,620,623,629,637,641,646,651,657,657,661,662,665,667,664,662,661,659,652,649,646,639,634,630,631,628,621,617,615,617,610,608,609,606,601,600,600,598,592,588,586,584,577,572,567,568,558,554,551,546,540,533,526,524,514,508,503,499,491,486,481,477,473,461,455,451,441,433,425,420,409,400,393,385,377,364,355,349,336,325,316,308,296,286,279,273,266,257,253,250,246,240,237,236,233,229,226,228,227,223,221,220,223,217,218,216,220,214,214,215,215,214,212,211,213,211,209,208,211,208,207,210,209,209,207,205,208,204,204,203,206,202,202,201,203,203,199,197,199,197,194,196,196,194,192,191,193,193,191,190,191,189,186,186,186,186,183,184,187,185,184,182,181,183,179,178,180,179


170,170,170,172,172,170,169,170,170,173,173,173,172,173,172,176,174,176,173,173,175,177,178,176,177,178,177,181,176,182,179,178,177,181,183,182,179,183,185,192,193,205,212,224,237,252,272,286,297,310,324,340,349,364,373,384,397,405,422,433,441,453,462,474,486,493,499,506,515,522,531,536,537,541,545,547,554,556,558,559,562,567,574,578,582,587,592,599,607,612,623,623,630,635,644,650,651,653,655,656,660,657,660,656,654,650,649,646,641,635,629,626,624,619,620,612,609,608,605,608,605,600,597,595,594,591,591,583,580,577,570,572,567,559,555,549,545,543,536,528,521,516,510,507,503,494,488,481,476,472,465,459,450,445,438,432,426,415,406,398,388,384,370,365,353,342,334,326,317,306,294,285,278,272,261,258,250,245,242,240,240,237,232,230,227,229,224,225,220,219,219,214,221,219,215,215,216,215,215,214,211,210,210,209,211,211,208,207,209,207,210,208,206,206,205,203,207,206,203,201,202,202,204,200,200,197,196,197,197,199,196,193,193,191,193,189,193,187,188,188,189,189,187,184,184,184,185,183,185,180,179,180,179,182,181,177


174,171,170,172,173,175,172,171,175,171,171,171,173,172,171,172,176,176,173,175,177,176,175,175,179,177,176,177,182,181,179,178,179,181,180,180,180,185,184,188,197,205,213,226,239,255,268,283,295,316,325,338,353,366,379,387,399,415,421,432,445,457,465,475,486,493,506,510,519,529,531,537,542,547,549,551,555,559,565,564,568,574,576,580,585,594,596,604,609,618,625,630,635,643,649,650,653,659,662,661,662,664,666,661,659,655,654,648,643,638,640,630,626,627,624,619,614,613,614,608,607,604,604,600,597,597,594,593,585,582,582,573,567,562,561,553,548,544,540,534,527,519,518,508,502,496,495,485,479,474,471,464,454,448,445,434,424,418,411,400,391,383,377,366,355,346,336,328,316,305,296,291,277,270,267,260,253,248,245,243,236,236,229,234,227,226,226,225,224,220,221,222,216,218,215,217,213,213,216,212,216,213,212,214,211,210,209,210,208,207,209,209,210,205,207,207,204,204,201,204,202,200,200,202,201,198,198,199,199,195,195,195,193,192,190,194,193,189,187,188,190,187,186,184,189,183,184,184,184,183,182,181,183,180,179,176