176,174,173,176,175,172,172,176,176,173,174,173,175,173,173,177,177,175,173,177,178,175,174,175,180,176,177,181,181,179,176,177,180,177,179,178,183,180,182,189,199,202,206,217,233,246,260,274,293,305,317,329,350,360,368,381,398,407,418,430,445,454,464,473,489,498,503,511,525,530,535,542,549,555,557,560,569,572,571,576,583,589,588,594,601,609,613,621,632,638,642,649,654,666,667,674,677,682,683,687,692,692,687,687,683,687,679,674,670,669,662,658,657,660,651,646,644,646,640,638,636,637,631,628,626,630,625,617,613,614,608,603,598,596,591,581,576,574,568,557,552,549,542,534,528,522,517,507,502,499,492,481,474,469,465,452,443,433,429,416,405,398,390,376,363,353,347,332,323,311,306,291,282,277,272,260,253,248,249,241,240,238,237,232,230,229,235,228,223,222,225,221,219,219,222,219,217,217,221,220,215,214,217,216,213,213,215,217,212,213,215,213,212,210,211,212,207,207,208,209,205,205,208,207,203,203,202,205,201,198,198,201,198,196,198,197,194,193,191,194,189,190,189,191,188,187,189,193,186,185,183,187,183,183,181,183


178,174,175,173,172,174,172,180,173,173,173,173,177,174,177,175,173,175,174,180,177,174,175,175,181,176,179,181,178,177,177,182,182,179,177,179,184,182,184,190,192,200,207,221,236,246,261,274,295,307,321,337,346,358,372,387,402,408,419,432,447,461,466,482,487,498,506,519,532,533,538,545,550,561,560,568,567,573,577,579,592,589,593,600,605,615,619,628,636,639,646,654,668,673,673,678,682,689,689,691,693,692,692,691,689,693,682,679,676,676,667,664,662,657,654,651,652,652,644,643,640,641,637,634,635,628,625,623,622,622,611,605,602,600,597,586,583,574,569,563,558,557,544,537,529,523,523,512,508,500,492,486,477,478,464,455,445,437,430,418,410,402,388,376,367,361,352,334,324,312,305,292,284,277,267,260,256,252,251,243,240,236,239,233,232,234,229,226,225,226,227,221,220,221,221,223,218,220,218,216,216,219,221,213,214,213,213,219,214,216,212,212,210,210,217,209,208,208,206,210,206,209,205,204,204,204,209,203,201,199,199,201,197,198,199,194,193,192,194,195,191,189,188,193,189,187,190,185,186,185,187,188,182,183,181,185


174,172,172,173,176,174,175,175,176,175,174,175,173,173,173,172,178,173,174,178,175,180,176,179,176,177,178,177,181,176,177,180,178,181,178,181,180,179,182,185,194,198,208,221,231,248,259,276,291,304,316,329,344,360,367,384,393,408,415,426,443,451,461,472,481,496,500,513,518,529,534,540,548,549,553,556,561,568,568,573,579,584,589,591,601,603,609,617,624,634,638,645,655,658,669,670,677,679,681,682,683,687,684,682,683,679,680,672,669,664,658,653,651,650,648,643,642,639,639,633,631,633,628,625,622,621,622,613,613,606,606,599,593,593,583,579,572,566,565,554,552,545,540,532,524,521,512,506,499,492,490,479,472,467,459,453,441,434,422,414,403,393,386,373,363,355,340,336,322,315,302,290,282,274,269,259,253,253,246,245,239,238,237,232,229,227,229,227,225,225,222,224,220,220,221,217,217,217,215,221,216,217,215,216,214,213,217,213,212,211,209,212,209,213,213,209,212,208,211,206,206,205,203,206,203,202,204,200,205,198,201,198,195,195,195,197,193,191,193,190,195,190,192,190,187,186,186,187,186,185,186,183,187,184,184,184


173,178,174,177,172,173,172,173,174,176,173,172,172,177,175,176,174,175,174,173,176,180,175,176,177,177,181,179,180,177,179,178,181,181,178,177,178,180,188,187,195,198,209,219,235,249,261,275,290,305,322,333,350,359,370,383,400,413,423,432,443,455,470,478,491,498,508,516,528,534,543,544,551,555,564,564,570,571,575,579,582,592,596,597,603,611,620,628,635,640,647,655,660,670,677,677,682,684,688,694,693,693,692,691,689,687,687,678,675,670,665,667,660,659,654,651,648,650,648,641,640,637,635,637,632,633,624,621,619,618,615,611,601,595,591,590,581,578,569,561,556,550,545,542,530,524,518,515,506,501,490,484,477,469,465,457,445,436,426,420,412,401,388,378,367,355,349,339,324,313,304,291,287,276,271,260,255,250,249,247,240,236,234,232,234,229,230,226,224,224,225,224,222,219,219,218,221,218,221,216,216,215,218,219,219,212,214,213,217,212,215,212,210,209,211,212,214,207,206,207,210,207,208,204,204,203,203,204,204,200,197,198,198,200,199,195,195,194,191,193,193,190,188,188,187,191,188,190,185,185,184,188,187,183,181,181


175,175,172,173,176,171,172,174,177,177,174,172,173,176,173,173,177,174,174,173,178,178,176,176,177,180,178,176,180,179,177,178,181,183,178,179,179,183,183,184,193,201,207,219,234,251,259,275,289,306,317,329,340,361,367,380,391,411,418,427,439,455,462,471,481,495,500,509,519,533,537,538,544,552,558,557,561,567,566,572,575,582,590,591,596,604,614,618,623,636,639,645,653,661,670,671,675,678,683,682,684,687,684,682,681,680,680,673,668,662,660,655,650,651,650,643,640,640,644,636,632,631,631,625,624,618,621,614,610,608,610,602,595,589,588,580,574,567,564,555,548,543,542,536,526,518,514,509,499,492,490,479,473,464,461,454,440,432,422,416,404,394,388,374,362,353,346,336,320,310,300,295,281,273,268,261,253,249,248,247,240,236,234,235,230,227,225,230,224,222,221,228,222,219,218,220,218,218,214,219,215,214,214,219,216,214,213,215,214,210,211,214,210,209,209,212,213,206,207,207,208,204,204,207,202,202,200,202,204,200,199,197,201,196,193,197,194,191,191,193,195,190,190,189,191,186,187,188,187,184,183,185,189,183,183,181