
172,169,170,170,173,172,170,170,171,170,174,175,172,172,172,173,175,177,174,173,174,175,177,178,177,179,178,179,182,181,179,178,178,179,179,180,180,180,184,186,194,205,213,224,238,255,273,288,307,319,334,348,362,380,386,399,411,423,437,449,461,471,479,491,501,517,519,528,536,543,550,555,563,564,569,571,575,580,582,585,587,591,594,606,610,613,618,625,633,641,651,652,658,664,670,679,680,682,684,686,687,689,689,685,683,680,678,677,670,665,660,655,652,649,650,641,638,638,634,635,632,631,626,624,621,617,619,610,606,604,599,597,592,587,580,574,569,563,561,550,543,538,532,526,522,516,507,500,494,487,484,476,468,460,452,443,439,431,419,409,400,389,380,374,359,349,339,326,321,309,297,288,277,271,264,258,250,245,241,238,236,235,232,228,226,225,225,225,220,219,218,217,218,215,217,215,213,214,213,216,211,210,210,209,210,210,213,208,208,208,207,211,207,205,205,204,205,205,207,203,201,201,200,202,201,199,197,196,193,200,197,195,193,192,192,191,195,190,187,186,186,189,189,186,184,184,183,184,185,181,182,180,180,182,181,180


168,173,169,171,173,170,170,170,174,173,170,170,170,174,173,173,176,173,174,175,177,178,175,176,176,179,177,179,181,180,177,179,180,180,177,178,177,182,182,186,196,202,213,225,239,257,271,285,301,320,332,346,361,372,385,396,410,420,435,442,454,467,478,487,497,510,515,522,532,539,547,550,554,558,566,566,569,575,575,579,580,591,593,595,601,607,616,619,626,635,641,646,653,662,666,669,673,677,682,682,682,684,681,679,679,679,674,668,662,658,656,650,646,645,640,636,633,635,632,628,625,623,622,618,614,615,610,606,601,600,596,591,584,580,576,570,563,558,555,547,540,535,529,525,514,508,501,501,490,484,481,471,464,455,454,445,432,423,413,408,397,387,381,366,357,346,339,328,314,304,295,287,277,268,265,254,250,246,243,241,235,231,230,229,225,225,224,222,219,219,219,219,217,214,214,214,214,213,213,212,212,210,211,211,211,208,208,208,209,207,207,209,206,205,206,205,207,203,203,200,205,202,200,203,199,199,195,200,198,195,194,192,196,192,191,194,190,188,189,191,189,185,185,186,187,184,183,186,182,182,180,182,183,179,179,178


174,169,169,171,170,170,170,172,172,172,171,172,175,174,172,176,174,172,174,178,177,177,176,177,179,177,178,177,181,177,177,181,176,182,177,178,180,180,184,184,196,201,212,227,239,256,272,288,304,321,333,346,360,372,385,398,413,424,434,446,457,472,478,489,502,508,517,526,537,544,548,554,558,565,567,569,575,576,579,582,588,591,596,599,604,614,616,624,633,637,645,650,659,665,670,674,678,682,682,683,686,688,686,684,684,677,680,672,666,663,659,653,649,650,643,640,640,635,637,631,628,628,625,622,618,618,613,608,606,603,601,593,588,584,581,573,566,564,555,548,542,539,534,524,518,512,509,499,493,488,480,472,467,462,452,443,435,427,420,409,398,390,378,368,359,352,338,328,316,306,300,287,278,269,264,256,249,249,239,241,235,234,234,228,226,221,227,221,219,221,217,219,216,216,217,215,213,212,214,211,212,211,212,211,209,210,209,211,208,206,207,205,206,205,208,206,204,203,203,204,202,200,202,199,199,199,201,199,197,196,195,197,193,193,192,190,189,188,191,187,189,185,186,187,185,184,183,184,180,181,184,178,185,180,180,182


171,171,174,171,169,171,171,173,175,170,172,172,171,171,174,176,172,174,174,175,180,175,176,176,177,177,177,183,179,179,178,176,185,178,177,177,178,180,180,192,193,201,211,224,245,254,270,288,304,317,332,351,359,372,384,396,414,421,432,443,456,468,477,493,499,507,517,525,538,541,545,552,556,560,565,573,572,573,576,581,587,591,592,597,603,609,614,624,632,635,642,650,657,665,666,671,675,679,681,683,689,684,682,681,679,683,674,669,664,660,656,651,656,644,642,639,637,639,632,629,627,624,621,621,623,614,610,608,605,606,596,592,586,582,575,571,570,559,553,547,542,541,530,523,516,511,503,498,496,486,479,471,465,460,455,443,434,424,416,407,399,390,377,368,358,348,341,327,317,307,296,286,276,273,262,256,249,242,247,238,236,233,229,227,225,231,222,220,220,217,223,217,215,215,214,213,212,216,211,212,211,211,215,210,209,208,209,208,207,212,207,206,206,206,210,206,205,203,203,201,202,205,201,200,198,199,201,199,197,195,194,194,193,195,194,190,190,188,190,192,187,186,185,184,183,183,187,182,181,182,179,187,180,178,180,177


169,171,174,170,170,170,170,176,171,170,172,171,171,173,177,172,174,174,175,179,176,176,176,177,176,177,181,178,178,179,177,183,178,178,177,178,178,180,187,188,194,201,211,227,241,255,270,287,303,317,333,350,360,372,385,397,413,422,433,444,455,467,479,491,498,507,516,528,536,540,546,551,556,560,566,571,570,574,576,580,589,587,592,597,602,609,615,628,629,635,642,648,660,663,666,672,674,677,681,687,684,684,684,682,685,678,674,669,664,660,657,658,649,644,641,638,639,635,631,629,627,624,622,623,621,614,611,608,605,605,597,592,586,581,576,572,571,559,554,547,543,540,529,523,517,510,503,500,496,485,479,473,466,464,450,442,434,426,416,408,404,388,379,367,359,353,337,327,317,306,297,286,282,269,261,256,250,250,241,237,235,233,230,229,231,224,222,221,219,223,220,217,216,216,214,214,214,214,212,212,210,212,214,209,210,209,209,207,209,212,206,207,206,208,210,205,204,204,202,202,204,204,200,200,199,200,200,197,196,196,194,193,193,196,191,191,190,189,192,187,187,186,186,185,184,188,182,181,181,181,185,180,180,179,179,178