

170,169,170,172,170,168,169,171,170,170,174,171,169,170,172,175,171,171,171,170,174,172,176,173,174,174,173,181,175,175,175,173,179,176,178,177,177,178,180,189,190,197,206,219,235,248,267,279,295,310,324,342,353,365,377,389,403,415,428,442,451,464,473,487,498,505,516,524,535,541,548,557,560,564,570,574,580,579,583,587,595,599,602,611,615,621,628,634,649,649,656,663,668,681,683,688,691,694,696,697,704,698,697,697,695,696,690,688,684,679,674,671,671,664,662,657,656,657,652,651,647,644,642,639,641,635,630,628,623,623,616,611,610,602,595,591,587,583,572,566,559,555,548,540,537,528,522,514,511,504,494,487,479,474,466,456,450,439,429,419,406,405,387,376,366,354,349,334,326,312,302,291,280,279,265,257,253,246,246,240,240,234,232,231,227,229,224,223,221,221,220,219,220,217,217,215,214,218,215,214,212,211,212,212,211,214,211,209,209,210,211,207,207,206,207,207,205,208,205,203,204,203,205,201,200,199,199,199,198,200,196,194,194,190,200,192,190,189,185,191,187,190,187,186,184,183,189,184,183,181,180,183,181,183,180,178


171,171,173,168,172,171,168,172,170,171,169,170,170,170,174,170,172,171,171,175,172,175,172,174,174,173,178,175,177,175,176,179,176,178,176,176,177,178,184,186,192,198,208,224,234,250,265,280,295,310,328,339,349,369,378,393,404,413,431,439,451,464,477,487,495,509,517,527,535,541,551,554,560,566,570,575,577,584,584,590,596,598,606,608,614,621,627,639,643,653,657,664,673,678,686,688,691,693,696,699,700,701,699,698,697,694,694,688,683,680,675,674,668,667,663,659,659,655,654,652,647,646,643,643,638,634,638,628,629,621,615,616,607,603,597,593,588,579,577,566,562,557,547,544,535,528,521,515,512,502,497,487,480,476,465,459,448,439,429,419,412,399,390,378,367,360,346,336,324,312,302,292,285,272,267,259,253,251,244,242,238,235,231,230,231,227,226,224,222,223,221,219,220,218,215,216,218,214,210,217,213,214,213,208,214,210,211,211,211,210,208,211,207,208,209,205,207,205,205,203,204,207,202,202,200,200,201,198,199,196,196,195,195,196,192,193,191,189,191,188,189,187,186,186,185,187,184,185,182,181,183,181,181,180,179,179


169,171,170,174,170,170,170,170,172,171,171,170,170,170,170,173,175,171,170,172,173,177,172,174,174,175,174,176,179,175,175,175,177,180,176,176,176,179,181,185,194,198,209,221,234,253,265,280,295,311,325,338,357,366,377,391,404,420,428,441,453,464,475,486,502,507,517,525,534,548,550,554,562,566,571,574,583,584,585,590,594,601,606,609,615,622,628,635,644,655,658,666,672,679,688,688,692,695,696,699,700,704,699,698,697,694,695,689,684,680,677,673,669,671,663,659,657,656,659,652,649,646,643,642,638,641,633,630,626,622,623,613,609,603,598,591,586,585,575,567,562,555,553,542,536,529,523,515,510,507,496,489,481,474,469,460,448,439,429,421,410,399,394,378,366,356,345,340,324,313,302,292,283,274,271,259,254,248,246,245,237,235,232,230,228,226,229,222,222,220,220,224,219,217,216,216,214,214,218,213,214,213,212,216,211,212,211,210,209,209,213,209,208,207,206,210,207,205,205,203,204,203,205,203,201,199,199,200,202,196,196,195,194,193,193,195,190,189,189,188,192,187,186,185,184,183,185,188,182,181,182,180,185,180,179,178


170,170,170,173,170,171,169,170,173,170,170,169,171,170,174,174,172,171,171,171,173,177,173,173,172,171,179,177,176,176,176,176,177,178,175,177,176,179,183,188,191,200,208,222,237,250,264,280,295,312,328,342,353,367,379,393,408,421,430,443,453,466,479,489,500,509,519,528,536,549,552,558,564,568,576,577,585,585,589,592,598,605,607,611,618,624,631,642,649,654,662,669,676,682,692,691,693,696,698,705,703,703,701,701,698,699,697,692,686,684,679,678,674,669,667,664,660,662,659,655,651,648,647,648,644,640,636,633,630,628,625,616,611,606,600,597,591,584,577,572,563,558,556,545,537,530,524,520,513,508,497,492,484,477,471,460,450,440,431,420,415,404,391,380,368,358,348,339,325,314,303,290,287,278,267,260,255,249,248,244,237,235,232,230,230,230,225,224,223,221,223,220,217,217,216,216,217,217,216,214,214,212,214,215,212,210,210,209,212,209,212,208,208,208,208,211,207,205,206,203,205,204,205,202,201,201,199,200,200,196,196,195,193,197,195,192,191,189,190,189,191,186,186,185,183,186,187,183,182,182,182,183,182,180,178,177


171,172,170,169,169,173,170,169,172,167,174,169,170,174,170,170,169,173,172,171,175,172,175,173,174,178,174,175,176,176,175,175,177,175,177,177,176,181,181,186,190,200,208,219,236,247,266,279,294,312,323,336,350,365,375,388,404,413,426,438,450,462,472,482,493,503,513,522,530,540,544,554,557,562,569,569,573,576,585,584,589,597,597,609,610,617,626,631,638,645,656,660,666,676,678,687,687,691,695,695,695,695,698,695,693,692,687,688,680,677,674,668,663,661,660,654,652,653,648,648,645,641,641,636,634,631,632,624,620,619,614,611,604,599,595,588,581,576,571,564,556,550,548,537,536,525,519,514,506,498,491,489,478,470,466,453,449,437,427,420,406,397,385,379,366,354,346,333,322,310,300,293,282,272,264,260,252,248,246,240,238,235,231,231,229,226,224,223,221,220,222,219,218,217,216,218,215,213,214,214,213,211,215,212,211,211,210,212,211,209,209,208,208,207,206,209,204,209,204,203,206,202,202,198,205,200,198,202,195,200,196,195,198,194,191,192,193,189,189,190,186,189,186,186,188,183,184,183,184,182,182,183,180,181,179,179