
170,167,173,171,169,169,168,169,170,173,168,169,167,168,171,172,169,168,169,169,171,172,168,170,169,170,171,173,171,171,172,171,173,173,172,172,172,173,176,180,180,185,191,197,209,218,226,236,246,256,269,282,288,298,307,316,329,339,345,355,365,374,385,397,402,410,418,426,434,445,446,451,457,461,464,474,475,477,479,484,489,493,500,500,505,510,515,527,532,535,542,548,556,562,569,570,575,579,581,586,589,587,587,587,586,587,582,577,574,571,566,568,566,559,558,555,555,556,553,549,548,545,545,545,544,539,537,534,531,531,528,521,517,514,509,508,504,497,492,488,481,477,476,467,462,457,453,445,444,438,430,426,420,413,408,404,395,387,379,370,368,360,348,340,331,323,316,311,297,288,279,270,264,259,250,245,241,236,235,232,226,224,221,220,220,220,215,214,213,213,215,212,209,208,209,207,209,210,207,207,205,206,208,207,204,202,203,202,203,205,202,201,201,200,201,203,199,199,197,197,196,199,197,195,194,194,194,195,194,192,190,190,187,191,191,187,187,185,186,185,188,183,183,180,181,182,183,180,180,179,180,180,180,177,177,176


170,174,169,170,170,168,169,169,173,169,169,168,168,173,170,170,168,169,169,169,173,169,169,168,169,175,171,171,171,171,171,170,175,171,171,172,172,176,176,177,180,185,190,197,209,216,226,236,247,256,274,279,289,298,307,318,327,343,347,356,366,374,391,393,403,412,420,427,433,449,447,454,459,463,473,470,474,479,482,484,490,498,497,502,507,514,524,526,532,537,544,550,557,567,567,573,576,581,590,586,587,588,589,588,586,590,582,579,576,572,574,567,565,560,560,558,556,558,553,550,549,549,547,549,542,541,539,536,533,530,531,524,519,516,511,514,504,498,493,489,484,478,481,469,463,458,454,453,443,438,432,426,420,415,414,402,395,389,381,378,367,357,350,340,332,324,320,306,297,288,280,277,265,257,251,245,240,237,237,229,227,225,222,224,222,217,216,215,214,212,215,211,210,209,208,208,213,206,206,206,206,205,205,207,204,205,203,202,209,202,202,202,201,201,199,207,200,199,198,197,202,196,197,194,194,194,193,197,191,192,190,190,193,190,187,188,187,186,186,188,184,183,182,181,186,181,180,179,180,179,178,183,178,177,177,177


173,170,168,168,170,169,168,172,168,169,168,169,174,171,169,169,168,169,169,173,170,168,169,170,171,172,169,170,171,172,171,172,174,171,172,172,170,179,174,177,181,185,190,196,213,216,226,236,246,262,268,278,288,298,307,317,333,338,345,357,366,381,385,394,401,410,419,426,438,441,446,453,458,467,466,469,473,476,481,484,494,493,496,502,507,518,519,524,530,538,544,551,559,563,567,572,575,583,586,586,586,588,587,588,589,587,582,578,575,571,575,565,564,562,558,557,554,562,552,549,549,546,552,543,542,539,537,534,531,536,527,523,519,515,515,508,502,497,492,487,483,483,473,469,464,458,459,448,443,437,432,425,420,419,408,403,394,387,386,374,365,357,349,340,333,326,314,305,297,288,282,273,264,255,251,245,241,239,234,229,227,224,220,228,219,217,216,214,214,211,216,210,210,210,208,214,208,207,206,207,205,204,212,204,203,203,204,207,204,202,202,202,200,200,204,199,199,198,197,201,198,196,196,195,195,195,197,192,192,192,190,194,190,189,187,188,186,185,188,185,184,183,182,184,183,181,181,180,179,179,181,179,178,177,177,173


170,170,169,168,168,170,172,170,169,169,170,170,170,169,170,168,168,168,167,174,169,169,170,171,172,168,174,169,171,170,171,175,172,171,172,172,174,174,177,175,180,183,192,202,207,216,227,237,251,257,269,277,287,297,307,321,328,338,347,358,369,377,388,394,402,410,419,432,436,443,448,454,463,464,469,471,474,478,481,489,491,494,497,503,510,515,521,528,532,538,545,550,562,564,569,574,578,584,584,591,588,588,589,589,593,586,584,581,576,577,570,571,565,561,561,559,561,556,552,552,550,552,546,547,543,542,538,537,539,530,527,524,521,519,513,510,503,497,495,490,491,481,476,470,464,462,455,451,445,437,432,426,426,418,409,403,396,389,383,375,367,358,349,341,332,330,315,306,298,288,283,269,269,256,251,245,240,242,234,229,227,225,226,220,223,217,216,215,213,217,212,211,210,210,212,207,209,207,207,206,205,209,206,206,205,204,206,203,205,202,202,200,202,206,201,200,199,198,201,199,197,196,195,195,193,197,196,193,193,192,193,191,191,189,187,187,187,185,190,183,185,184,183,185,179,184,180,180,180,180,184,179,178,178,177,179


172,170,168,169,169,170,171,170,169,169,167,169,170,171,169,169,169,168,171,171,170,169,169,169,171,174,170,169,170,171,173,174,170,171,170,172,174,176,174,177,180,185,193,199,206,214,225,235,246,262,267,277,286,296,308,316,327,335,344,354,361,379,383,390,400,409,416,424,435,437,443,449,454,463,465,467,470,474,477,483,487,489,493,498,503,511,518,520,526,533,540,548,553,558,561,567,571,577,583,581,583,583,583,587,585,580,577,575,570,571,568,561,559,556,555,556,554,549,547,546,545,543,547,539,538,536,533,533,529,526,522,518,515,509,513,503,500,494,490,485,480,479,469,465,460,455,452,446,440,434,430,424,421,414,406,399,391,386,380,374,363,355,347,338,333,324,312,304,295,287,281,274,263,255,249,245,242,236,232,230,225,225,223,224,220,217,216,215,216,214,211,210,210,208,208,212,207,207,205,206,207,204,205,204,202,202,200,210,203,202,202,202,202,199,204,199,197,198,196,200,199,197,196,194,194,196,195,191,191,191,190,192,191,189,188,187,187,188,184,183,182,182,182,185,184,180,180,180,179,182,180,178,177,177,176,179