

170,170,170,169,169,170,171,168,174,169,168,171,167,173,170,170,171,170,172,169,172,170,170,173,170,174,171,171,172,172,173,172,174,172,173,175,173,175,175,178,183,187,194,203,213,221,231,243,256,267,275,285,296,306,316,328,338,346,355,365,378,385,394,402,412,420,428,439,443,453,456,462,470,471,478,478,481,485,489,495,495,504,504,510,517,517,529,532,538,544,551,559,564,572,575,580,586,589,592,593,594,594,596,596,594,593,587,585,583,579,576,572,568,566,564,561,562,561,556,554,552,554,552,548,545,543,542,538,539,534,531,527,521,521,515,510,505,500,496,490,488,478,479,469,464,462,453,453,445,438,433,428,424,414,412,403,395,391,379,374,365,356,347,340,333,323,315,306,295,290,279,272,262,256,250,243,241,236,234,228,226,225,224,222,218,218,215,214,214,215,213,211,210,209,210,208,208,206,206,205,205,208,204,205,204,202,205,203,204,202,202,202,201,203,198,203,199,198,200,196,201,196,196,194,194,197,193,195,192,191,194,190,190,189,188,187,186,188,186,186,185,183,185,183,183,182,182,180,180,179,182,179,178,177,176,179


173,172,170,169,170,169,169,173,169,170,169,169,172,171,172,170,169,170,169,172,168,175,171,170,173,170,174,172,172,172,171,174,172,175,173,172,174,174,176,178,183,187,193,203,211,223,232,242,255,265,277,286,296,305,316,326,338,348,355,365,374,387,395,403,411,419,427,436,446,451,456,462,466,473,477,479,481,484,488,491,499,500,507,508,514,522,525,536,537,543,550,557,567,567,578,579,583,589,589,595,593,594,593,594,594,590,589,583,580,580,574,572,569,565,562,559,561,558,557,554,552,553,550,550,544,543,540,539,535,535,531,526,521,518,516,511,505,499,495,489,484,482,477,470,465,459,456,451,445,438,432,427,423,418,406,407,394,389,384,369,369,356,349,339,331,326,312,307,296,286,281,269,264,255,248,244,239,238,232,230,225,224,225,222,219,217,215,215,213,213,213,211,210,208,208,210,208,207,207,206,205,205,208,206,204,203,202,205,204,203,201,201,201,201,203,199,202,199,198,200,198,199,196,195,195,194,196,190,195,191,192,193,188,192,189,188,186,187,189,185,187,183,182,186,182,183,181,180,179,179,181,178,180,177,176,179


170,170,172,168,170,170,170,171,173,171,170,169,169,173,171,170,169,170,170,170,172,172,170,169,171,174,173,172,172,171,172,173,174,175,173,173,174,176,178,179,182,186,193,201,213,222,231,242,253,266,276,286,295,305,315,325,339,344,357,365,375,386,392,407,412,419,428,434,444,451,460,460,465,470,476,482,481,485,487,492,496,502,507,509,513,520,527,534,537,543,550,556,563,571,575,578,583,586,593,595,593,593,593,593,592,592,590,583,580,576,577,572,569,563,563,561,558,560,557,554,552,550,552,548,546,543,539,538,535,533,528,531,521,517,514,508,508,500,495,490,483,479,477,473,463,459,454,451,446,438,432,427,421,414,412,405,395,388,381,375,367,356,347,339,330,321,316,306,295,286,279,273,263,255,250,243,239,235,235,231,226,225,222,222,219,218,215,213,214,212,214,209,210,209,208,210,207,209,206,206,204,206,206,204,208,203,203,203,203,206,202,202,201,201,200,201,200,197,197,197,200,198,196,195,194,195,194,196,193,191,191,190,193,190,189,187,186,185,185,187,185,183,182,182,184,184,180,180,180,179,180,181,179,178,177,177


169,172,168,173,169,169,170,170,172,169,170,168,168,172,170,171,170,169,169,170,174,169,172,170,170,173,172,173,172,172,172,172,174,174,175,172,173,176,177,179,182,186,192,202,210,223,231,242,253,264,277,286,297,305,316,325,335,347,352,368,374,383,395,400,415,419,426,435,442,451,453,464,465,468,477,475,482,484,486,490,493,500,503,509,513,517,526,529,538,542,550,555,561,570,572,580,581,584,591,590,594,592,592,592,591,589,587,584,579,575,574,571,569,565,562,559,558,557,557,553,552,550,547,549,544,544,540,537,534,531,530,522,526,516,512,510,501,501,493,489,484,479,477,469,467,457,454,451,443,439,432,427,421,414,411,402,397,388,379,375,364,358,348,340,331,322,315,305,296,286,277,273,263,256,250,243,239,235,231,232,227,224,222,220,222,216,217,213,213,212,211,213,208,213,208,207,210,204,211,205,205,204,204,206,202,206,204,202,205,200,204,200,201,201,200,204,199,200,197,198,199,196,197,195,194,195,195,195,192,193,190,191,191,190,189,187,186,186,185,187,184,185,183,182,183,183,182,181,180,180,179,178,181,178,178,176


169,169,172,170,170,169,169,168,168,171,171,169,169,168,171,173,169,170,171,171,171,172,172,171,170,171,173,174,173,172,171,172,172,174,176,174,173,175,176,180,184,187,192,200,210,220,231,245,252,262,274,285,299,306,315,325,335,344,357,367,373,383,392,403,413,418,426,434,441,448,457,461,465,468,473,478,482,482,486,490,493,498,505,510,512,518,524,532,538,542,549,554,560,567,575,579,581,585,587,593,593,593,592,591,589,589,587,585,580,575,571,569,569,566,561,558,557,555,553,553,556,549,547,545,545,545,539,536,534,531,527,528,522,515,513,508,506,501,494,488,482,479,474,471,464,458,452,448,445,438,431,427,419,413,409,405,396,387,380,371,367,358,347,339,329,322,312,306,297,287,278,269,265,257,250,243,239,235,232,228,227,227,222,220,219,218,221,214,214,213,212,210,211,212,209,208,207,208,208,207,205,204,205,204,206,205,204,203,202,204,202,202,201,201,199,199,203,200,197,197,196,198,197,195,194,195,193,193,194,193,191,190,189,192,190,188,186,186,185,185,186,185,184,181,181,182,182,183,179,180,179,179,178,179,181,177