
172,168,169,171,172,172,169,170,170,168,168,174,173,170,169,169,175,174,173,172,171,173,172,176,175,174,173,172,176,178,174,175,174,173,174,176,177,175,177,180,186,194,198,209,218,230,242,254,268,277,287,299,310,322,328,338,346,357,365,377,387,393,400,408,418,428,432,439,446,452,455,462,467,471,471,475,479,484,484,486,488,493,496,498,509,513,516,521,527,535,541,545,550,556,559,563,572,575,574,576,576,581,579,577,574,572,568,565,563,562,556,551,548,549,548,542,540,539,537,535,537,534,529,529,526,526,525,519,516,514,511,507,505,501,495,490,487,485,480,472,467,464,457,452,450,443,441,432,428,424,421,414,407,401,395,389,381,378,371,361,352,346,339,331,321,312,305,295,286,284,273,263,256,246,248,243,234,231,228,225,223,221,221,217,215,212,213,215,210,209,208,207,206,208,207,205,204,204,204,207,203,203,202,202,201,203,203,201,199,200,201,202,198,197,198,197,197,197,197,197,196,194,195,197,195,193,192,191,190,190,192,192,188,186,187,189,188,185,184,184,182,181,186,184,181,180,177,184,182,178,177,178,177,176,179,178


170,170,169,171,168,168,170,170,169,170,172,170,171,171,169,173,171,169,174,172,172,173,176,173,174,174,173,178,173,174,176,173,174,174,177,174,174,177,179,184,185,190,199,209,220,229,244,254,265,274,291,300,307,318,328,339,346,355,367,374,383,389,403,409,416,421,428,441,444,449,455,461,463,466,472,472,478,477,481,486,487,491,493,501,503,507,514,519,527,529,536,543,547,552,556,565,564,568,573,573,576,575,574,576,572,570,566,565,559,555,554,550,549,542,542,541,537,535,534,535,530,528,527,530,526,521,519,517,516,510,507,507,502,497,492,492,486,480,475,469,469,461,456,452,449,442,437,432,427,424,416,410,406,399,393,387,383,375,366,362,352,345,336,327,321,312,303,295,291,279,270,263,256,252,243,239,234,231,227,224,226,219,218,217,215,217,211,210,211,210,208,206,210,206,205,203,207,206,204,203,202,205,201,202,203,202,200,199,203,203,200,198,197,201,198,198,198,200,196,195,196,195,195,193,191,194,191,192,192,193,190,188,189,186,188,186,185,187,184,183,183,184,182,182,183,181,181,179,179,181,177,178,178,180,176,176


172,170,168,169,168,173,170,168,168,168,172,170,173,172,170,170,171,174,171,171,172,173,174,173,174,176,174,176,174,178,175,173,173,174,175,174,174,179,178,180,184,191,202,207,217,228,243,252,264,279,286,296,306,316,331,336,343,354,365,373,380,393,398,405,413,419,435,435,441,446,450,459,461,466,468,470,473,475,483,482,484,488,489,499,500,507,511,515,521,527,537,538,543,550,553,561,563,567,569,570,571,572,575,570,568,565,562,561,556,552,552,546,544,541,541,540,534,533,531,532,528,528,527,523,521,518,518,519,512,507,505,504,499,494,494,486,482,477,472,475,463,459,454,450,449,439,437,430,425,419,414,414,403,397,391,383,382,372,368,358,351,342,336,330,318,310,301,294,288,278,272,264,255,248,242,240,235,230,225,224,222,220,218,219,215,213,212,211,214,208,208,207,207,206,205,208,204,204,203,203,207,203,202,201,202,201,200,203,200,199,200,196,204,198,197,197,196,199,196,198,194,194,194,192,196,192,191,190,189,194,190,191,189,188,186,186,189,183,184,183,182,184,182,184,182,180,180,179,184,179,178,177,177,177,177,176


169,169,167,171,172,170,170,169,169,172,172,170,170,169,171,173,174,171,172,173,173,176,175,173,174,173,173,175,177,175,174,174,175,176,176,174,174,176,177,182,186,194,199,208,218,231,242,256,265,275,287,299,308,321,327,336,347,356,364,377,382,391,399,406,420,426,430,437,443,450,457,461,463,466,470,471,480,481,482,485,487,491,497,501,502,507,512,519,526,533,537,541,547,553,560,564,566,568,570,574,577,578,576,574,572,569,569,567,560,556,551,549,549,545,545,540,537,536,537,536,533,530,528,527,526,523,524,517,515,512,509,507,506,498,494,490,485,484,480,472,467,462,457,455,449,442,437,432,424,426,421,413,406,400,394,392,384,374,367,360,351,346,340,329,321,312,304,298,289,279,271,262,255,251,246,239,234,232,228,227,224,221,218,216,214,215,213,213,210,210,209,210,207,207,205,205,204,205,204,205,203,203,202,202,201,205,199,201,199,200,202,202,199,198,198,197,198,198,196,194,194,193,197,197,193,193,192,191,194,191,190,189,187,185,188,189,186,184,184,184,186,183,181,180,181,180,181,182,179,179,179,177,180,178,176,174


169,170,170,169,168,167,171,169,170,172,170,169,169,172,172,171,170,170,173,171,172,174,174,173,173,176,176,175,174,174,175,176,174,175,176,175,174,178,181,181,184,190,200,208,218,228,243,253,264,274,289,298,305,314,326,335,343,354,365,370,378,385,399,408,412,418,424,436,440,445,454,454,460,462,468,471,472,474,476,483,482,486,492,494,498,504,510,516,520,524,530,538,542,547,554,557,560,563,568,571,570,568,568,570,567,565,562,561,554,550,550,547,543,538,537,537,534,532,529,530,526,525,522,524,523,518,514,515,510,506,504,503,497,492,488,488,483,476,471,464,467,458,452,450,443,438,433,430,426,418,412,406,405,398,391,387,378,372,364,359,352,342,333,325,320,310,302,296,286,277,269,263,257,248,241,237,234,230,225,225,224,219,218,217,217,213,211,210,211,209,207,207,209,206,205,204,208,207,203,203,203,202,202,202,203,200,200,198,203,201,199,199,197,202,197,196,199,196,196,195,196,197,193,193,190,195,192,192,193,189,188,188,189,190,186,185,185,186,183,184,185,182,180,180,182,182,179,178,179,180,177,178,177,179,176,175