
180,183,176,175,174,176,175,180,183,175,174,174,178,181,176,176,175,176,177,178,180,179,177,178,180,184,182,177,178,178,179,178,184,185,179,177,178,184,188,184,187,193,201,208,223,235,240,250,263,278,291,293,303,314,323,334,349,360,363,371,379,393,404,405,415,421,427,436,446,456,454,457,461,470,477,474,475,479,480,485,492,497,496,500,503,511,521,521,527,532,538,544,551,558,561,563,567,572,578,580,577,577,577,575,575,575,575,563,561,556,557,556,547,545,543,540,539,542,542,533,532,530,532,532,526,522,520,516,516,515,516,505,502,496,496,496,486,481,475,472,466,466,464,454,448,442,442,438,428,424,419,411,407,404,400,390,381,375,370,367,353,344,336,328,321,313,306,298,286,277,272,266,261,248,244,238,235,231,232,233,224,222,219,223,223,217,214,212,213,212,214,215,210,210,208,212,214,208,205,208,207,206,211,211,205,203,204,209,211,203,205,203,202,203,207,208,201,201,201,204,206,200,200,199,197,198,201,203,196,194,195,197,199,194,194,190,192,191,191,190,191,187,188,188,191,193,186,186,185,185,185,190,188,183,182,181


178,178,180,176,174,174,174,181,180,177,174,175,175,179,176,177,177,174,176,177,188,177,177,177,178,183,178,185,179,176,179,179,189,177,177,180,179,184,183,190,188,191,199,207,226,228,237,251,262,276,284,298,304,312,323,333,351,351,361,370,378,391,395,409,412,418,425,433,448,446,450,456,459,467,468,474,473,475,479,481,486,494,493,496,501,505,515,517,527,527,535,538,547,562,554,560,563,567,572,572,579,574,573,571,571,577,564,560,557,553,553,546,549,541,539,537,535,543,533,529,528,526,529,523,528,518,516,515,512,519,507,503,497,496,494,487,489,478,472,469,465,467,456,449,445,439,438,432,431,421,414,409,405,399,402,386,380,374,365,364,351,350,335,325,319,312,313,295,285,277,268,266,255,253,241,239,233,230,237,225,222,220,218,222,218,221,213,212,212,210,219,210,210,209,209,212,207,213,207,206,204,205,215,206,204,205,204,207,205,208,203,202,201,202,209,205,203,201,201,202,203,204,199,199,197,198,198,207,196,196,195,194,197,194,199,192,189,190,189,199,188,187,188,188,191,187,191,185,184,184,184,194,184,183,184,182


174,176,183,176,175,176,177,178,175,180,175,175,175,175,186,177,177,177,177,179,179,182,176,176,178,178,188,180,180,180,178,181,178,183,179,177,178,181,190,184,188,194,199,211,219,233,240,249,262,274,293,296,305,315,325,337,345,358,363,371,379,388,400,411,414,422,429,435,446,450,458,457,463,467,470,485,476,478,482,484,491,493,503,500,505,509,515,532,527,531,537,544,554,555,566,563,567,570,573,585,577,578,576,576,577,573,576,565,562,557,554,563,549,546,544,541,542,538,540,533,532,529,529,535,527,524,521,519,519,516,514,507,502,498,495,493,493,483,477,473,469,467,460,461,449,444,438,435,440,424,419,413,407,406,396,395,381,374,367,362,363,345,337,328,321,316,304,303,286,278,270,263,265,251,245,240,236,236,227,230,224,220,220,217,226,218,215,213,213,215,211,214,211,207,207,208,214,210,208,207,206,208,208,208,208,206,203,205,204,213,205,204,204,203,205,201,209,200,200,200,199,209,200,198,200,199,200,198,201,195,195,195,194,202,192,192,191,192,194,190,196,189,187,186,186,195,186,185,186,184,188,186,188,183,183,182


175,179,177,181,175,175,175,176,185,177,174,175,176,180,177,183,176,176,176,177,186,177,178,176,176,182,179,185,178,177,177,177,189,179,179,178,178,182,184,191,188,193,198,206,224,232,239,250,260,270,288,297,303,310,322,332,340,360,359,369,377,386,397,402,416,418,426,431,438,454,450,454,459,463,470,469,477,473,476,480,483,498,493,496,499,504,513,517,527,527,531,538,545,559,556,558,561,565,571,571,578,570,572,568,569,576,564,558,556,551,551,549,550,542,538,534,532,536,535,529,527,527,524,527,523,521,515,513,511,507,517,502,498,495,489,489,484,484,474,469,463,460,464,449,444,441,435,433,426,426,413,408,404,398,401,388,378,372,365,361,352,347,335,325,318,309,312,296,286,277,269,264,255,254,242,236,234,232,235,228,221,221,218,221,220,220,213,213,212,211,213,218,210,208,208,209,210,208,211,205,204,206,207,216,206,205,205,205,207,205,208,202,201,203,204,211,202,202,201,201,203,201,203,197,196,198,198,204,195,194,194,194,196,194,197,190,189,190,188,198,189,187,189,187,190,188,192,185,184,184,183,190,186,182,183,183


176,175,179,181,174,175,176,178,182,176,175,175,176,176,180,183,177,176,176,178,181,179,178,176,179,177,182,183,180,178,178,180,180,183,179,178,180,179,183,185,192,193,198,207,220,232,239,249,260,272,282,296,308,313,323,332,347,358,362,370,379,386,396,408,417,419,425,432,443,453,452,455,459,464,467,473,479,475,479,482,489,495,493,496,501,507,511,522,529,528,534,541,550,555,560,562,563,568,571,575,575,576,574,572,572,571,573,560,557,555,551,547,549,549,540,536,537,538,537,531,529,526,526,526,527,526,518,514,513,514,514,503,498,496,493,488,488,485,475,469,465,466,463,453,446,440,437,431,431,427,417,411,404,404,400,388,380,374,367,358,355,347,338,326,320,314,306,301,287,277,271,262,259,249,249,240,234,230,232,232,224,221,220,219,217,220,219,213,211,210,214,217,208,208,209,207,207,211,213,205,206,206,210,211,206,204,204,205,205,208,208,202,204,203,205,208,202,201,202,200,200,202,205,199,198,197,200,202,198,195,195,194,193,195,196,194,190,190,191,190,195,188,188,186,186,187,189,190,184,183,184,186,189,184,182,181