
184,189,197,184,184,185,185,198,190,185,185,185,184,189,197,187,185,184,184,197,195,185,187,186,188,193,198,191,188,187,189,198,197,189,187,189,187,193,196,200,196,202,210,221,240,240,248,260,268,282,295,312,309,318,328,339,356,361,365,374,382,389,403,416,413,418,424,432,450,451,450,454,458,459,468,478,468,468,472,474,490,490,486,487,493,496,510,518,514,517,523,527,543,545,542,547,549,553,560,566,559,557,556,556,562,560,551,546,541,538,538,535,538,524,525,523,524,533,521,516,514,512,513,516,516,504,501,501,500,506,500,491,486,482,480,480,483,465,461,458,453,461,451,441,435,430,425,429,429,412,405,402,397,406,394,382,374,367,362,362,359,343,332,326,317,320,313,295,289,280,272,271,268,258,247,243,240,245,243,233,230,227,228,230,227,233,220,218,217,222,228,221,216,216,215,218,219,225,215,213,212,213,223,219,213,212,212,212,218,223,209,208,211,210,221,216,208,207,209,209,213,219,208,206,205,204,217,211,204,203,202,201,207,212,202,197,198,196,208,206,196,196,196,195,200,200,199,192,190,191,201,203,194,191,191,190


185,190,186,184,182,183,195,190,183,184,184,194,190,188,189,184,186,186,193,200,184,187,185,191,197,189,191,189,189,189,190,204,189,187,187,191,197,190,196,194,196,203,209,233,227,234,247,258,281,281,295,299,309,319,329,352,347,353,363,369,389,387,400,403,410,417,425,444,438,440,444,450,463,458,465,462,463,465,470,482,482,477,480,485,495,499,498,505,509,514,519,530,541,531,536,539,547,556,550,556,551,552,550,552,564,545,542,540,537,545,532,531,524,522,518,518,533,514,513,511,508,519,507,510,502,502,500,495,509,493,486,483,480,490,475,477,467,463,458,454,463,449,441,437,433,438,426,423,417,410,405,399,405,398,384,378,373,371,365,353,350,337,332,323,321,324,300,293,285,282,280,265,265,254,248,244,240,253,232,229,228,225,237,226,227,222,221,220,219,234,217,216,216,214,226,215,220,213,212,214,213,228,212,210,211,212,222,213,215,210,209,209,209,223,211,210,209,209,218,209,211,209,207,205,205,214,210,204,202,204,208,210,201,203,200,200,199,203,213,196,196,195,198,203,196,200,194,195,194,192,208,193,192,189,192,203


186,194,183,185,183,184,188,185,195,183,184,188,184,195,186,185,185,185,191,185,198,185,185,191,188,198,188,188,189,189,192,189,200,189,187,193,189,199,194,194,198,202,213,218,236,238,248,262,269,289,293,299,307,317,332,339,348,360,364,375,382,394,402,402,409,418,424,433,436,450,445,451,458,460,468,462,465,467,470,478,474,488,480,486,496,494,511,503,508,512,519,528,529,546,538,541,551,549,561,553,551,552,554,555,550,557,546,540,542,536,543,530,525,523,522,522,517,524,515,512,516,509,515,510,502,502,499,501,496,496,495,487,485,482,480,480,469,462,458,454,456,449,450,435,434,432,425,430,414,411,405,402,402,390,396,380,371,373,358,362,347,340,331,323,324,309,313,294,285,286,274,277,258,252,247,244,246,237,243,233,227,231,226,235,224,221,219,218,225,220,227,219,214,219,216,225,217,212,212,212,217,214,216,217,210,214,213,216,218,212,211,210,210,214,210,219,209,209,212,209,216,207,207,205,204,209,204,214,204,204,206,201,212,202,200,199,199,203,199,207,197,194,199,194,206,194,195,194,191,199,191,203,192,190,195,190


197,189,184,184,182,185,185,191,191,184,184,184,194,195,186,183,186,186,184,192,196,187,185,188,193,200,189,189,189,186,187,192,203,189,188,189,192,203,191,193,198,201,209,219,243,237,245,258,270,297,291,299,307,320,328,337,360,354,361,369,379,403,396,401,410,416,423,429,449,443,444,448,452,471,467,461,466,468,471,472,484,487,481,485,490,503,509,503,510,514,519,523,537,544,539,540,545,556,561,552,554,552,551,552,555,561,543,541,539,537,546,528,525,522,520,517,517,531,514,510,508,509,525,509,504,501,500,496,496,507,490,486,480,479,492,473,466,462,459,456,451,460,445,435,432,427,439,424,414,409,406,399,395,399,395,378,373,366,367,364,347,340,332,323,317,317,314,295,285,280,280,277,258,251,248,243,237,241,246,232,230,228,228,237,223,221,220,220,218,220,235,217,215,216,214,232,214,213,214,214,214,213,226,214,211,210,211,225,215,211,210,208,210,209,222,213,207,208,208,220,212,205,206,204,205,205,211,215,204,201,202,209,212,201,198,199,198,197,202,207,197,194,196,201,207,196,194,192,193,191,195,206,190,189,189,192


198,187,184,183,185,183,184,193,192,183,183,186,195,196,186,183,186,186,187,194,194,185,187,184,193,199,188,187,188,189,189,194,198,188,186,187,193,200,191,192,197,203,207,221,239,236,246,259,274,290,289,299,310,320,328,337,357,355,363,371,381,401,396,403,411,418,425,432,452,445,444,451,455,472,465,464,466,467,469,473,483,486,483,485,490,505,509,504,510,514,521,526,537,545,537,543,546,555,562,552,554,552,554,553,555,561,544,543,537,541,544,528,526,522,521,520,522,529,513,512,510,514,521,508,504,502,500,496,499,506,490,486,484,482,488,476,468,463,459,454,452,460,445,436,432,429,436,423,416,412,404,401,396,399,391,379,373,368,369,364,346,339,331,323,316,319,311,296,288,280,280,275,260,252,246,242,239,241,245,229,227,228,232,235,225,221,220,219,220,223,229,218,217,215,220,226,214,215,212,214,213,213,225,212,212,211,214,225,212,209,209,210,211,209,225,212,209,207,208,222,211,205,206,204,205,206,212,211,202,201,203,209,209,201,199,198,199,199,204,207,198,194,195,202,207,194,194,191,191,191,196,203,191,192,189,194