187,189,185,187,185,186,186,187,189,187,189,187,188,190,189,191,191,192,192,193,195,197,197,196,196,198,201,200,200,200,200,199,200,201,200,198,200,204,212,219,234,254,282,316,354,399,443,490,536,582,639,677,689,691,694,696,696,697,699,705,701,702,701,701,706,703,703,704,704,704,705,709,707,706,707,706,708,707,706,707,705,708,707,712,709,708,709,709,712,710,710,708,707,707,708,713,709,708,709,710,712,710,710,710,708,707,707,710,708,707,706,709,710,708,707,706,708,707,707,708,708,706,705,704,704,711,705,707,706,706,705,705,709,704,704,705,705,707,704,704,702,701,698,699,702,700,700,699,700,704,699,699,699,698,696,697,699,697,695,695,693,695,690,687,682,668,636,607,577,545,517,490,468,444,423,405,392,379,369,363,352,345,338,335,332,323,321,316,313,310,307,309,302,306,300,298,299,292,296,293,292,292,289,292,287,291,286,285,287,284,284,281,281,280,278,280,277,276,272,270,271,268,268,264,263,262,259,259,257,256,252,250,247,247,244,241,237,235,234,233,234,228,227,224,222,223,220,218,217,216,214,212,214,209,210,206


167,168,170,167,167,166,166,167,168,168,167,166,164,170,170,167,168,167,168,165,171,170,168,167,168,171,171,170,169,169,168,168,170,169,168,168,168,171,170,175,173,177,182,186,194,199,210,214,221,230,237,245,250,256,262,268,275,280,288,292,298,305,310,317,319,323,328,332,336,338,345,344,347,349,351,355,354,354,356,357,357,364,365,365,369,368,377,379,380,384,386,390,391,399,400,400,401,403,407,408,407,405,406,404,402,403,399,400,395,392,391,388,390,384,382,381,379,378,377,379,374,375,375,372,373,368,366,364,363,363,360,360,354,352,352,348,348,342,339,337,332,330,328,327,321,318,313,316,313,307,305,300,297,291,294,290,282,278,273,274,269,261,257,251,245,241,241,233,229,222,219,217,210,209,204,201,199,196,197,193,196,190,190,192,189,192,188,187,185,186,186,185,188,184,183,185,184,187,183,183,183,182,183,182,186,183,181,184,183,184,182,180,182,182,179,181,184,181,179,177,184,183,181,179,178,178,176,182,179,177,178,177,179,178,176,175,175,174,174,175,173,174,173,173,176,172,174,173,172,172,172,172,171,174,170,170


169,167,166,165,166,168,166,169,167,165,169,167,170,167,167,167,166,169,168,170,167,167,169,169,172,168,169,168,169,170,168,171,169,169,167,172,172,169,171,172,173,175,185,189,193,199,205,218,224,229,236,242,248,256,264,270,275,281,287,293,299,307,309,313,318,323,328,331,338,339,342,346,347,352,350,351,352,354,358,357,361,361,363,367,368,373,374,376,379,383,387,389,394,394,397,401,404,407,405,405,405,405,404,405,406,402,399,394,398,395,391,387,385,384,380,384,382,378,378,376,376,376,374,371,369,369,367,367,365,362,360,357,357,353,353,347,346,342,339,338,334,333,328,325,324,319,320,313,310,305,303,302,296,296,290,286,284,279,278,270,265,261,256,253,247,244,237,232,227,226,223,215,210,207,204,199,202,199,195,193,191,196,194,192,189,188,188,186,191,188,185,185,185,187,187,186,184,185,183,184,184,183,185,182,182,183,183,185,183,183,182,182,183,182,184,180,182,182,181,182,180,179,179,180,180,178,180,179,178,178,178,180,176,176,176,175,174,175,177,174,174,170,177,176,173,172,173,172,170,175,173,172,171,169,173,172


167,167,164,171,168,167,165,166,169,170,168,167,167,167,167,169,167,167,166,168,170,169,171,168,168,168,169,170,169,172,169,167,170,170,172,169,168,169,170,173,173,180,181,186,194,202,210,215,223,228,235,244,249,257,261,268,272,284,290,294,298,304,309,312,323,326,328,331,333,342,344,344,346,348,351,350,357,357,356,358,360,364,365,367,368,370,373,376,381,383,388,388,392,398,398,404,402,403,404,406,409,407,409,403,404,404,400,400,394,392,389,387,387,383,386,380,378,379,379,380,375,373,372,372,371,369,370,366,364,359,364,361,355,352,350,348,342,346,342,336,333,330,331,327,323,320,315,312,310,308,306,302,298,293,292,287,286,278,274,269,266,263,256,253,246,241,239,233,230,223,219,215,211,208,205,204,198,196,198,195,196,191,190,190,189,189,188,189,187,186,185,187,189,186,185,183,185,181,186,186,183,182,181,187,186,183,182,183,182,180,185,184,182,182,180,182,182,181,180,180,180,179,180,180,180,179,177,179,179,181,177,177,176,177,177,175,177,174,174,175,174,176,174,173,172,172,173,173,174,171,171,172,172,173,171,169


167,166,168,166,166,166,167,170,166,167,166,166,165,169,169,168,167,166,171,170,168,169,168,167,166,172,170,170,168,168,172,171,170,169,169,168,170,171,172,172,173,178,183,187,196,200,207,214,221,230,237,245,250,255,263,270,278,282,285,293,298,305,309,316,318,323,330,333,338,339,342,344,346,349,351,353,352,354,354,361,363,361,363,365,368,368,378,379,380,382,384,391,395,395,398,400,401,403,408,408,406,405,405,406,405,403,399,397,395,392,392,387,387,383,382,382,381,381,377,376,374,373,375,372,373,368,368,367,365,365,360,357,355,353,351,347,347,341,340,336,334,334,327,325,321,319,315,314,312,306,304,298,303,297,291,285,283,278,272,273,268,260,256,252,247,245,238,232,229,223,219,215,213,208,204,201,202,197,198,195,192,192,191,191,190,192,189,187,189,187,189,186,186,184,184,184,184,186,183,184,185,184,186,182,182,182,181,184,183,184,181,182,181,185,184,182,180,181,181,178,183,181,179,179,176,183,181,179,177,177,177,176,180,178,176,175,175,176,177,175,174,173,174,174,173,173,174,172,171,174,172,173,171,171,170,170