174,171,170,169,172,170,170,172,169,170,170,173,173,171,172,172,174,173,172,177,174,175,173,177,179,177,177,177,181,179,174,179,176,176,176,178,180,180,181,186,195,206,214,231,246,264,285,307,330,344,363,380,398,417,430,448,461,476,491,506,527,534,546,559,572,586,593,607,614,621,628,634,645,649,650,653,657,662,663,668,671,673,678,683,692,695,699,704,709,713,716,715,719,719,718,720,723,720,720,721,721,721,721,719,722,718,718,718,720,716,714,714,715,711,709,707,709,706,703,701,702,700,695,692,690,687,685,681,678,671,667,660,655,656,645,637,631,624,620,608,603,594,587,578,569,568,560,549,541,534,529,517,511,505,492,481,471,465,456,440,429,417,409,395,379,373,357,346,333,322,313,299,289,279,275,265,256,254,246,244,241,238,239,234,231,229,231,229,225,224,220,221,219,220,225,219,217,217,216,217,215,216,214,212,212,212,218,213,211,212,212,213,209,209,210,208,207,205,209,209,206,205,203,206,202,202,206,199,198,198,199,199,196,195,194,195,192,188,193,188,187,187,189,190,185,185,184,187,184,182,183,181,180,179,181,182


170,171,169,169,170,170,176,172,170,170,174,171,171,172,171,170,171,171,178,174,174,175,178,175,176,177,181,177,177,179,182,177,177,176,180,179,178,178,184,185,193,202,220,232,248,268,287,311,328,346,366,382,400,417,438,451,466,480,496,513,524,538,553,564,575,588,602,616,618,627,634,643,646,650,656,658,661,664,668,677,674,679,683,691,694,699,706,710,711,715,716,719,717,718,719,720,720,720,722,727,722,721,721,723,720,718,718,720,717,717,713,718,714,714,712,713,710,708,707,706,702,702,698,699,694,690,688,690,683,676,672,666,664,655,648,643,636,628,620,617,615,599,591,583,579,569,560,555,546,538,529,520,518,505,497,487,479,467,455,445,434,421,408,395,389,373,361,348,338,324,311,300,295,280,272,264,263,253,249,246,243,242,236,232,233,229,228,226,229,225,222,222,221,224,218,217,218,217,217,216,219,219,215,214,213,215,213,212,214,212,210,210,213,217,209,209,209,211,207,206,207,204,203,203,200,207,202,201,199,202,199,197,197,196,194,192,191,196,190,190,188,192,188,187,185,189,183,184,183,187,183,182,180,182,183,178


173,171,171,170,170,173,173,170,171,170,169,172,173,175,171,173,172,175,175,177,173,173,174,176,176,179,178,178,177,180,174,179,176,175,176,180,179,181,182,186,193,205,215,232,246,265,285,306,325,348,363,379,398,415,432,448,460,477,490,506,523,535,546,559,570,581,597,606,613,621,627,633,644,646,651,653,655,658,663,668,669,673,676,681,691,694,700,705,709,711,714,717,721,717,718,721,723,720,719,720,721,721,720,718,724,718,718,718,720,716,714,715,714,711,709,707,708,704,701,701,700,698,695,691,689,687,682,682,678,669,665,661,657,653,645,636,630,623,615,612,603,593,585,578,569,566,558,551,541,533,525,520,511,502,491,482,471,464,452,442,429,417,406,397,382,373,356,345,332,322,310,302,289,279,272,266,256,256,249,244,240,240,236,236,232,229,227,228,226,225,221,219,220,221,220,221,218,217,216,218,218,216,215,212,213,213,215,214,212,211,211,210,214,212,208,208,208,204,208,208,208,204,204,204,205,203,202,199,198,195,198,197,198,195,194,192,194,191,193,188,188,186,188,186,188,186,184,184,186,180,185,180,180,180,180,178


173,171,171,170,169,171,173,169,172,171,173,172,171,176,173,171,172,173,175,173,175,175,178,176,173,179,178,176,178,177,180,177,177,178,179,178,176,181,181,185,192,202,218,229,247,270,287,308,326,347,364,381,398,416,433,448,461,480,491,509,521,536,548,560,572,585,597,605,614,625,629,638,641,648,652,652,656,661,664,670,670,677,681,686,690,696,705,706,710,713,715,717,716,720,719,721,720,720,724,722,720,722,720,719,720,720,720,719,717,716,717,714,715,712,711,708,707,708,708,703,700,699,698,692,690,688,683,682,676,671,671,662,659,651,646,638,632,624,617,611,603,594,590,579,574,566,559,552,543,533,527,519,513,502,496,484,476,462,452,444,430,418,405,394,385,371,360,346,337,321,308,302,289,280,272,264,261,253,250,246,243,240,235,235,233,230,227,227,228,224,221,225,222,222,218,218,217,216,217,215,219,214,213,216,213,215,212,213,213,211,211,210,212,211,209,210,208,208,206,207,208,205,204,203,204,205,200,202,200,201,198,195,198,194,193,193,191,194,191,191,189,190,187,184,187,185,184,183,184,185,183,184,183,182,180,179


173,169,169,169,169,170,173,173,169,170,172,175,174,172,172,172,171,172,173,176,177,175,174,178,179,176,177,177,177,178,178,178,179,176,175,179,181,180,182,186,193,202,216,235,250,266,286,308,328,347,364,382,398,415,428,452,467,479,494,510,524,538,549,561,574,584,595,609,618,625,631,640,645,650,651,655,658,661,664,671,674,676,682,688,696,697,702,707,711,712,716,718,717,718,720,721,723,720,720,721,721,722,720,723,722,720,718,719,720,717,715,716,714,712,712,710,712,708,706,703,703,701,698,693,691,688,685,680,682,676,670,665,661,655,649,639,632,625,618,610,606,599,589,582,577,567,563,551,543,535,528,521,514,505,494,484,475,469,457,442,430,418,407,394,384,373,361,347,333,325,314,300,289,280,271,263,259,255,251,244,240,240,239,234,232,230,227,227,225,227,224,221,220,221,222,220,218,216,216,215,213,218,218,213,213,214,216,216,213,211,211,210,209,211,212,209,208,208,208,208,206,204,205,203,202,202,204,200,199,198,201,200,196,194,193,193,190,192,193,191,188,186,188,190,187,185,183,184,183,184,184,184,180,178,182,181