
169,169,170,173,171,170,169,169,171,170,170,170,169,169,169,172,169,174,171,171,174,171,175,171,173,173,173,175,173,175,174,173,175,171,177,174,175,175,177,180,186,191,197,204,215,228,239,247,259,271,281,292,305,315,324,333,341,355,363,371,380,388,397,406,418,425,432,437,444,454,458,462,466,469,473,477,483,482,489,489,493,499,502,506,510,515,521,527,534,536,548,549,556,565,563,575,574,577,581,582,586,584,587,582,580,581,575,574,568,564,560,558,556,556,553,548,545,544,545,542,538,537,535,534,531,533,529,524,522,519,518,515,509,505,501,495,491,489,484,478,472,468,466,459,453,448,444,437,433,429,420,420,411,405,403,393,389,379,371,364,356,350,339,336,325,316,310,297,294,281,274,266,258,252,248,241,237,232,232,227,226,222,220,219,216,215,216,213,212,211,209,212,209,208,207,206,206,205,207,205,204,204,204,205,205,202,202,202,201,202,203,200,202,199,199,200,199,199,197,196,196,196,197,193,197,194,193,193,189,194,190,189,188,187,189,187,189,184,184,186,183,186,183,181,182,181,180,183,181,178,178,179,180,179,177,177


169,169,170,170,172,171,170,168,169,170,172,170,170,171,170,171,173,171,170,170,170,173,175,173,173,173,173,173,177,174,174,174,173,176,176,175,174,176,178,179,185,190,198,205,214,228,237,249,259,270,282,293,305,310,326,332,341,355,363,374,380,388,397,407,415,426,433,437,445,452,457,466,467,470,473,478,481,486,487,490,492,497,503,506,510,515,521,525,531,540,547,550,555,560,569,572,574,577,579,582,583,586,585,582,581,577,577,574,567,564,560,557,556,554,549,550,545,544,544,542,541,536,536,532,532,531,526,529,522,518,519,512,512,504,499,495,492,487,485,479,473,468,463,458,455,448,443,437,432,428,424,418,410,404,398,395,388,379,372,363,356,348,342,333,323,316,307,302,292,281,274,266,258,251,248,241,237,232,229,229,225,222,219,219,216,215,216,210,216,210,208,211,209,209,206,207,205,205,205,206,207,204,204,205,201,205,202,200,201,201,200,203,201,200,198,199,198,198,196,197,196,196,194,197,195,193,193,191,194,193,191,189,189,189,188,189,188,185,184,183,186,184,182,181,181,181,181,181,180,180,178,179,180,179,178,177


169,170,170,169,172,170,171,170,169,173,168,172,169,169,170,170,172,170,172,170,171,173,172,173,173,172,173,173,174,175,175,174,172,176,173,176,176,177,176,179,184,191,198,205,214,227,239,249,259,270,282,293,303,317,323,333,343,351,364,371,380,388,397,406,415,426,428,442,444,450,458,461,469,470,474,477,479,485,486,491,493,497,503,504,512,514,520,526,531,539,544,551,554,560,569,570,575,576,579,581,582,583,586,584,580,577,576,573,569,564,559,558,555,553,552,548,545,544,542,542,540,536,535,532,531,529,529,522,527,518,515,515,508,506,500,496,491,487,485,476,475,467,462,460,450,452,442,438,432,427,425,417,413,404,398,394,384,381,371,363,356,348,342,333,325,315,308,300,290,283,274,266,258,252,245,243,237,232,229,227,227,224,221,218,215,215,214,216,211,211,209,209,211,208,207,205,206,205,204,207,202,208,203,203,206,202,206,201,201,199,201,202,200,202,198,198,201,195,200,196,196,196,194,197,194,194,192,191,194,190,191,189,188,188,188,187,188,186,185,184,186,183,183,181,181,180,181,179,182,181,179,178,178,179,178,176


170,169,170,169,170,173,171,170,169,170,172,171,170,169,169,170,170,173,173,170,170,170,174,174,173,172,172,172,173,175,174,173,174,174,175,175,174,175,177,179,184,190,196,209,213,225,238,249,261,270,282,292,303,313,323,336,342,352,362,370,383,389,397,405,415,422,433,439,445,450,456,463,468,469,473,476,480,482,489,491,492,497,500,508,512,515,520,524,532,536,545,552,555,561,564,572,576,577,579,581,582,582,584,584,581,577,575,574,569,565,560,556,555,552,549,549,549,542,541,542,539,540,535,533,531,529,526,526,525,518,516,512,510,506,499,495,491,486,482,480,474,468,463,458,455,450,444,437,433,428,422,420,413,404,400,393,388,381,371,363,355,348,340,335,324,316,307,298,292,283,273,267,258,252,246,242,237,233,229,226,226,222,222,217,215,215,213,212,212,215,208,208,209,207,210,205,206,206,205,204,208,206,203,203,202,204,203,201,202,201,201,200,203,200,199,197,197,200,199,196,195,195,195,194,197,194,192,191,190,193,192,189,188,188,187,186,188,187,186,184,183,184,185,183,181,181,180,179,181,179,182,178,177,179,178,179


171,169,170,169,170,173,169,170,170,168,172,170,172,170,169,170,170,173,171,173,171,171,174,173,173,172,173,173,173,175,176,175,174,174,175,177,175,175,177,179,183,189,199,202,219,226,237,250,260,271,281,291,303,313,324,331,346,352,360,372,377,392,398,405,414,422,433,436,446,451,455,462,464,472,473,476,479,481,487,489,494,495,498,506,509,516,520,524,530,536,543,549,556,559,564,571,575,579,579,580,582,583,582,584,580,578,574,571,569,566,561,557,554,552,550,548,543,546,541,539,540,538,537,532,530,528,526,526,520,520,516,511,511,501,501,495,491,486,482,479,472,469,462,457,455,447,444,437,432,426,421,418,410,406,399,391,389,380,372,364,355,347,340,332,325,316,307,299,292,283,275,266,257,250,244,242,238,232,231,225,224,223,220,219,217,216,213,212,215,208,214,209,209,211,206,209,207,206,205,204,207,203,204,204,202,205,200,204,200,202,200,200,202,199,199,198,197,200,198,198,196,195,195,194,195,195,193,193,191,193,191,190,189,189,186,187,186,188,185,185,184,183,185,183,182,180,180,180,179,181,177,182,177,177,180,178