
171,176,170,169,171,171,173,171,174,172,171,172,171,176,172,171,171,172,174,175,176,174,174,175,175,178,176,174,176,175,176,179,177,178,176,177,178,176,187,182,185,191,198,211,217,230,237,248,258,267,284,286,294,303,313,323,329,341,347,354,361,370,383,384,389,397,402,413,416,424,426,430,433,437,446,442,445,447,448,454,454,461,462,465,470,473,483,483,486,491,495,503,507,513,515,519,522,525,531,529,528,530,529,528,531,528,524,519,518,515,511,514,505,503,501,498,503,497,498,494,492,492,490,495,487,485,483,481,481,475,477,471,467,464,460,462,453,448,445,440,439,433,431,423,420,415,410,412,402,396,393,388,387,381,377,368,362,357,352,351,338,331,325,318,313,304,299,289,282,275,268,265,255,248,242,238,233,233,231,226,223,220,219,215,223,214,213,212,210,215,209,211,208,207,207,206,211,205,203,203,203,205,203,206,202,202,200,200,206,200,198,198,198,200,199,200,197,196,195,196,200,194,192,192,192,194,191,194,191,191,190,188,193,187,185,186,186,186,184,186,184,182,183,182,186,183,179,179,180,180,180,181,178,179,178,177


175,171,170,171,171,172,170,175,171,169,170,169,176,173,171,173,173,172,176,178,174,173,173,174,179,179,175,177,176,175,179,178,175,176,176,176,180,182,180,183,188,193,203,211,217,227,237,247,261,273,279,288,296,306,318,325,332,339,346,355,366,376,379,386,394,400,410,415,418,424,429,432,436,446,444,445,448,451,456,455,462,461,464,468,469,482,482,486,491,495,500,508,514,514,519,522,525,534,535,533,533,535,534,536,535,529,526,524,520,522,518,513,511,509,506,507,505,501,499,498,496,498,498,493,492,488,486,488,485,480,476,473,471,470,467,462,457,453,448,447,442,437,431,426,422,418,419,410,406,400,396,394,385,386,376,371,366,357,360,348,340,333,327,320,314,310,297,290,283,275,272,265,255,250,243,239,238,234,229,225,223,222,222,222,217,215,214,214,216,212,209,208,208,207,209,210,206,204,205,204,207,205,202,202,202,202,204,204,200,200,201,200,202,199,198,197,197,197,196,202,197,195,194,193,196,191,195,191,190,190,187,195,190,187,188,187,186,188,187,182,183,182,181,185,185,181,181,180,180,181,182,178,176,177,178,180


171,172,171,171,169,171,175,172,170,172,171,174,172,173,171,172,171,173,174,176,174,175,174,177,176,174,180,175,175,176,177,179,176,176,176,179,176,179,184,182,185,191,202,209,217,228,238,251,259,268,279,286,295,303,312,325,328,337,346,353,363,367,377,382,390,396,404,415,415,421,425,429,435,434,440,441,443,444,448,456,454,458,459,463,470,470,477,481,486,489,495,504,508,509,513,517,524,524,525,533,527,528,528,529,531,524,521,518,518,514,510,511,504,503,501,502,500,495,494,493,495,491,488,491,485,483,481,479,481,475,472,468,466,466,458,457,451,447,445,441,442,433,428,424,420,417,410,407,402,395,391,387,388,380,375,368,363,360,351,345,339,331,324,317,312,307,296,289,282,278,267,257,259,248,242,237,235,236,229,224,222,223,219,216,219,214,212,212,214,212,209,209,207,210,208,205,206,204,203,203,203,206,202,203,202,201,205,201,202,200,199,199,199,204,198,196,198,196,198,196,196,195,193,192,192,198,193,191,192,190,193,188,189,188,186,186,184,187,188,183,183,182,185,181,179,185,179,180,179,180,184,178,177,178,182,177


172,173,171,170,172,172,174,169,173,171,170,170,169,179,172,172,173,173,176,173,179,173,173,173,173,182,176,176,175,176,180,178,179,176,175,176,178,183,180,183,187,192,203,208,219,228,237,249,259,274,279,288,297,306,316,322,332,338,346,355,363,375,379,385,393,400,409,414,421,424,428,432,436,441,446,445,447,449,453,459,455,463,463,466,471,474,488,484,490,494,501,509,509,519,517,521,525,529,538,531,532,533,533,535,530,532,526,523,520,518,521,512,510,508,505,506,501,503,499,497,495,495,499,493,490,489,486,487,483,482,477,472,470,466,468,461,456,451,449,446,441,437,431,427,423,418,415,413,406,399,396,392,390,378,378,371,364,359,350,356,341,334,328,320,316,304,301,290,282,276,268,267,256,249,245,240,238,232,231,225,224,222,219,223,217,216,213,212,215,210,213,208,208,207,207,213,207,205,204,205,207,204,205,203,201,202,201,205,202,201,200,199,201,200,200,197,196,197,196,197,198,196,193,193,194,197,189,193,191,190,189,187,195,187,188,186,186,188,184,188,183,182,182,181,187,182,181,180,179,183,178,181,179,177,178,177


176,171,170,170,170,172,172,173,170,171,172,172,173,173,171,172,172,170,177,175,173,175,174,174,177,180,176,175,177,175,179,179,176,175,176,177,180,181,180,181,186,191,202,210,217,226,237,248,261,270,276,286,293,304,314,323,329,338,345,353,362,373,376,383,389,396,405,411,419,421,425,429,434,440,439,440,444,447,448,453,457,458,459,464,468,474,479,481,486,491,494,506,508,509,514,517,521,526,531,527,529,528,528,531,531,524,522,519,515,516,512,508,505,503,502,502,500,496,494,494,492,494,493,487,485,484,483,483,480,475,472,469,466,464,465,456,452,449,444,443,437,436,428,423,418,414,417,406,401,396,393,389,386,383,374,368,364,357,351,347,337,330,323,316,315,308,298,289,282,275,270,265,253,248,243,239,237,235,228,226,223,221,223,219,216,213,213,212,214,214,209,208,208,208,209,208,206,204,203,203,206,204,205,202,202,201,201,204,201,199,198,199,199,199,201,198,196,196,197,198,195,193,194,193,192,196,196,192,192,191,189,191,192,188,187,186,183,190,187,185,182,183,183,185,185,181,180,179,179,183,182,179,178,177,177,179