
172,171,174,176,172,172,172,172,173,175,176,171,172,171,175,176,173,174,174,173,174,177,178,173,175,174,178,178,175,175,175,175,174,177,178,176,176,177,181,184,185,189,195,205,213,227,237,248,258,270,284,294,304,312,320,331,341,351,363,374,379,387,396,407,418,421,427,435,440,448,456,461,461,465,468,473,477,477,479,482,485,489,496,499,500,505,510,518,525,527,533,537,541,548,557,561,559,563,565,571,572,569,569,566,565,563,563,559,554,548,546,545,544,538,535,533,530,529,529,528,527,523,521,521,520,516,513,510,508,503,502,501,500,490,486,484,481,480,469,466,460,455,451,450,444,436,431,427,424,421,413,408,401,396,390,388,381,370,364,358,354,346,336,325,319,312,304,299,289,278,270,263,259,252,245,239,235,231,228,229,227,221,219,219,219,219,213,212,211,211,208,210,210,210,207,206,209,209,207,205,205,204,204,203,204,207,202,202,201,202,206,201,200,201,200,200,203,201,197,198,196,200,198,195,195,195,193,193,196,195,191,189,190,193,192,188,188,187,187,185,189,187,183,183,182,186,186,182,180,182,180,179,183,181,179,179


172,172,178,173,171,172,170,170,172,174,175,171,171,172,176,175,172,172,172,174,174,176,177,173,174,174,176,180,175,175,175,175,175,175,180,174,176,175,179,184,184,188,196,204,214,224,242,246,258,270,281,297,302,312,321,331,340,350,367,369,377,386,396,411,412,419,427,433,441,447,457,459,460,464,468,476,474,475,479,483,484,487,493,502,500,504,511,519,526,527,531,537,542,547,553,561,560,562,565,568,572,567,567,566,565,563,560,561,552,550,545,545,546,538,534,532,530,528,527,533,525,521,520,518,523,515,511,509,507,504,501,504,495,490,487,482,484,474,468,465,459,455,450,452,442,436,432,427,429,419,411,406,401,396,390,386,382,371,364,357,352,346,334,327,319,310,303,298,292,277,272,262,256,254,245,239,234,231,227,226,228,220,219,218,217,220,213,212,211,211,210,210,215,207,208,205,206,213,206,204,205,203,203,203,208,204,203,202,200,207,201,200,201,200,199,199,202,200,198,196,196,202,197,195,194,195,193,192,193,198,191,190,190,191,194,188,188,188,185,186,188,189,185,183,182,184,187,181,181,182,179,179,181,184,178,178


172,171,175,176,171,173,172,171,172,174,176,171,172,171,174,176,173,173,173,173,172,176,177,174,174,174,177,179,176,176,176,176,175,179,178,175,176,175,181,184,184,189,196,205,213,227,239,247,258,269,283,295,301,312,321,331,340,352,362,370,376,385,398,406,413,420,427,433,440,447,454,460,460,463,468,472,479,476,479,481,484,487,494,499,501,504,509,517,523,525,532,537,541,546,554,558,558,562,563,570,571,566,566,566,563,560,563,559,552,548,544,545,543,537,534,532,529,528,528,528,524,521,519,520,519,514,512,509,506,503,502,498,496,489,487,485,481,476,468,464,460,455,451,447,445,434,430,426,422,421,411,406,400,396,389,387,381,371,362,356,352,344,333,326,317,310,301,297,289,278,271,263,260,252,243,239,234,231,227,229,226,220,220,216,219,217,214,212,211,211,209,211,211,209,206,206,209,208,205,205,205,204,203,204,204,206,201,201,204,204,204,200,200,200,199,199,202,202,198,196,196,198,201,196,194,194,193,192,197,195,191,191,189,192,191,189,186,187,187,186,189,187,184,182,183,185,186,181,181,181,180,179,182,181,179,176


173,174,176,173,179,173,172,172,173,181,173,175,173,174,176,175,179,174,173,174,174,183,175,175,175,175,179,177,180,177,177,177,176,183,178,178,178,180,183,182,190,190,197,205,216,231,240,248,260,270,285,297,307,314,323,333,344,358,367,372,380,388,398,409,417,425,430,436,443,452,462,461,465,467,471,477,477,484,482,484,487,490,504,500,504,508,513,523,524,534,535,539,544,551,565,560,563,567,569,572,572,577,571,569,568,565,570,561,555,551,550,548,544,546,539,536,533,532,536,533,527,526,524,522,524,523,516,513,510,506,510,506,497,495,490,486,485,478,476,468,464,459,456,457,445,441,434,429,428,421,421,409,403,400,393,396,381,375,368,359,355,345,340,329,320,314,304,306,291,281,274,266,260,253,250,240,236,233,229,234,226,224,222,220,222,219,219,215,212,213,212,215,216,210,210,209,208,211,212,207,208,207,206,211,211,206,204,205,205,207,204,207,201,201,200,204,209,201,201,200,199,202,197,204,196,197,195,194,203,194,194,195,193,195,190,195,189,189,187,187,196,187,187,186,187,186,186,188,184,183,182,181,187,183,180,180


174,174,173,177,174,173,176,175,178,173,173,178,175,174,175,178,175,174,174,180,178,176,177,174,182,176,177,179,179,178,178,183,180,176,177,177,182,177,179,184,188,190,198,210,218,226,236,247,265,272,282,293,307,314,322,338,345,355,361,369,383,387,396,406,418,420,429,438,441,450,452,457,465,465,467,471,478,476,479,484,487,492,493,496,503,508,509,516,525,527,533,538,547,551,551,556,559,569,565,567,571,569,568,567,570,566,559,555,553,555,546,541,543,539,534,534,536,532,529,525,524,528,522,519,517,519,511,509,511,505,505,497,494,496,487,482,479,479,469,465,466,456,455,446,441,442,435,428,424,421,414,409,404,401,395,386,378,375,370,358,351,348,335,329,320,317,308,295,287,279,278,265,259,256,247,241,236,239,233,227,224,223,226,219,218,220,216,213,214,217,215,211,210,208,213,208,207,207,213,208,207,211,208,210,205,204,209,205,204,203,207,202,203,206,202,204,200,199,203,201,200,199,201,196,198,197,198,198,195,193,195,199,193,192,194,192,189,188,194,192,188,185,185,191,184,184,187,184,184,184,187,185,182,181,179,184