

172,170,171,169,170,170,169,169,171,173,169,169,171,168,172,168,169,170,168,170,171,171,170,169,169,172,173,171,171,170,170,172,174,173,171,171,172,175,175,175,178,183,187,193,205,212,220,230,239,251,260,267,277,286,295,304,317,325,332,342,351,363,371,379,386,393,402,411,418,425,432,436,440,448,450,458,458,462,465,470,474,480,487,486,492,499,504,514,516,522,529,534,541,550,555,557,561,566,572,574,572,573,574,574,573,574,570,564,562,560,558,557,551,549,546,545,543,545,543,539,537,537,538,537,531,530,527,524,522,523,519,513,510,506,505,499,495,490,484,480,475,472,466,464,457,450,448,439,440,432,426,421,414,410,404,401,391,383,377,369,365,353,344,335,329,320,315,305,294,285,277,273,263,255,248,243,239,235,235,230,225,224,223,223,219,217,215,214,214,212,214,211,209,208,208,210,209,207,206,205,205,205,207,205,204,202,203,205,205,202,201,200,201,200,199,200,203,199,197,200,196,199,196,195,193,193,193,194,197,191,190,189,191,192,188,187,186,185,184,188,185,184,184,181,184,183,180,180,180,179,179,181,181,177,176,176


170,171,173,170,170,169,171,170,173,172,169,169,168,172,172,170,169,169,169,170,172,172,169,168,169,172,172,170,169,171,172,170,174,174,171,171,172,174,176,175,178,183,188,194,205,212,219,229,239,251,259,269,277,286,296,305,315,324,337,341,350,361,370,381,385,394,402,410,417,427,432,435,441,445,452,457,457,461,464,468,472,481,485,487,492,497,507,512,516,521,528,535,540,549,555,558,561,565,571,574,572,574,573,573,571,573,570,564,561,558,559,555,552,548,546,544,542,544,540,539,538,535,535,535,533,529,527,523,521,520,518,517,509,505,502,497,498,489,484,479,474,471,468,463,455,450,447,443,438,431,425,420,415,408,406,398,389,382,375,371,362,353,345,337,328,320,314,305,294,285,277,273,263,254,248,244,239,235,234,229,226,224,222,223,220,218,216,213,213,213,213,209,213,208,207,209,208,211,205,207,205,205,205,205,208,204,203,202,202,206,201,201,201,200,200,201,199,198,198,197,201,199,197,196,194,194,193,195,194,190,190,191,191,191,188,187,185,185,185,188,187,183,182,182,184,183,181,180,180,180,179,181,180,180,177,177


169,172,170,170,169,170,169,170,173,170,171,169,168,171,169,171,169,170,169,170,172,169,171,169,170,172,169,172,172,170,171,170,172,172,173,171,171,174,176,177,181,183,188,194,202,212,218,232,239,248,261,267,281,286,295,305,314,326,330,344,351,359,371,375,389,395,402,410,417,426,429,438,440,444,452,454,459,461,464,469,473,480,482,487,491,496,506,509,518,521,527,533,540,549,551,558,560,565,570,570,574,574,573,572,571,570,569,566,561,558,555,554,552,548,546,544,542,541,542,537,541,536,534,534,528,531,526,524,520,519,518,511,512,504,502,500,493,491,485,479,474,470,468,460,458,449,446,443,435,432,424,419,414,408,406,396,392,382,375,371,360,353,345,336,327,320,313,303,296,285,277,271,262,256,249,243,239,235,232,231,226,225,222,219,222,216,217,213,213,213,211,214,208,213,208,208,209,204,209,205,205,204,204,206,204,205,204,203,205,201,202,200,200,199,199,201,199,200,197,197,199,196,196,196,195,193,193,196,193,192,191,189,192,190,188,187,187,186,185,186,186,185,183,182,184,182,182,182,179,179,179,178,181,176,180,176


169,169,172,172,170,169,169,170,170,172,170,170,169,168,172,173,169,169,168,170,169,173,172,169,170,171,173,171,171,170,170,170,172,172,173,173,172,172,174,178,183,182,187,194,203,211,221,233,238,248,259,269,281,286,295,304,314,323,335,343,350,360,368,380,388,394,402,410,417,423,432,437,440,445,449,456,459,460,464,468,472,477,484,489,492,496,503,511,519,522,529,535,541,547,553,559,562,564,567,571,574,574,574,572,572,569,567,566,566,558,556,552,551,552,547,543,542,541,539,541,540,535,533,532,533,531,527,525,521,518,516,515,511,505,502,497,495,492,485,479,474,469,464,463,457,451,445,440,439,433,425,419,415,409,402,400,391,382,375,368,363,354,346,337,327,320,312,303,296,287,278,269,263,259,252,244,239,235,231,229,226,228,222,220,218,217,218,214,214,211,211,210,212,212,208,208,207,209,207,206,204,204,204,204,207,204,202,202,201,206,203,201,201,200,200,199,201,200,197,197,196,199,197,194,194,194,193,194,193,194,190,191,189,191,190,187,186,185,184,184,184,183,186,182,182,181,183,184,179,179,179,177,178,180,181,176


171,170,172,169,168,173,169,169,168,169,173,171,169,170,171,169,169,171,168,168,170,169,175,170,170,171,170,173,170,172,171,170,171,171,176,172,172,173,174,179,179,183,188,194,201,211,225,230,239,249,259,270,277,287,296,305,314,324,337,344,352,361,369,381,388,392,407,410,419,425,431,442,442,446,451,458,458,461,470,469,473,478,484,493,494,500,505,512,519,523,532,536,543,547,554,564,563,567,569,573,577,575,577,575,574,572,569,572,563,561,558,555,555,550,551,547,544,544,542,546,540,538,536,534,535,530,531,527,524,521,517,518,513,507,504,500,498,490,484,485,475,471,466,462,462,452,447,442,440,433,426,424,415,409,403,398,396,383,377,368,362,356,346,340,330,320,311,303,299,287,278,271,263,259,250,245,240,234,231,230,232,224,223,221,220,219,215,215,213,211,210,211,215,211,209,208,207,211,206,205,208,206,204,204,206,208,204,203,203,205,202,199,205,200,199,199,200,202,199,197,197,199,196,195,195,194,192,192,192,197,191,190,189,189,191,186,188,185,184,185,183,188,183,183,183,181,184,180,182,178,179,179,177,183,178,176