

193,184,182,184,181,187,191,184,182,180,180,183,195,184,184,184,185,185,190,190,184,183,186,186,200,187,187,187,187,188,193,195,187,187,186,185,201,191,190,192,196,205,217,230,230,240,253,266,291,299,305,317,329,340,357,372,370,379,390,401,421,428,430,441,447,456,470,482,479,486,489,496,503,516,509,509,512,516,523,531,527,527,533,535,542,560,552,559,566,569,581,585,594,592,596,602,606,624,612,615,616,615,615,620,620,609,605,602,596,607,593,586,582,578,578,581,583,569,569,565,565,573,564,560,557,554,551,553,556,541,539,535,532,535,532,518,515,507,503,504,504,491,482,477,474,470,477,459,453,447,440,441,437,424,417,408,401,394,402,380,372,363,355,351,343,337,319,312,303,293,301,281,271,265,259,252,254,253,241,238,236,233,245,233,229,227,227,224,228,231,220,220,221,220,228,223,219,218,218,218,223,225,216,216,215,215,222,222,214,214,212,213,218,222,212,211,208,211,213,223,211,210,207,208,210,213,208,205,203,204,204,215,201,200,199,200,202,204,207,195,195,194,193,207,194,193,193,192,193,198,199,190,190,188,188,202


193,182,183,183,181,184,188,194,180,180,180,185,193,184,184,183,183,184,189,193,185,185,186,191,194,188,187,186,188,186,191,195,188,187,185,190,191,195,190,192,198,202,217,227,232,242,254,268,284,303,308,318,330,341,357,363,379,383,393,402,419,434,432,441,448,458,469,478,490,487,493,495,507,517,510,512,514,517,520,531,537,530,533,539,550,560,558,561,567,572,578,588,600,597,599,605,615,619,619,616,619,618,617,621,622,612,607,603,603,599,599,588,583,580,579,581,580,577,569,569,568,569,572,562,560,557,555,554,550,553,540,538,532,533,534,520,515,510,505,501,497,501,484,481,474,475,476,461,454,449,442,437,437,436,418,411,403,403,398,384,375,364,358,347,346,340,323,311,305,299,290,285,272,265,257,254,255,252,244,239,237,239,235,240,230,229,226,225,230,224,226,222,219,219,223,228,219,219,217,219,219,218,225,214,215,216,218,224,213,215,212,213,214,217,223,211,210,211,214,220,210,208,207,208,209,211,216,206,205,204,207,212,205,202,199,200,200,205,208,197,197,195,200,197,199,195,192,194,192,198,199,191,191,189,191,192


185,188,182,182,182,182,197,184,182,182,182,184,186,193,182,183,184,185,198,185,184,185,185,184,190,197,185,185,186,186,193,191,188,188,186,188,193,197,191,192,196,203,215,232,231,242,257,269,289,303,309,319,330,340,354,378,375,384,396,404,421,426,438,442,450,458,468,492,483,489,493,499,509,510,522,513,518,520,522,540,530,532,536,543,548,557,567,563,570,573,582,600,596,598,604,608,613,621,627,621,621,620,620,627,624,615,611,605,603,604,604,592,585,582,581,581,588,577,574,573,568,573,575,564,561,559,555,553,564,548,544,541,534,535,529,528,516,514,506,501,511,493,488,482,476,474,468,471,457,449,442,437,449,429,421,413,407,398,396,391,375,366,356,349,353,335,323,315,306,298,292,289,272,264,258,252,256,253,241,238,235,234,237,239,231,226,226,225,224,239,222,222,221,221,225,225,222,217,218,218,218,230,216,215,216,216,220,215,224,214,212,213,212,227,212,211,211,213,211,213,217,208,207,208,206,221,206,206,204,203,205,207,212,199,199,197,199,209,200,196,198,195,195,201,203,195,192,190,191,193,203,192,189,189,191,195


186,191,182,180,180,187,189,184,182,181,181,183,189,192,184,183,184,186,187,191,185,186,186,186,191,192,190,187,187,186,191,196,185,187,188,187,189,193,198,193,194,204,217,229,231,241,257,269,282,299,314,316,330,340,357,371,374,383,394,402,412,429,444,440,448,456,470,483,481,487,491,497,503,510,518,512,516,516,523,529,530,530,535,538,545,552,563,563,567,573,579,589,597,597,601,604,608,617,617,619,618,617,617,619,624,611,607,604,600,596,594,597,585,580,577,583,584,574,568,568,566,563,569,572,557,556,554,557,559,545,542,536,534,530,528,531,515,508,506,504,503,492,486,480,473,468,468,467,454,447,442,439,435,432,419,411,403,398,395,387,376,366,357,347,344,340,321,314,303,294,289,282,278,262,259,253,252,253,241,239,235,234,232,235,236,227,224,225,230,232,222,221,220,220,218,224,228,218,216,217,220,226,218,216,215,213,216,221,223,213,213,213,215,220,215,210,211,210,211,213,217,210,207,205,208,210,212,206,203,204,204,207,209,204,200,198,199,204,207,196,197,196,196,196,199,202,193,193,191,195,200,192,190,190,190,189


185,195,181,181,183,182,188,181,193,180,180,181,182,196,186,183,184,182,190,185,194,185,186,186,184,200,188,187,187,188,190,186,197,187,186,184,185,197,196,192,196,204,215,220,236,242,253,265,281,300,314,317,327,338,353,362,373,386,389,401,412,424,441,439,449,456,466,476,479,493,490,492,499,504,517,510,513,514,519,526,525,537,532,537,541,546,567,559,564,570,576,587,587,603,599,601,605,608,623,615,615,615,614,617,610,615,606,599,597,592,594,594,583,578,575,577,572,575,569,566,562,561,565,566,557,554,552,552,548,545,548,535,528,525,526,528,514,507,502,499,499,488,493,477,470,466,464,467,452,444,442,435,435,424,426,409,403,394,386,392,375,363,355,345,342,331,328,311,303,293,286,286,275,263,259,254,253,246,249,238,235,234,232,238,237,226,227,226,227,223,222,224,221,218,217,224,230,216,218,217,217,218,218,224,214,215,215,216,223,213,213,212,213,215,210,221,210,209,210,209,220,209,208,208,208,210,205,215,203,203,203,200,216,202,199,198,198,204,199,207,197,195,193,194,200,201,192,192,191,195,193,196,192,188,189,187