
171,172,170,171,171,171,170,172,170,174,170,171,172,174,170,171,172,171,171,172,173,176,174,174,173,177,175,172,177,172,173,175,176,176,174,175,175,178,177,178,188,188,196,207,221,233,246,260,276,293,304,316,331,342,354,368,383,393,404,416,426,440,449,459,470,477,487,494,505,508,518,521,526,532,537,539,545,545,549,551,559,560,568,569,574,580,589,592,601,607,613,620,628,632,642,643,646,651,656,655,654,658,655,654,651,652,648,640,636,632,629,623,618,620,612,609,607,608,606,601,599,596,597,591,590,589,582,581,578,577,572,567,561,557,554,546,541,537,529,525,518,515,506,501,496,489,485,479,471,468,459,451,445,441,431,428,417,409,400,393,381,372,362,353,344,335,325,319,306,296,286,281,268,258,256,248,242,240,237,235,230,228,226,226,221,219,222,217,216,215,216,216,214,212,211,214,211,209,211,208,208,208,210,208,207,207,206,208,206,205,206,203,204,202,206,201,203,201,201,202,201,199,200,197,197,197,197,195,199,195,194,193,194,191,191,188,188,187,189,186,190,184,185,185,186,184,182,184,181,180,181,183,181,180,179,178


173,171,171,171,171,171,170,173,173,170,170,170,171,171,170,174,171,171,173,173,175,172,172,172,171,176,175,177,175,176,173,175,176,173,173,174,172,178,178,183,184,191,197,207,221,232,244,260,273,290,303,318,327,342,353,363,383,391,400,413,423,436,445,458,466,474,483,491,503,510,512,517,522,529,532,535,539,541,544,548,554,558,559,564,570,576,583,589,597,602,609,616,623,629,633,639,640,644,650,649,654,651,650,650,650,647,640,636,630,627,626,619,617,610,609,605,604,604,598,596,594,591,591,588,588,583,579,577,572,574,567,561,556,552,549,543,540,532,526,520,514,514,505,497,491,486,482,475,470,463,457,450,443,439,432,422,413,405,398,388,379,374,362,352,342,335,325,314,302,294,283,278,269,263,254,248,241,241,237,232,228,225,222,227,220,223,217,218,216,215,216,213,211,211,210,214,209,212,209,209,209,205,212,208,205,204,205,207,205,207,205,204,204,202,205,204,201,200,201,203,199,199,200,198,198,197,198,197,195,194,193,193,193,192,194,190,189,189,190,188,186,184,185,181,185,184,185,182,182,182,184,184,179,179,179,176


173,170,173,170,169,170,173,170,174,170,171,172,175,171,174,171,171,171,175,173,177,174,174,173,176,174,174,174,173,173,174,176,176,174,173,175,178,176,175,184,184,190,197,211,220,233,247,261,279,289,304,320,329,342,354,371,381,392,403,414,429,438,447,459,468,477,486,496,500,511,515,521,526,531,534,540,540,542,546,554,553,564,563,569,574,583,586,595,599,605,611,621,626,636,637,642,647,652,651,656,655,655,654,653,653,650,644,639,635,633,627,620,622,614,613,610,610,608,603,601,597,598,594,590,592,587,582,579,579,575,570,564,560,559,552,545,543,534,528,523,520,511,508,501,495,490,484,477,474,464,457,452,448,438,437,424,416,408,402,391,383,372,362,354,346,334,328,316,305,296,289,278,270,261,253,248,243,241,238,233,230,228,229,223,220,222,218,216,215,219,217,213,214,212,214,211,209,213,209,209,207,211,208,208,208,207,209,206,206,206,204,204,204,206,200,203,203,202,202,201,199,201,199,197,197,200,194,201,196,194,195,195,192,194,189,188,188,189,187,190,186,186,186,188,184,183,184,183,181,181,181,181,180,179,179,182


172,172,170,171,170,171,174,173,169,169,169,169,172,171,173,172,173,172,174,175,172,171,174,172,176,174,177,175,174,176,175,177,173,173,173,174,177,176,179,180,185,190,196,213,219,231,245,258,275,288,305,314,328,341,353,369,378,388,399,411,425,434,448,454,465,474,483,494,502,506,511,518,524,526,533,534,538,539,542,550,552,555,559,562,568,577,582,589,595,601,608,617,623,626,631,637,640,650,648,652,651,651,650,649,650,643,638,635,629,629,623,620,614,611,608,604,609,600,598,595,594,594,590,591,585,583,579,576,577,570,565,560,556,555,547,545,536,531,527,519,518,512,501,497,491,486,479,476,469,462,455,449,445,439,428,421,413,403,398,388,380,371,361,352,343,336,323,314,304,292,289,276,272,261,254,247,243,241,234,231,229,226,226,222,225,220,218,217,213,222,213,211,212,211,212,210,212,210,209,208,208,211,208,205,207,205,207,206,209,206,204,204,204,205,204,202,201,201,202,201,202,199,198,199,199,199,199,195,193,194,192,195,193,193,191,190,188,191,192,186,185,184,183,188,184,186,183,183,181,182,184,180,180,179,179,180


169,168,169,170,172,174,171,171,170,169,172,177,170,169,171,170,173,171,174,172,173,172,174,178,173,172,173,173,176,176,176,174,175,174,174,179,175,174,176,179,181,191,201,208,219,231,246,264,274,287,301,315,326,345,356,365,377,389,400,413,424,433,445,454,464,476,487,491,499,506,512,516,528,525,530,533,537,543,546,546,550,555,558,564,576,575,579,586,594,603,607,614,620,626,631,638,646,644,646,649,649,652,651,651,646,643,639,635,637,625,620,616,612,608,609,607,601,600,598,596,598,592,588,585,584,579,583,579,571,569,564,560,558,553,547,540,536,531,530,524,514,508,502,496,489,492,479,473,468,460,458,452,443,435,430,421,414,412,397,387,378,370,363,352,342,332,323,313,304,298,284,276,267,259,254,248,247,238,234,231,230,232,225,223,220,219,215,219,218,214,214,214,212,216,211,210,209,208,206,212,211,208,207,207,206,206,207,206,205,204,204,206,206,204,203,202,202,199,207,199,199,197,197,199,200,198,196,196,195,195,199,193,191,190,190,191,189,189,188,187,185,186,190,184,182,182,183,183,182,185,180,180,179,180,183,179