

171,173,171,171,171,173,171,172,174,171,172,174,174,177,173,173,174,174,176,176,179,176,176,182,178,181,180,178,179,176,182,178,180,178,176,180,178,180,183,185,191,198,213,222,238,253,268,287,302,318,336,346,360,374,388,400,412,429,439,451,463,472,487,494,503,513,525,531,539,549,552,561,565,568,574,574,577,580,585,587,590,597,598,603,612,615,625,627,635,640,650,656,661,670,673,676,686,684,687,689,688,688,687,689,684,682,677,673,672,665,661,656,651,647,644,644,639,638,634,631,632,627,625,623,619,614,611,611,605,601,599,592,591,583,578,576,567,560,554,551,542,535,532,523,518,512,504,500,492,484,479,473,464,457,452,442,433,426,415,409,396,386,375,366,355,345,337,324,311,308,294,288,275,267,259,250,251,244,242,237,234,234,229,229,226,223,222,220,223,218,218,216,216,216,214,214,216,213,211,211,211,211,210,211,209,211,210,209,211,208,206,207,207,205,206,208,203,205,204,203,206,201,201,200,199,199,197,201,197,197,197,195,197,193,192,192,191,190,188,190,187,184,190,185,187,184,184,183,181,185,181,183,180,179,183,179


170,168,174,170,170,172,170,175,171,173,176,172,173,172,177,173,175,176,175,179,177,178,179,178,177,178,181,177,179,180,177,179,177,177,179,177,179,179,183,185,191,201,208,222,236,251,270,285,299,314,331,343,356,374,383,397,411,423,437,448,457,468,480,490,499,510,517,524,538,542,548,556,558,561,563,570,572,575,579,580,588,588,593,600,602,608,613,625,629,636,644,649,658,662,665,673,674,677,679,685,681,682,684,681,681,675,671,669,661,656,652,651,644,641,640,635,635,631,627,627,622,619,617,618,611,609,609,602,601,596,591,588,582,576,572,569,560,555,550,542,535,535,525,519,514,506,499,492,487,479,475,468,461,456,446,437,431,420,412,399,397,382,372,366,353,345,333,323,315,302,291,281,276,265,258,255,246,245,239,236,236,231,228,225,226,223,220,222,219,219,217,214,217,214,212,212,213,211,211,213,211,210,211,209,211,208,209,207,209,207,205,208,206,204,209,204,204,205,202,201,200,202,200,202,199,198,202,197,196,198,196,195,192,197,191,190,192,189,191,188,186,190,185,184,184,187,183,182,184,182,182,181,181,183,179,179


173,174,171,170,171,174,175,171,172,172,172,172,175,177,173,174,175,176,181,176,176,177,177,177,178,182,177,179,179,178,184,179,177,177,178,178,176,188,182,186,191,199,212,223,237,252,268,285,299,322,332,345,360,373,390,403,412,425,438,449,460,474,487,492,503,513,526,533,538,545,551,557,562,568,573,573,576,580,585,590,590,592,596,601,606,617,624,627,633,641,650,658,661,666,671,676,678,684,687,687,686,686,686,690,683,680,675,672,667,662,664,653,650,646,643,643,637,634,631,630,626,625,629,621,617,614,612,611,607,600,596,590,586,581,578,572,564,560,554,550,545,534,528,521,516,509,506,499,490,485,477,474,468,456,449,440,432,424,417,408,395,386,375,366,361,345,334,324,314,302,294,288,274,267,259,251,255,245,239,237,233,230,226,232,224,223,221,219,224,220,216,216,215,215,213,219,212,212,212,211,213,214,210,211,208,209,208,210,209,207,206,206,209,209,205,205,204,203,202,206,204,202,199,200,202,202,199,196,197,195,195,197,197,193,191,191,191,193,189,188,187,185,186,186,189,183,184,183,180,188,182,181,180,180,180,177


174,171,171,171,172,173,169,175,170,171,172,171,177,175,173,175,174,178,175,179,177,176,176,178,184,180,178,179,179,182,178,180,177,177,176,177,183,180,182,185,193,202,210,222,237,252,269,285,307,317,334,347,363,378,389,403,413,426,438,451,467,476,484,495,506,516,525,533,541,546,553,558,565,573,572,574,578,580,585,585,595,595,599,604,610,622,622,628,635,643,652,654,665,668,673,678,681,688,687,689,689,689,689,688,688,681,678,673,669,670,661,656,651,647,648,641,642,636,633,630,629,633,625,621,620,617,617,609,609,601,598,592,588,589,579,573,568,561,558,550,545,537,530,522,517,511,509,498,491,486,479,474,464,461,449,441,433,425,420,407,396,386,377,369,354,349,335,324,314,303,300,286,275,268,259,257,249,245,240,237,234,231,234,227,226,224,222,224,219,219,218,216,215,214,219,215,213,212,212,216,211,213,210,209,209,208,213,209,208,209,207,210,207,208,205,204,204,203,204,207,204,201,202,202,200,197,201,197,197,196,195,199,193,194,193,191,193,187,194,188,186,185,185,191,187,185,184,183,185,181,183,180,179,179,180,184


171,171,170,171,172,173,175,171,172,172,172,175,174,173,172,174,173,179,179,176,177,177,177,180,183,178,177,178,178,182,181,178,177,177,177,179,182,178,181,184,191,200,211,222,236,251,267,284,304,315,329,344,357,375,387,400,410,424,435,448,465,469,479,491,501,512,520,530,536,543,549,555,565,562,567,569,572,576,582,586,585,590,594,600,608,612,615,623,630,634,649,652,656,662,667,672,677,683,681,684,683,683,687,684,681,677,672,668,666,663,653,649,646,643,642,639,634,632,629,627,626,625,620,617,613,611,610,607,603,596,593,587,584,583,572,566,561,556,553,544,540,533,527,520,514,511,500,494,487,481,476,470,464,455,447,438,429,425,413,402,392,383,371,368,357,343,333,324,312,303,297,283,273,265,258,256,251,243,240,236,232,233,232,226,224,222,221,221,222,219,216,215,215,217,216,213,210,211,211,212,212,211,210,209,208,209,212,208,207,207,207,208,206,208,206,204,203,205,208,202,200,200,199,200,201,203,199,198,196,197,199,195,192,193,192,188,194,193,189,188,187,186,187,190,184,184,183,181,187,185,181,181,180,180,183,182