
175,176,176,180,177,174,175,175,180,176,175,179,177,176,176,180,179,175,176,178,181,178,179,182,179,180,179,186,185,182,181,181,179,183,180,185,182,182,186,190,198,201,209,223,236,257,267,287,299,315,328,343,363,372,383,397,409,426,435,449,459,470,482,491,508,515,519,527,538,551,550,558,563,567,571,572,581,582,581,584,587,599,596,601,610,613,620,624,637,642,645,651,657,669,670,674,678,679,682,684,690,686,685,680,680,677,678,668,666,660,653,649,648,648,640,634,633,630,634,625,627,620,619,615,615,620,609,604,601,597,598,588,586,578,573,568,563,561,555,543,537,532,532,520,515,511,502,497,491,487,480,469,462,457,455,442,433,428,415,406,397,391,382,366,357,345,341,328,317,309,295,287,277,273,267,255,249,245,243,242,237,238,231,230,229,228,230,223,222,220,221,224,219,222,220,218,218,215,224,216,215,214,214,218,214,216,213,213,213,212,216,212,209,210,210,214,208,209,209,208,207,207,210,208,202,203,202,205,202,200,204,199,197,196,200,199,193,192,193,195,193,192,195,190,190,188,192,190,186,184,185,183,187,185,188,182


174,175,178,175,180,176,175,175,176,175,175,179,175,174,178,177,181,178,176,178,182,178,179,182,178,177,178,182,187,181,181,182,183,182,181,186,180,182,186,191,199,202,212,224,241,253,267,288,299,316,329,349,360,374,385,399,416,423,436,452,462,471,483,496,505,520,525,533,543,548,554,560,567,569,573,578,580,588,585,589,593,598,600,606,616,614,622,631,635,649,649,656,661,669,673,678,686,684,684,687,688,694,687,685,684,683,677,673,673,663,658,654,652,651,643,640,638,637,632,630,633,626,622,619,622,617,613,607,603,603,596,591,592,583,577,569,569,559,561,547,541,538,531,523,517,513,505,499,495,486,486,474,467,461,452,442,434,430,417,408,400,389,384,368,357,349,343,328,318,312,297,286,279,273,269,257,252,248,248,239,238,241,233,231,228,231,231,227,223,222,226,221,220,222,217,218,216,221,219,219,216,214,217,215,213,217,212,213,212,215,210,215,211,210,212,209,209,209,210,205,205,210,204,210,204,204,205,203,201,200,204,199,198,199,196,201,193,193,194,196,192,191,194,189,188,188,190,192,189,186,187,188,186,185,187,183


179,175,175,178,175,176,175,179,174,173,177,176,180,177,175,179,177,176,178,181,177,178,180,179,179,186,180,183,181,182,180,181,183,179,184,181,181,187,185,189,198,200,210,224,243,252,269,286,299,320,330,344,362,372,384,399,415,423,436,453,461,478,484,493,508,515,523,532,545,546,553,562,564,573,572,576,584,582,583,588,598,597,601,607,610,621,624,628,638,642,648,656,667,668,671,678,682,683,690,688,688,688,688,683,686,683,675,675,669,663,664,654,649,648,641,640,636,639,632,630,627,624,627,618,617,617,611,608,605,605,597,592,589,581,582,572,567,563,554,547,542,541,530,523,521,510,511,498,493,490,481,472,464,463,451,443,438,427,421,410,398,391,379,369,356,352,338,326,321,306,297,291,278,274,265,258,252,247,244,240,241,235,233,236,229,227,228,223,223,223,226,221,222,220,219,222,217,216,221,217,215,214,219,213,212,216,212,216,212,211,215,212,209,211,214,209,207,211,207,211,206,206,209,206,203,204,208,202,201,203,200,202,200,197,201,197,196,192,197,192,191,194,190,189,193,190,191,189,186,187,187,186,183,185,183,182


175,174,175,178,177,175,177,175,176,178,177,175,178,174,176,180,176,177,178,179,177,179,184,179,181,179,180,184,180,182,181,186,182,181,187,180,186,183,185,194,195,201,211,226,236,253,272,283,301,314,329,349,358,372,383,402,410,423,441,448,463,471,481,494,504,511,521,534,538,545,558,557,563,568,570,573,582,580,582,588,590,593,602,603,609,617,619,626,637,639,645,651,660,665,670,680,676,684,682,683,690,686,683,683,682,677,673,675,665,662,655,649,653,643,640,637,637,631,629,633,624,624,620,616,618,611,607,605,604,596,593,595,583,580,574,568,568,559,550,543,543,533,527,526,515,509,503,497,491,488,478,470,468,458,449,443,436,423,418,405,396,393,377,368,357,350,338,326,322,306,301,287,277,274,264,256,253,250,242,242,243,235,235,231,229,232,225,223,224,225,221,220,224,218,221,217,217,220,215,214,216,217,213,215,218,213,216,213,212,216,211,211,210,214,210,208,214,209,208,207,207,205,210,204,204,206,204,202,203,202,200,203,197,196,202,197,195,195,195,192,193,196,191,191,190,188,192,187,186,187,191,186,186,189,183,187


175,175,180,176,176,182,174,174,176,178,181,177,176,175,180,177,177,181,178,178,177,180,185,180,179,181,185,181,181,185,180,181,180,183,186,183,183,184,190,188,194,207,212,222,236,254,271,286,300,317,333,347,358,377,386,399,411,428,440,455,463,472,485,499,504,515,528,533,539,548,557,567,564,571,574,579,579,583,592,589,591,596,605,614,612,616,624,634,636,642,655,656,661,668,676,684,682,684,686,689,690,688,695,687,682,680,679,679,669,664,659,657,651,646,650,639,637,635,636,637,629,626,622,623,618,614,616,607,603,601,600,596,591,583,577,573,569,561,554,552,542,535,529,527,524,512,505,499,496,486,480,479,466,458,452,447,439,428,417,407,402,388,379,373,358,347,337,332,322,307,298,289,284,271,263,263,252,247,243,245,243,237,234,233,232,228,227,229,223,221,221,224,225,222,218,220,219,219,216,218,216,215,215,216,215,215,212,213,214,215,210,209,215,209,209,208,210,212,208,207,208,210,205,204,210,203,203,203,205,206,200,201,197,201,197,196,198,194,191,193,196,196,190,191,190,192,189,188,190,186,185,184,187,188,184,184