
176,173,176,172,172,178,173,174,175,177,173,173,179,175,178,175,175,178,177,178,177,182,178,180,184,179,182,182,180,185,181,180,181,184,179,182,184,183,188,189,196,207,216,228,244,264,277,295,317,328,346,358,372,388,402,414,427,443,453,465,480,489,499,511,518,527,545,546,554,563,569,573,579,584,586,590,590,593,600,598,601,607,613,614,619,630,630,640,643,650,661,662,667,673,679,683,687,693,690,691,693,691,694,688,685,684,682,676,672,671,660,660,654,650,650,644,639,637,639,634,630,631,625,624,621,616,614,612,607,603,601,594,589,587,579,572,571,562,555,554,544,538,531,525,518,512,508,499,497,486,481,479,467,459,453,448,437,426,425,408,403,389,379,374,360,349,339,333,318,309,302,288,284,271,263,261,253,248,244,244,238,235,237,230,232,227,226,226,225,222,222,225,220,219,221,217,219,218,215,216,216,213,213,216,213,213,214,213,211,213,209,208,215,208,209,208,211,208,206,210,204,207,202,202,205,203,201,200,204,200,198,202,197,199,194,192,196,193,192,190,194,189,189,192,186,189,186,185,189,183,184,183,186,184,183,186


173,173,172,176,178,173,174,173,172,172,177,177,173,174,174,173,185,176,176,177,178,178,178,185,180,179,180,182,189,183,181,180,180,180,181,188,182,182,185,189,200,206,215,229,243,260,277,301,313,329,343,360,379,393,401,414,428,440,453,469,480,489,499,511,523,534,540,547,554,563,568,579,582,583,585,589,593,599,597,600,602,606,609,618,625,625,631,638,644,659,656,663,668,674,679,684,693,689,691,692,694,697,693,689,688,683,680,679,679,669,662,659,655,655,650,644,641,638,636,632,637,630,625,624,620,622,618,610,607,604,598,594,593,588,579,573,569,566,560,550,544,539,532,525,523,518,507,501,495,489,487,475,467,461,453,445,437,433,418,409,401,388,389,370,360,350,340,330,318,317,298,289,280,273,271,261,253,249,244,241,239,242,233,231,230,229,231,227,223,221,222,219,220,224,220,216,217,217,219,218,214,214,214,214,213,215,215,212,212,211,214,215,210,210,208,208,207,208,210,206,204,204,203,211,202,201,201,201,200,198,203,198,195,195,193,200,193,191,191,191,190,190,196,187,187,185,187,192,187,184,184,184,182,182,188,182


173,174,174,176,176,173,173,173,172,174,178,174,176,175,176,178,178,177,176,176,178,177,186,180,181,181,182,185,180,185,180,179,181,179,187,182,180,183,184,192,196,207,214,229,242,260,284,296,312,329,343,362,373,389,399,412,425,438,457,463,475,486,497,507,520,530,536,543,551,559,570,574,574,580,583,585,591,593,594,596,600,602,607,619,616,622,627,634,645,646,656,658,664,671,676,686,683,685,688,689,690,690,694,686,684,681,678,680,669,664,659,654,653,646,647,639,636,634,633,637,627,625,622,620,619,614,615,606,604,599,596,598,587,581,576,570,565,562,558,546,540,535,529,526,520,510,505,497,491,489,483,473,465,458,450,442,444,428,417,407,399,392,378,371,358,347,338,328,326,308,299,288,279,275,264,262,253,246,244,241,244,235,233,232,230,230,228,227,222,222,220,220,225,220,218,217,216,217,216,217,214,214,213,212,218,213,212,212,210,210,214,212,210,208,207,208,210,212,206,207,206,204,208,204,204,200,200,201,197,208,199,196,196,196,197,191,197,191,189,189,189,196,188,187,187,186,188,187,188,184,182,183,182,189,183,182


176,172,172,173,174,174,174,175,173,177,172,173,177,175,174,175,180,175,176,183,177,182,179,179,183,179,180,182,185,182,181,183,181,182,180,181,184,181,185,190,199,204,216,232,244,262,278,294,315,329,343,358,377,388,401,417,426,441,452,463,479,487,497,507,522,528,536,549,555,562,571,572,575,585,583,586,589,595,596,597,604,605,611,613,617,629,630,636,643,651,654,661,671,672,679,681,684,693,690,691,692,691,690,689,691,683,682,676,669,670,660,656,652,651,646,643,643,637,637,632,628,631,625,621,618,618,614,608,609,601,600,593,587,585,579,573,565,564,556,549,545,537,531,528,517,511,510,499,494,487,484,475,466,465,452,447,436,426,421,408,399,389,384,370,360,354,338,333,318,307,300,288,280,272,269,259,253,252,244,244,238,233,236,233,229,227,230,224,223,225,222,222,220,218,220,218,217,215,217,216,215,217,215,214,214,211,211,214,210,211,211,211,210,210,211,207,209,205,204,210,205,204,203,206,203,201,206,199,204,199,197,201,197,195,194,196,193,192,195,191,193,188,187,192,187,186,185,190,184,184,188,184,185,182,181,186


174,173,173,174,174,178,177,173,172,174,178,178,174,176,175,175,175,179,180,177,177,179,181,185,180,180,182,181,181,183,185,180,180,181,180,187,181,182,185,189,195,203,220,229,244,260,278,303,315,329,345,359,374,386,409,414,426,439,452,470,480,488,498,509,520,530,543,551,555,563,568,578,582,582,585,589,591,594,601,603,603,606,611,618,624,626,632,637,644,650,660,666,668,674,678,687,690,689,690,692,693,691,695,692,687,683,681,676,679,668,662,658,653,650,647,650,641,639,636,634,637,630,625,622,621,617,615,617,608,604,599,596,593,589,578,573,569,563,557,554,548,538,532,525,523,517,508,501,493,487,482,480,470,461,454,444,440,433,420,409,400,390,381,374,364,350,339,330,320,315,300,290,279,271,265,259,257,248,243,240,236,244,236,233,230,229,225,224,232,222,221,219,221,223,223,217,215,217,217,216,220,216,214,214,213,216,216,212,211,211,210,211,212,212,208,208,207,209,210,205,205,206,204,204,205,204,200,198,199,200,202,198,195,195,194,194,196,196,191,189,189,190,194,188,187,187,187,186,183,189,183,183,182,182,188,183