
170,176,168,172,172,172,172,172,176,171,173,172,172,179,168,178,175,175,176,177,182,175,178,177,178,185,176,184,180,179,179,180,184,174,182,178,179,184,184,185,193,201,211,223,241,245,272,280,294,310,325,333,347,358,369,381,397,403,416,424,434,444,460,461,473,480,488,495,506,511,514,519,524,527,536,529,537,538,540,543,547,556,552,558,562,567,578,572,589,590,596,602,608,619,616,624,626,629,636,631,638,633,632,631,629,632,616,621,613,609,609,602,597,594,591,588,586,590,576,586,577,575,573,574,568,566,562,559,557,557,550,547,541,536,532,533,520,517,512,506,501,498,492,483,480,473,468,468,453,453,445,440,433,428,427,412,407,399,391,388,368,371,357,348,340,331,328,310,304,294,285,282,268,266,255,249,245,241,243,226,235,229,226,228,224,220,221,219,217,217,220,210,219,213,213,211,214,209,210,209,209,208,212,209,207,207,206,206,210,203,205,204,204,203,204,205,200,201,201,200,205,195,201,198,197,197,196,202,193,194,193,192,197,185,196,189,188,188,188,192,184,186,185,184,188,184,185,182,182,181,181,186,173,183,179,178


172,165,180,171,171,172,171,171,173,174,173,173,173,171,184,174,175,176,175,176,173,183,177,178,178,178,185,181,180,180,179,179,174,191,180,179,180,181,188,189,194,201,211,223,236,259,266,280,295,309,325,338,347,359,370,382,393,407,415,424,435,445,453,469,473,481,489,496,503,515,517,520,524,528,526,545,537,539,541,544,547,553,557,559,564,568,573,590,586,591,597,603,608,608,627,623,627,630,632,640,635,634,634,632,629,622,636,618,614,610,606,607,600,595,592,589,586,584,590,580,578,576,573,574,572,566,564,560,557,554,555,546,541,537,532,525,528,517,512,506,501,496,495,486,480,474,469,457,470,452,446,440,433,427,422,417,407,399,391,383,385,367,357,349,339,330,315,322,303,294,285,276,273,262,255,249,245,240,232,245,230,228,226,225,227,223,219,219,218,216,215,220,214,213,212,211,212,213,210,210,209,207,208,211,208,206,207,205,202,211,205,205,205,203,202,204,203,201,200,201,193,210,199,198,197,196,195,195,197,194,192,193,192,200,191,189,189,188,187,179,196,185,184,184,184,187,183,182,181,181,180,177,190,178,178,178


172,170,176,171,170,170,171,172,176,172,173,173,173,177,179,173,174,175,175,175,183,177,179,178,179,184,179,179,179,179,179,177,186,180,179,179,180,185,183,188,192,201,211,219,245,252,266,281,296,311,325,336,347,360,371,376,406,405,416,426,437,447,458,467,474,483,491,498,512,514,518,523,527,530,532,543,539,541,543,547,550,558,557,561,566,571,580,586,588,593,599,605,611,623,621,626,629,633,639,637,637,637,636,634,630,636,625,621,617,612,611,605,600,597,594,591,584,595,585,582,580,578,576,575,572,569,565,562,554,567,553,548,543,539,535,531,527,519,514,508,502,503,495,487,482,477,470,464,467,453,447,441,435,429,428,416,408,400,392,388,380,367,358,349,340,331,329,314,304,296,286,282,269,262,255,249,244,238,244,234,232,230,227,229,224,221,220,218,217,212,223,216,214,213,212,212,213,211,210,209,209,203,218,209,207,208,207,206,207,208,205,204,203,203,207,205,203,203,202,200,199,206,198,198,197,196,196,202,195,194,194,193,197,195,190,189,188,188,186,193,187,186,185,185,188,183,182,182,180,180,179,187,180,180,179,179


165,182,171,171,171,171,176,173,172,172,173,172,172,183,174,174,175,175,179,178,176,177,177,178,178,182,180,179,179,180,178,184,180,180,179,179,180,184,185,187,193,201,207,231,237,251,266,280,295,308,326,335,347,359,364,394,393,403,414,424,434,441,462,463,473,481,489,505,504,510,515,520,524,522,543,534,537,539,541,550,548,550,554,558,562,566,583,579,585,591,597,606,611,613,619,622,626,629,637,634,634,634,633,630,634,627,622,618,613,609,609,603,598,594,592,584,595,584,581,579,577,575,573,575,569,566,563,554,569,554,550,545,541,537,529,536,522,517,512,507,510,496,490,485,479,473,462,475,457,451,446,440,438,429,421,414,406,399,389,392,375,366,358,348,342,333,322,312,303,294,285,280,270,261,256,249,243,245,237,234,231,228,226,227,224,221,219,219,213,225,216,214,214,212,212,210,215,210,210,209,203,220,209,207,207,206,207,203,213,205,204,204,205,210,204,203,203,201,201,195,211,199,199,198,197,201,198,195,194,194,193,191,199,191,190,189,188,190,190,187,186,185,185,183,187,184,183,182,182,180,186,180,179,179,179,178


177,171,170,172,171,176,172,172,172,172,173,173,179,173,171,176,176,179,177,176,176,175,178,178,182,179,174,185,181,181,183,179,180,177,180,178,183,182,182,190,193,201,216,223,236,243,270,279,294,310,321,333,346,358,374,380,390,399,416,422,432,447,452,460,470,478,491,494,499,505,510,516,521,530,527,529,533,535,543,542,543,546,550,554,559,569,569,571,583,587,596,600,604,608,613,619,622,630,627,623,636,629,628,630,625,621,616,614,609,608,601,596,597,590,588,590,582,579,571,581,573,571,572,567,564,562,559,562,553,549,543,547,537,533,534,524,518,514,509,509,498,492,486,481,476,470,470,460,454,449,443,442,432,424,418,410,404,397,393,381,369,367,356,350,340,329,320,310,302,293,288,276,261,267,254,249,247,240,236,230,231,228,229,225,221,225,220,219,222,216,214,207,218,212,212,214,209,210,210,209,214,209,207,204,211,206,206,210,205,204,205,204,209,204,203,201,200,201,200,205,199,198,199,198,202,197,196,194,194,193,193,196,191,187,192,190,192,190,187,185,184,185,184,188,183,177,189,183,181,185,180,179,178,180,178,181