
172,172,170,169,170,170,166,178,172,171,171,172,172,174,174,173,172,174,171,181,176,176,177,176,177,178,184,178,178,178,178,179,183,177,177,176,178,181,185,184,190,198,209,222,239,251,267,284,299,318,329,341,354,367,380,393,409,416,427,438,449,463,471,479,487,496,504,512,526,527,531,537,541,547,549,551,552,556,558,556,571,568,571,575,580,585,593,597,602,608,614,617,633,633,637,641,645,648,649,657,652,652,650,648,649,648,640,635,631,626,624,621,613,609,606,604,602,603,596,594,592,589,591,585,582,579,576,573,571,571,563,558,553,549,547,539,533,528,522,516,512,511,500,495,489,483,480,473,466,458,453,448,436,441,428,420,413,405,396,389,380,370,361,351,339,340,326,315,305,296,287,277,275,261,254,248,244,241,241,234,230,229,226,227,226,221,219,218,216,216,220,214,213,213,212,215,211,209,209,208,208,209,212,207,208,207,206,209,205,205,204,203,203,202,208,202,202,201,201,203,201,199,197,197,197,192,202,196,195,194,194,192,192,192,189,189,188,184,193,187,186,185,185,184,184,187,182,181,180,181,181,184,179,179,178,178


168,174,171,172,171,171,175,170,171,171,171,171,168,181,174,173,174,174,178,171,177,176,175,176,176,183,178,178,179,178,181,174,182,177,176,176,177,183,181,185,191,199,212,221,235,250,265,281,296,316,327,340,353,365,379,390,400,411,423,433,445,458,466,475,484,492,500,512,515,520,526,530,535,536,546,545,547,549,551,558,558,561,564,569,573,575,593,590,596,602,609,618,616,628,629,633,637,641,649,645,645,645,644,645,637,643,632,627,623,619,619,610,606,603,600,600,595,594,589,588,585,582,586,579,576,573,570,569,565,561,557,551,547,543,542,535,528,523,518,513,511,501,495,490,484,478,471,471,461,455,450,444,441,430,423,416,407,401,389,394,376,368,359,350,344,327,325,311,303,293,285,283,268,260,254,249,247,236,240,231,228,227,225,227,222,220,220,217,220,215,215,212,212,211,210,214,210,209,209,208,211,209,206,206,207,205,205,207,206,204,204,203,204,206,201,201,200,200,200,197,203,199,198,198,196,200,194,196,193,193,192,188,199,191,190,189,188,191,183,188,185,184,184,183,190,184,182,182,181,184,176,184,178,177,178,177


179,171,171,171,171,171,169,176,171,171,171,169,179,173,172,173,173,174,171,184,175,175,176,177,182,179,177,179,177,178,177,184,177,177,176,177,181,179,181,184,190,199,208,224,235,251,265,282,302,314,328,341,354,366,379,395,403,414,425,435,445,462,467,476,485,494,502,513,519,524,529,535,533,550,544,547,550,552,555,557,567,564,568,572,576,590,587,593,599,605,611,614,633,628,633,639,642,649,647,648,648,648,647,645,650,640,636,632,627,627,619,613,610,606,603,599,603,595,592,590,589,590,586,582,579,576,574,570,571,564,560,555,550,546,547,536,531,525,520,514,513,505,497,492,486,476,484,469,463,457,452,445,437,439,425,418,411,401,403,387,377,369,360,350,337,342,323,313,304,294,290,277,269,261,255,248,243,246,236,233,230,228,230,224,222,221,219,217,217,219,215,214,212,212,214,213,211,209,209,208,209,211,208,206,206,206,204,210,206,205,204,203,203,205,204,201,201,201,195,209,200,199,199,197,197,194,202,195,193,193,191,200,191,191,190,189,189,184,196,185,186,185,184,189,184,182,182,181,181,180,185,179,179,178,178,182


170,170,171,170,170,171,175,171,171,171,169,178,172,173,173,173,173,173,179,175,175,175,173,184,178,177,179,178,178,173,187,177,177,177,177,181,179,179,181,185,190,196,217,221,235,250,266,285,300,312,328,342,353,366,383,392,403,415,425,437,452,457,467,477,486,494,504,513,517,524,529,535,544,542,545,547,550,552,555,562,560,564,568,569,584,582,587,593,600,605,612,622,623,629,633,634,650,645,647,648,648,648,644,654,644,640,636,631,632,624,618,615,611,607,602,608,599,596,593,591,592,589,583,583,580,577,573,575,567,563,560,555,552,551,541,536,531,526,521,516,512,503,498,492,487,486,475,469,464,457,451,446,444,432,425,418,407,410,396,386,377,369,359,349,347,333,323,313,301,303,286,277,269,261,254,243,253,239,236,233,230,231,227,224,222,220,220,216,224,216,214,213,213,214,215,210,211,210,209,208,211,208,207,207,207,206,210,206,206,204,204,203,204,206,202,202,202,200,205,200,200,199,198,197,197,200,195,194,195,189,201,192,191,192,190,189,187,193,186,186,185,181,192,184,183,183,182,181,176,190,180,179,180,178,182,179


172,171,170,171,172,172,170,171,171,171,176,168,177,173,172,173,174,178,171,178,175,176,180,176,180,177,178,178,179,183,175,183,177,176,180,177,177,180,181,185,191,203,209,221,235,250,270,282,298,313,327,340,354,370,378,391,403,413,428,437,447,457,467,475,485,497,502,510,517,522,528,537,535,543,544,546,549,553,557,557,560,564,567,575,572,586,586,591,598,604,614,611,626,627,633,640,640,645,646,646,648,647,651,642,647,639,635,635,627,622,617,612,609,605,606,600,599,594,592,593,589,586,584,580,578,575,576,569,567,562,559,557,551,545,542,535,530,525,524,515,508,503,498,491,489,477,477,469,463,457,453,447,438,433,426,418,414,398,400,386,377,368,360,355,336,336,324,314,309,295,286,277,268,261,255,252,242,245,236,232,234,228,226,224,222,220,219,222,216,216,215,213,216,212,211,211,210,210,209,213,208,207,208,206,208,208,204,206,205,205,205,206,204,202,203,202,202,204,197,202,200,198,199,198,199,195,196,195,194,197,189,196,191,191,190,189,192,183,191,185,186,189,184,184,183,183,182,182,185,179,183,179,179,182,178,179