
186,186,180,178,180,186,180,179,186,181,182,182,186,189,183,182,181,188,185,183,190,185,184,186,190,194,188,185,188,190,192,187,193,188,187,186,188,197,194,195,201,207,228,233,253,264,279,295,307,336,343,352,365,377,396,402,415,428,437,448,459,474,485,487,497,505,520,523,530,543,541,547,550,561,565,560,562,565,575,573,575,585,582,586,591,602,608,609,614,619,632,635,640,650,648,653,657,665,669,665,663,664,664,667,659,660,653,648,643,637,644,633,626,622,618,624,614,616,611,608,605,602,610,604,595,592,590,592,584,580,579,572,567,563,564,559,547,541,537,536,526,520,520,509,503,496,496,492,480,473,466,467,456,448,448,435,426,418,415,409,394,384,376,369,359,348,343,329,320,309,303,300,284,274,268,260,265,253,255,247,243,241,236,248,239,231,230,227,235,227,229,227,225,224,222,229,228,221,219,218,225,220,220,223,218,217,218,222,222,215,215,215,219,215,214,219,213,211,211,215,215,210,207,208,211,208,207,211,206,205,204,206,208,201,200,199,201,202,196,200,197,194,195,195,202,194,191,191,188,199,189,195,190,188,188,186


187,183,179,180,185,181,179,184,183,180,180,184,183,188,183,182,184,187,183,182,191,183,185,186,189,195,187,188,188,194,188,185,195,186,187,186,194,194,193,195,203,216,222,232,251,263,279,295,317,331,342,354,366,385,392,403,419,428,437,449,466,477,482,490,500,515,518,526,536,540,543,549,559,562,564,563,566,574,574,575,580,584,586,589,597,601,614,612,618,624,636,635,639,657,652,656,661,668,674,668,668,668,673,666,663,667,655,650,646,649,645,635,631,627,629,621,617,621,612,610,607,611,609,604,599,597,599,591,586,587,579,575,571,572,567,558,551,544,545,535,528,526,518,510,505,503,497,492,483,476,474,467,458,451,448,435,428,423,413,414,395,386,376,373,357,346,347,328,319,311,307,298,285,275,271,271,258,253,254,246,242,240,245,243,236,233,232,237,229,228,231,226,224,224,230,228,224,222,221,225,220,219,224,219,217,218,222,222,218,216,216,219,217,214,217,215,211,212,216,214,215,210,209,212,211,206,203,213,205,204,204,205,210,201,200,200,204,197,195,204,195,193,195,199,199,193,191,191,198,191,189,194,189,187,187,193


185,179,178,186,181,181,179,186,181,180,186,182,186,181,182,187,184,182,184,190,185,183,191,187,192,186,187,189,191,188,186,192,188,187,188,190,192,190,190,193,210,210,221,238,249,262,276,303,315,327,338,351,371,377,390,406,415,424,435,452,460,471,478,487,502,506,515,524,533,536,540,553,552,561,557,561,568,567,569,572,580,577,582,591,592,602,601,607,619,621,627,633,644,644,648,658,659,665,662,663,666,669,663,663,664,656,653,648,650,644,634,629,623,631,621,616,620,612,609,605,614,607,602,597,595,598,589,587,587,581,576,572,573,565,563,553,547,548,538,531,526,525,513,508,507,498,496,485,479,478,469,462,456,454,441,433,430,420,417,401,393,387,379,367,357,354,339,328,321,312,306,292,283,275,275,262,258,258,250,245,240,247,244,238,234,230,239,231,230,233,228,226,223,231,227,224,221,221,225,221,219,222,222,218,217,223,217,222,215,214,221,216,214,214,220,212,213,216,211,217,210,208,213,209,207,206,211,205,205,207,204,207,202,200,202,203,199,197,203,196,194,195,197,199,194,191,189,198,190,190,196,190,188,186,195,192


179,180,185,181,180,179,187,180,179,184,182,187,183,182,186,185,182,183,190,183,184,184,189,191,186,187,188,193,188,188,192,187,186,186,191,194,188,189,192,201,202,210,224,234,247,261,284,298,311,323,338,358,364,376,390,404,411,422,440,445,464,468,477,493,496,503,511,530,528,533,545,543,557,552,555,564,563,562,565,576,572,575,584,586,595,595,600,608,617,616,624,636,635,641,646,656,660,658,660,662,667,662,659,663,657,653,650,651,646,638,632,628,630,621,618,619,613,608,606,611,605,605,599,595,600,591,587,586,585,576,574,575,563,570,555,551,550,541,534,527,531,517,511,512,500,501,489,483,481,476,465,461,459,446,440,436,428,424,411,401,393,390,375,365,361,347,338,327,323,314,301,292,283,281,268,260,261,254,248,246,248,245,241,236,234,238,233,230,232,230,226,225,229,226,228,223,221,228,221,219,218,225,219,218,222,215,225,216,216,220,218,213,214,221,214,212,216,213,216,211,211,212,212,207,206,213,205,204,206,209,209,203,202,201,206,199,197,203,196,196,195,200,200,195,194,192,199,192,191,196,191,188,188,193,192,190


184,180,178,179,178,194,181,180,180,181,187,182,190,182,181,181,182,196,185,184,185,185,190,188,194,186,186,186,187,199,190,188,187,187,190,190,194,190,190,196,203,219,226,233,248,263,280,302,317,326,339,353,367,386,400,404,416,427,439,457,465,473,481,489,500,512,528,525,534,539,546,556,556,563,561,563,567,569,586,576,577,583,585,595,595,609,606,610,618,623,643,637,642,648,653,662,663,671,666,668,667,670,680,668,664,661,656,655,651,649,638,633,629,626,630,628,618,617,614,612,615,613,605,602,600,596,600,601,587,583,580,575,578,571,564,556,551,545,541,548,529,523,517,511,511,498,502,488,481,476,469,479,459,452,445,438,434,422,420,404,395,385,378,379,360,349,341,330,324,313,307,292,283,276,271,273,261,255,249,248,246,246,246,237,235,232,232,235,237,228,227,226,226,231,228,223,222,220,221,223,229,221,221,219,218,224,221,221,217,216,214,212,230,214,215,214,212,218,211,221,210,209,208,207,220,208,207,206,206,210,206,208,201,200,201,198,208,201,197,196,195,198,198,199,194,191,192,190,200,195,190,189,190,189,193,194