
172,173,175,172,170,176,172,175,172,169,175,171,171,171,176,173,171,174,172,174,171,172,174,171,171,172,176,173,174,177,173,176,173,174,177,173,174,176,180,179,181,188,192,201,206,216,228,238,248,260,274,283,293,305,313,326,336,344,357,366,375,387,400,407,416,427,436,446,453,458,466,476,477,482,488,496,496,499,511,510,517,519,523,535,535,541,548,560,563,570,583,585,595,598,605,614,615,620,623,629,627,629,634,628,631,626,623,624,616,612,608,609,604,602,603,596,598,594,592,594,589,586,585,587,582,580,581,575,574,568,563,563,557,552,546,545,538,533,528,524,518,514,504,497,499,488,483,478,476,466,458,459,448,443,433,426,423,410,402,394,389,377,368,362,348,343,330,320,314,302,292,282,277,266,261,257,248,248,240,236,238,230,228,227,228,224,222,224,221,221,218,217,218,215,215,215,216,214,213,213,211,213,210,209,211,211,210,208,210,210,208,206,210,206,209,204,202,209,203,201,202,206,202,198,206,199,202,197,196,199,195,194,193,198,192,192,194,191,192,189,189,190,187,185,187,188,185,184,186,183,185,181,181,184,181,180


171,171,175,174,175,173,173,172,172,178,172,171,169,171,172,174,175,172,172,173,172,175,178,171,172,172,172,176,177,174,173,174,174,176,177,174,174,176,176,180,184,186,193,200,208,220,233,239,249,260,271,285,295,306,316,326,336,347,364,367,379,388,398,412,420,431,438,446,455,462,475,475,479,485,490,497,500,508,508,512,516,522,532,535,539,545,551,559,572,577,582,589,596,602,612,621,619,623,626,629,636,637,635,633,632,631,631,630,621,617,613,611,612,608,603,600,599,597,597,600,591,590,589,586,589,583,583,577,575,571,568,571,559,555,551,545,544,537,534,526,519,513,508,509,498,491,486,480,477,471,467,458,451,444,436,432,423,414,405,397,385,385,373,361,351,342,332,324,318,302,291,283,274,271,264,255,249,245,242,242,239,232,230,226,225,227,226,222,221,220,218,220,221,215,213,214,212,216,213,215,213,213,212,211,215,209,208,208,207,210,209,210,208,207,205,206,211,205,203,202,202,203,204,204,200,199,199,199,201,199,195,194,194,192,198,195,191,190,190,189,191,193,187,185,185,186,189,188,184,184,182,183,183,185,180,180


171,176,176,172,171,171,171,171,175,175,172,171,171,175,176,172,173,172,171,173,174,176,172,171,173,175,178,173,173,174,174,172,172,181,173,174,174,174,184,179,182,185,192,198,205,224,227,238,249,260,277,281,293,303,313,324,334,351,356,365,375,387,404,409,417,426,434,443,451,463,468,472,478,485,492,497,497,502,506,511,514,523,528,530,535,544,553,561,565,570,579,585,592,601,610,611,616,620,627,633,629,630,630,629,628,626,633,621,616,615,609,616,605,601,599,597,594,593,600,591,589,587,585,592,583,580,577,574,570,569,571,561,556,552,548,549,540,534,528,522,518,511,509,503,496,489,484,481,477,467,460,455,448,442,438,432,419,410,403,398,390,378,367,358,349,339,333,327,310,301,292,282,282,267,260,253,248,244,239,246,235,232,229,227,234,224,223,220,221,218,218,223,217,214,214,213,220,215,211,212,211,210,210,214,210,209,209,209,214,210,207,206,207,206,206,207,208,204,204,203,204,207,201,200,199,199,199,201,201,197,195,196,196,198,193,192,190,189,189,189,194,187,187,186,184,193,186,184,183,184,181,181,189,182,180,180


175,172,172,171,175,173,172,174,174,172,171,174,172,174,171,171,175,173,173,172,175,172,173,176,174,175,173,173,175,173,173,173,177,174,173,177,176,178,175,178,182,188,191,198,211,216,227,236,254,262,269,281,289,308,314,323,338,345,355,364,379,389,396,406,416,429,433,442,454,458,465,472,480,484,487,491,495,503,504,508,513,519,522,528,539,542,551,555,562,572,576,583,590,602,603,609,616,618,625,625,625,630,630,627,627,629,622,618,618,612,611,604,601,600,600,595,594,596,590,589,586,592,587,582,580,575,580,572,569,569,563,559,556,556,550,541,537,532,529,520,515,514,505,498,492,492,485,478,470,463,463,452,446,440,435,425,419,414,404,396,385,376,371,357,348,340,334,320,311,304,291,286,273,265,261,254,248,243,245,237,233,233,231,230,226,224,221,225,221,220,222,218,216,213,220,217,212,213,210,216,211,211,213,210,210,209,212,211,209,206,208,209,206,205,209,205,204,204,206,204,204,201,201,204,200,199,198,201,198,197,199,196,198,192,192,195,190,189,189,192,189,187,189,188,189,184,183,186,186,183,182,187,181,180,181,182


173,172,173,179,173,172,172,172,174,174,175,172,172,172,172,176,173,171,170,172,172,177,174,173,172,173,172,172,181,172,172,173,171,177,175,178,175,175,176,179,188,185,191,198,208,219,227,241,249,259,269,281,298,301,313,323,333,346,356,367,375,386,395,406,423,424,433,441,448,460,464,474,477,482,486,491,503,500,501,507,512,519,523,531,534,541,546,555,566,572,574,581,590,596,607,608,614,617,621,624,626,634,627,625,624,623,625,619,617,611,607,604,601,606,597,593,593,591,593,588,588,583,583,580,580,584,575,571,569,565,567,560,557,550,545,540,535,537,526,519,514,509,507,498,496,488,482,475,471,469,460,451,446,439,434,426,421,410,403,393,385,379,370,356,348,338,327,324,311,303,291,283,274,264,268,253,248,243,239,241,235,235,230,227,225,223,228,220,219,218,216,220,217,219,215,213,213,213,217,212,210,209,210,212,210,212,209,208,208,207,212,207,206,206,205,208,206,207,204,202,202,201,206,201,198,199,198,199,199,198,198,194,195,193,194,196,191,190,188,187,192,187,190,188,187,186,185,191,183,181,181,181,185,181,183,180