
176,173,173,177,172,172,172,175,176,174,172,173,175,174,172,174,175,172,173,174,179,177,173,173,174,178,176,174,179,174,175,174,176,180,177,176,176,180,178,182,188,190,197,205,219,230,239,249,261,276,286,295,310,315,326,338,352,362,370,379,389,403,410,420,433,437,447,455,466,474,477,483,488,495,497,500,508,509,510,515,522,528,530,534,539,546,552,556,564,571,576,584,589,602,605,608,612,617,623,622,622,630,623,624,623,624,623,616,611,608,608,599,597,598,593,589,588,590,589,584,582,579,581,575,575,575,568,566,564,562,561,553,549,544,542,534,528,529,520,514,509,507,501,494,486,482,479,472,466,462,453,447,441,439,432,423,415,408,401,392,381,375,366,355,347,337,333,322,311,300,292,286,274,265,266,253,248,246,242,243,235,233,232,232,228,225,227,222,222,219,223,222,219,216,216,218,214,214,217,212,212,212,214,214,211,210,210,213,208,209,211,207,206,205,209,210,205,205,204,206,202,204,205,202,200,199,200,201,199,196,197,198,195,194,196,192,191,190,189,193,191,188,188,189,191,186,184,189,184,183,183,186,187,181,182,180


174,172,172,175,177,174,173,174,176,172,174,177,171,173,171,176,176,174,172,173,177,174,174,177,173,175,173,177,178,175,175,174,180,176,175,179,176,179,179,185,189,192,198,208,219,227,238,251,262,271,284,299,310,317,327,338,352,359,369,378,391,399,408,422,427,443,446,455,465,471,476,480,493,493,496,499,505,513,510,515,519,527,529,533,543,544,549,557,567,575,576,583,590,600,601,607,615,614,618,621,626,629,624,624,621,622,617,612,614,606,603,600,601,598,592,590,589,590,584,583,585,579,577,575,577,576,570,566,564,562,557,551,548,547,539,535,532,524,526,514,508,506,498,493,487,486,476,469,466,461,459,448,442,435,432,421,413,410,399,389,381,377,368,356,347,337,332,320,310,304,291,281,273,271,265,255,250,245,245,237,236,236,230,229,226,228,228,223,221,220,222,218,217,220,215,213,213,217,216,214,212,211,216,211,209,211,211,208,209,209,209,211,207,207,209,208,204,203,208,202,203,202,202,205,200,201,200,203,198,196,199,195,194,195,196,197,192,192,191,193,189,188,191,186,185,186,189,189,185,185,184,187,183,182,185,181


174,173,178,176,173,172,172,176,173,172,177,173,174,173,176,177,173,172,172,178,173,173,177,175,174,174,178,176,175,174,176,179,175,176,179,177,177,178,184,183,187,191,197,209,216,227,239,254,261,271,287,294,309,315,325,340,348,357,367,380,387,398,411,418,429,435,442,454,463,466,473,483,484,490,493,502,505,504,507,512,522,521,526,533,535,541,547,557,564,566,573,579,591,592,597,606,609,612,614,621,622,620,620,618,622,617,613,612,608,604,600,600,597,592,589,586,590,583,582,578,582,576,573,577,571,570,565,563,564,556,553,550,549,541,537,535,528,525,516,511,508,502,495,489,488,480,474,466,469,460,451,446,436,437,427,419,416,406,398,388,385,375,364,354,343,338,328,319,311,300,291,282,276,269,260,254,248,249,241,237,237,234,230,228,231,227,225,221,221,223,219,218,217,220,217,215,216,214,216,213,211,214,212,212,210,213,210,209,212,210,210,207,205,208,208,205,205,207,203,203,201,206,205,201,199,198,202,199,197,200,197,195,193,199,194,191,190,189,194,190,189,191,187,186,187,189,189,184,183,184,187,183,181,183,183,180


175,175,174,174,173,176,177,173,172,173,177,174,173,176,172,173,173,179,176,173,173,173,177,175,173,178,175,175,174,179,179,176,175,176,180,176,176,180,181,181,185,194,200,207,216,227,240,248,259,273,286,295,304,318,327,340,347,356,371,378,387,399,411,416,426,440,444,456,460,468,477,481,485,489,497,496,500,505,511,514,516,521,525,533,536,542,551,552,559,566,579,584,586,592,598,607,608,612,617,617,619,619,625,622,619,615,613,614,606,602,603,597,594,591,593,590,585,583,579,584,578,576,575,573,570,567,570,563,562,555,553,553,545,541,536,534,527,521,520,512,508,499,495,493,486,479,474,471,461,457,454,448,443,432,425,420,415,404,397,392,380,372,362,359,349,336,327,315,314,299,290,285,275,266,260,257,251,245,240,238,239,232,231,232,228,224,224,226,224,221,218,217,220,216,215,216,215,214,213,216,213,213,211,211,213,211,210,210,212,208,208,210,207,208,205,204,207,206,203,203,205,202,201,202,201,203,199,197,199,200,195,196,199,195,192,192,196,193,189,189,188,193,188,187,189,186,185,184,188,186,184,182,183,186,181,180


173,174,174,174,180,172,172,172,172,182,174,172,173,172,173,173,179,172,173,174,172,181,175,175,174,174,175,176,181,177,175,176,176,178,180,175,176,178,179,182,188,196,197,207,216,228,242,250,261,272,284,295,308,320,325,335,346,359,372,379,387,399,409,417,428,443,445,453,462,468,482,481,485,490,493,497,501,513,510,512,517,522,534,532,535,542,549,554,560,575,574,581,587,594,606,606,610,613,615,619,619,626,624,622,620,617,620,617,608,603,601,596,595,595,596,587,584,585,586,586,579,577,575,573,571,571,572,563,561,558,558,556,546,542,538,531,527,523,525,513,506,501,495,497,486,479,475,469,463,458,459,446,440,434,428,429,413,405,397,389,380,373,371,354,345,336,328,323,310,300,291,282,273,265,266,256,248,245,240,241,238,232,230,229,227,224,225,226,222,219,218,221,221,217,214,215,214,212,216,218,211,212,211,212,214,210,210,210,209,207,208,214,206,205,205,204,211,204,204,202,203,201,202,206,199,198,198,197,205,198,195,196,195,193,192,199,192,191,190,189,195,189,186,185,187,186,185,190,187,184,182,184,188,186,182,180


173,171,173,180,174,174,173,173,175,174,176,172,173,172,174,177,176,173,174,173,175,177,178,174,174,173,175,178,178,177,176,176,175,179,179,176,176,176,179,184,191,191,199,207,217,229,240,250,262,272,283,294,314,318,327,338,349,362,369,384,388,399,408,419,436,438,447,455,463,474,477,487,487,492,496,501,511,509,511,517,520,526,530,537,537,545,549,557,569,574,577,584,590,596,606,611,610,615,619,621,628,628,624,624,622,620,621,619,610,607,604,601,603,600,593,590,589,587,587,586,582,579,577,575,574,579,569,567,563,559,560,551,555,543,538,533,529,535,520,514,508,503,501,494,491,481,475,471,465,466,455,449,442,435,431,423,417,406,398,389,382,378,367,357,347,338,330,323,312,300,291,284,275,270,266,255,249,245,243,242,238,234,229,229,227,229,230,222,222,219,220,222,218,217,216,214,214,214,220,213,213,212,212,213,209,214,210,209,208,208,217,209,208,208,207,208,205,207,202,201,201,202,209,202,200,201,199,201,199,199,196,194,195,193,198,194,193,191,191,189,193,191,187,186,186,185,190,189,184,183,182,182,186,186,180,179