

184,185,179,178,179,179,178,181,182,186,178,177,181,184,181,177,178,180,180,180,184,187,178,177,183,185,188,180,179,180,180,181,186,189,180,181,184,189,193,186,190,193,202,207,221,233,234,246,256,271,283,285,292,302,311,321,333,345,348,355,363,376,390,389,396,403,411,417,428,436,439,440,444,453,461,459,459,464,466,469,477,478,489,484,487,499,507,509,509,516,521,527,532,544,550,547,550,558,561,567,561,560,561,560,560,563,562,552,548,545,547,547,535,534,530,529,526,530,530,522,522,520,523,524,516,511,511,507,504,506,507,498,492,490,491,489,479,473,468,463,459,459,457,451,442,437,436,434,425,417,411,406,401,399,395,393,379,373,370,363,357,344,335,327,321,314,309,303,287,280,276,270,266,254,246,244,238,236,236,235,228,224,223,225,228,219,219,217,216,214,219,220,213,212,211,216,218,212,209,209,209,208,212,215,209,207,207,213,215,209,208,205,206,205,209,208,212,202,204,207,209,204,203,200,199,201,201,205,205,198,196,200,199,204,195,194,194,193,192,197,198,189,189,192,195,195,190,189,189,187,188,192,194,186,186,185


180,180,185,177,179,179,178,179,184,186,179,177,177,181,185,177,179,179,178,180,183,185,180,179,179,184,187,181,181,181,181,181,184,182,188,180,181,188,192,189,190,194,200,208,220,227,241,245,254,270,278,292,293,304,312,320,332,341,355,354,364,375,382,397,397,404,409,419,424,435,444,440,446,450,458,464,462,462,464,469,472,481,486,484,489,493,503,512,512,515,522,526,534,543,547,552,549,555,560,567,561,561,559,560,557,561,555,559,547,544,546,545,538,533,531,529,527,530,526,530,520,519,520,518,522,513,510,505,505,501,504,504,491,487,489,482,485,472,469,464,460,456,455,452,440,435,431,430,430,416,410,407,400,397,396,392,379,372,365,361,359,344,336,327,321,313,308,300,293,280,273,271,266,256,248,243,237,234,237,229,233,225,224,227,224,226,217,216,215,216,218,214,219,212,211,214,212,216,209,210,208,207,208,214,214,208,206,210,209,214,207,207,204,204,207,210,212,203,201,203,208,208,202,200,201,201,198,203,203,200,197,197,200,203,197,194,192,192,193,195,193,198,191,190,193,195,192,188,187,186,186,190,186,193,184,184


179,184,187,178,178,178,178,178,179,188,177,177,178,182,185,179,178,179,179,177,180,191,180,177,180,182,191,182,179,182,181,181,181,190,183,181,180,181,194,188,191,196,199,208,215,231,241,244,255,265,283,288,293,304,310,319,330,342,352,355,365,372,385,397,395,404,410,419,424,435,444,442,444,449,456,465,461,463,464,469,471,479,492,485,489,494,503,515,510,516,520,526,532,540,555,548,550,553,560,570,559,559,561,558,557,556,563,555,547,544,541,548,538,532,529,528,527,525,528,530,520,517,517,525,520,513,510,506,505,503,503,504,492,489,483,486,484,474,466,463,458,454,454,456,441,436,431,432,429,418,411,406,401,396,391,396,379,371,364,362,360,345,336,329,320,311,304,306,291,279,274,267,269,253,247,244,238,235,231,237,233,225,222,222,230,221,219,216,215,215,214,218,219,211,211,209,219,218,210,210,208,209,208,212,216,208,206,208,210,215,207,207,206,204,204,207,212,203,202,201,206,210,202,200,199,200,200,200,210,198,198,197,198,207,197,194,193,192,191,191,201,193,189,188,190,199,191,187,186,186,188,187,191,192,184,185


177,182,184,179,178,177,178,178,182,182,182,177,177,182,184,180,179,178,180,179,180,182,187,179,177,184,184,188,179,180,179,180,182,185,189,180,180,185,188,192,190,194,200,208,216,230,242,246,254,265,278,292,294,301,311,319,328,343,354,355,363,372,384,395,397,403,411,417,424,434,442,443,444,450,458,463,460,462,466,469,473,479,482,492,488,494,504,510,514,515,522,528,532,538,547,554,549,553,561,564,566,560,561,559,559,556,558,556,548,544,542,541,543,531,531,528,526,526,528,528,520,518,516,520,522,513,509,507,504,502,504,504,493,488,485,485,485,474,469,464,459,454,455,449,444,434,431,432,430,419,412,407,402,397,394,386,385,370,364,361,355,348,336,328,321,312,304,300,295,280,272,270,261,259,248,241,239,233,232,235,234,225,223,221,224,225,217,218,215,213,215,218,219,213,212,211,214,217,211,210,209,209,209,213,214,209,208,207,210,213,206,205,204,204,205,207,209,207,203,204,207,207,203,199,201,198,198,200,203,206,197,196,200,201,200,193,194,192,192,192,195,197,190,189,190,193,194,186,188,188,185,185,191,194,186,184


178,181,185,185,178,179,179,178,177,182,185,178,176,179,182,185,177,180,179,180,179,183,187,179,178,179,185,187,180,180,179,180,180,185,188,183,182,183,188,195,190,193,200,208,214,230,242,248,256,265,278,291,294,302,310,319,330,341,349,362,364,371,384,394,399,405,411,418,425,430,442,447,446,448,455,461,467,461,464,470,472,477,483,492,487,493,498,510,518,515,520,527,532,538,547,555,550,554,555,564,569,561,559,560,556,555,559,558,547,544,540,543,544,532,529,528,525,524,526,528,524,520,516,521,521,515,508,506,504,501,502,500,500,489,485,485,483,478,467,463,457,455,450,450,448,434,430,427,427,425,412,405,401,396,391,390,385,373,364,358,354,350,336,328,320,312,305,302,297,280,273,266,263,260,248,243,238,234,232,233,234,225,222,221,224,227,219,217,216,215,213,216,218,217,210,210,214,216,213,210,208,207,209,210,214,214,207,207,209,211,214,205,204,206,205,205,210,211,202,203,204,206,207,201,199,200,200,199,203,206,196,197,195,200,202,193,193,192,192,191,196,199,188,188,187,193,196,188,187,188,185,185,190,191,187,183