173,171,169,169,169,169,172,170,173,169,170,171,173,171,173,170,169,170,172,173,174,173,172,173,174,175,177,173,174,174,175,180,179,176,176,176,177,182,182,184,190,196,204,223,235,247,262,276,292,308,320,331,343,358,369,383,396,407,418,430,441,454,467,474,484,493,503,515,524,530,535,542,547,554,559,561,563,568,572,579,581,588,589,594,601,609,613,625,628,634,642,652,660,666,670,676,679,682,685,691,688,688,689,688,690,687,682,679,675,671,668,665,660,656,653,649,652,650,646,643,641,639,639,637,632,630,625,623,623,620,612,609,603,599,596,590,582,576,571,563,561,555,547,539,533,528,524,517,508,501,494,488,483,475,471,459,450,443,436,424,419,405,395,386,377,366,358,345,333,324,313,304,296,283,275,268,262,263,258,249,245,244,241,241,237,233,231,229,227,229,230,225,224,222,223,224,222,218,217,217,216,219,219,215,214,214,214,216,215,210,210,210,211,210,210,208,208,207,206,207,207,205,203,201,201,202,199,201,199,198,196,197,194,197,192,191,191,191,192,191,188,187,186,186,186,187,184,184,182,180,185,183,181,180,178,179


172,173,169,170,170,173,171,172,169,168,169,170,172,173,171,170,170,170,175,174,173,172,172,173,176,177,176,176,177,176,179,174,180,175,176,177,177,182,180,184,190,198,211,217,237,248,262,278,290,314,321,333,347,360,375,384,398,408,421,431,443,461,468,477,487,498,510,518,527,533,539,546,551,559,565,565,570,571,579,583,587,589,594,598,606,615,622,627,634,640,649,659,664,670,673,680,683,690,692,691,693,693,694,694,689,692,685,681,678,678,676,669,664,662,659,659,653,655,650,646,645,642,649,641,638,635,631,632,625,624,616,612,607,600,603,595,586,581,575,571,563,559,549,544,536,531,528,522,512,505,499,495,488,479,472,463,454,446,440,431,418,408,399,387,382,368,357,345,336,324,316,307,295,286,279,272,267,256,259,250,246,243,243,243,237,235,233,230,232,226,229,225,223,222,220,227,220,220,219,220,220,218,217,215,215,213,212,217,214,213,213,212,213,210,211,208,207,206,206,207,208,205,204,202,205,204,201,200,198,197,196,198,197,194,193,192,191,192,192,189,188,187,186,188,189,185,185,185,183,186,180,186,180,180,179,180


171,172,169,170,168,168,175,171,169,169,169,172,170,171,170,170,171,170,174,175,172,172,173,176,175,175,174,174,175,176,177,179,177,176,176,176,181,180,181,183,190,198,208,223,233,247,261,276,293,303,321,330,342,356,371,385,393,405,416,427,443,450,465,472,482,492,503,519,521,528,535,541,550,550,558,558,562,567,569,579,580,582,588,593,603,606,615,619,626,634,642,652,659,662,667,673,678,683,686,685,687,687,688,691,688,683,680,676,673,671,667,662,658,655,651,652,650,645,644,641,638,640,635,637,630,628,625,623,622,614,610,606,602,600,590,590,581,574,568,563,564,551,545,539,532,529,521,515,507,500,493,485,486,477,467,459,450,446,434,425,414,403,394,384,377,368,355,343,333,325,313,303,292,283,275,268,265,260,254,249,247,243,244,240,236,234,230,230,231,230,226,224,224,223,224,218,224,218,218,217,219,220,217,215,213,214,217,211,215,211,210,210,209,216,208,208,207,207,209,205,205,203,202,202,198,206,202,199,197,196,200,196,196,193,192,191,191,191,191,189,187,187,188,188,186,184,184,182,183,183,184,182,181,179,180,182


172,169,170,169,170,172,169,172,169,168,169,171,174,170,171,171,171,173,170,176,172,172,172,172,180,176,176,175,176,178,176,177,174,176,175,174,179,181,181,186,190,201,210,221,234,246,261,278,293,310,321,333,348,360,374,385,396,407,419,431,446,459,467,477,487,497,509,517,525,532,538,546,553,560,561,564,568,572,579,580,587,588,593,599,607,615,618,625,634,640,650,653,666,668,672,679,684,691,690,691,693,692,694,692,693,688,684,682,676,679,674,668,664,662,660,657,655,651,650,646,645,646,644,639,636,634,631,631,628,620,617,612,607,605,601,591,586,580,574,571,565,557,550,542,537,534,527,519,511,505,499,494,485,480,471,461,454,448,441,427,418,409,399,391,376,371,356,345,334,324,320,305,295,286,277,274,264,260,253,249,247,241,245,243,236,235,232,234,231,229,226,224,225,223,223,225,220,220,219,219,220,219,216,216,215,213,216,217,213,212,213,211,214,210,208,208,207,206,208,209,205,205,204,203,204,200,203,199,198,196,198,199,195,194,193,193,194,189,193,188,188,186,187,191,187,184,185,183,185,181,183,180,179,179,177,181


172,169,169,170,170,172,173,170,170,171,170,172,171,171,169,170,169,173,175,172,172,172,174,176,172,177,173,174,175,177,181,175,175,176,176,178,177,180,181,183,190,196,213,220,232,246,260,280,290,305,318,330,344,355,373,382,393,404,417,431,440,452,462,471,482,493,505,513,519,527,534,542,547,552,555,559,561,566,573,577,577,583,588,593,602,605,614,619,625,633,644,651,655,660,667,672,678,679,688,685,686,687,689,691,684,681,678,677,674,668,666,661,658,654,650,655,648,644,643,641,640,637,637,631,629,627,624,626,618,613,611,605,604,597,593,585,580,574,569,566,561,550,543,538,533,526,520,512,507,500,493,490,484,474,466,459,451,445,433,426,413,403,395,387,380,364,353,343,332,325,309,306,292,283,275,269,269,257,254,250,246,246,239,240,236,233,231,227,234,227,225,224,224,225,221,222,219,219,218,217,221,218,216,214,214,216,215,214,212,211,211,209,211,212,208,208,208,209,207,207,204,204,203,202,203,204,199,200,199,197,199,194,197,192,192,192,192,193,189,188,187,187,189,184,188,183,183,182,183,188,182,182,181,180,181,178