170,173,169,169,170,170,174,169,171,170,172,173,169,170,173,169,169,169,176,171,169,171,170,174,170,169,175,170,172,172,175,174,173,172,173,175,174,174,178,177,182,187,195,207,213,224,237,251,262,272,287,297,308,320,333,348,356,365,379,393,402,412,424,433,443,454,463,478,482,490,498,507,511,515,521,527,528,534,539,548,549,553,559,565,573,579,584,598,600,608,617,629,633,638,645,650,658,662,663,670,670,669,670,674,674,667,665,661,661,654,650,650,644,642,639,640,639,633,631,630,632,627,625,627,620,619,615,614,616,607,603,598,596,589,584,582,574,567,561,556,557,545,538,532,528,522,514,509,503,494,488,483,480,470,460,452,445,439,428,416,414,398,389,380,374,361,349,339,329,319,307,295,288,277,271,264,259,258,251,246,243,243,237,233,233,229,228,225,225,227,224,223,222,223,220,218,220,216,215,215,215,219,214,212,213,215,212,212,212,209,210,209,208,213,208,208,206,207,208,204,204,206,201,200,200,206,201,198,197,197,198,196,193,197,192,191,190,193,192,190,187,187,189,186,184,186,184,183,182,183,184,182,180,181,182,179


174,174,170,170,170,173,170,171,168,169,168,170,171,172,170,169,170,173,173,172,172,169,170,170,173,174,170,172,172,173,174,170,176,171,172,172,174,178,175,179,183,186,196,201,215,223,234,248,259,279,283,296,307,319,333,342,354,363,375,385,395,414,421,430,440,451,464,468,480,486,492,499,504,514,520,520,524,528,535,539,544,549,553,558,565,576,584,587,595,603,610,620,627,636,638,643,649,659,660,660,662,665,664,666,662,664,658,655,652,649,650,641,638,635,634,634,630,630,624,624,621,618,625,617,615,612,610,609,604,602,596,593,588,582,582,576,569,562,557,553,546,542,534,528,521,515,511,506,496,492,484,480,474,467,458,449,442,432,428,418,405,396,387,377,370,355,350,336,324,315,306,299,286,278,271,264,261,251,250,245,242,239,236,240,231,229,227,227,228,222,224,221,220,219,217,223,217,217,216,216,218,214,215,214,211,211,211,212,213,210,209,209,211,208,208,206,206,204,205,205,206,203,203,201,203,202,198,199,198,196,195,196,197,193,191,192,190,191,187,192,187,187,185,187,190,186,183,184,183,184,181,183,179,179,178,178


169,174,169,169,170,170,171,172,171,170,170,172,169,172,169,170,170,169,169,172,172,170,170,172,173,173,172,171,171,172,172,175,173,174,171,172,176,177,176,178,181,187,195,205,210,228,235,247,262,274,284,297,307,319,330,344,352,366,376,386,401,410,426,430,442,451,461,473,480,490,494,500,510,510,521,522,526,531,535,541,549,553,555,562,570,574,585,589,597,603,612,619,631,638,642,646,653,659,664,663,666,666,666,667,668,665,664,658,653,652,650,645,640,639,636,633,635,629,632,626,626,625,623,622,616,615,613,609,610,603,602,595,591,588,580,580,569,564,558,553,549,544,538,528,523,521,509,507,498,492,486,479,474,469,460,451,443,436,427,419,406,397,387,377,369,360,349,337,326,316,309,298,286,278,270,264,257,255,247,250,242,240,240,236,232,229,228,226,225,226,221,223,221,220,223,218,221,218,215,216,214,217,215,216,212,211,214,208,213,209,210,208,208,209,211,208,205,206,208,204,206,203,201,201,200,200,201,201,197,196,198,198,196,194,192,190,190,189,191,188,191,187,186,187,187,184,184,182,182,182,184,180,184,179,179,182


173,172,170,170,169,170,170,172,170,174,169,169,173,172,171,170,169,170,170,172,172,173,171,170,174,173,175,171,172,172,173,172,174,174,172,172,175,174,179,178,183,186,194,204,216,226,236,247,259,274,286,297,307,319,330,342,355,367,375,386,399,412,424,430,441,451,461,470,481,489,496,501,507,515,521,521,527,531,535,540,547,549,560,562,568,577,585,591,596,604,611,619,628,638,645,647,652,660,660,666,666,666,667,665,664,664,664,657,655,653,648,647,642,636,635,634,632,633,632,626,623,623,623,623,617,615,612,608,605,605,602,596,589,587,584,578,571,564,558,554,546,544,536,532,522,516,515,507,499,493,485,479,472,467,460,456,443,434,428,418,409,398,387,379,368,358,349,340,326,316,309,294,290,278,271,264,257,253,253,246,242,239,237,236,235,229,228,226,224,224,226,223,220,219,219,222,219,218,215,215,214,214,217,214,213,211,211,215,213,211,209,209,209,208,210,206,211,205,204,207,205,202,201,201,200,200,200,200,199,195,195,197,194,197,192,192,190,189,189,190,188,186,186,187,185,187,182,182,181,183,182,182,181,180,179,178


173,169,173,170,169,170,170,170,172,173,169,169,170,171,171,170,169,169,169,170,174,173,172,170,171,175,173,170,171,171,171,173,175,175,174,173,172,176,177,178,181,187,194,204,214,223,240,247,261,274,286,297,307,318,330,342,354,367,379,387,397,412,421,434,441,451,461,469,478,491,497,500,506,515,517,526,527,531,534,540,544,554,559,562,568,575,585,592,596,603,612,620,627,638,644,647,651,655,662,666,665,665,665,666,664,666,663,658,654,649,650,646,640,637,636,634,631,632,627,630,624,623,625,621,619,614,612,608,605,602,603,597,590,585,583,574,574,564,560,553,547,541,539,531,523,517,512,507,500,493,486,479,473,466,461,453,443,433,425,420,409,397,388,378,368,358,350,338,326,316,305,298,289,278,270,264,258,253,252,244,245,237,237,238,234,230,229,227,225,224,224,221,225,219,219,221,218,220,217,216,214,215,213,214,214,212,211,213,209,213,209,209,208,207,206,209,208,205,205,205,206,205,202,201,201,199,200,201,200,195,195,194,196,196,192,191,191,190,189,190,189,188,186,186,187,187,184,182,182,182,181,184,178,185,180,178