
193,187,191,188,190,198,185,185,185,188,192,198,201,189,193,191,191,204,193,192,193,193,195,201,208,195,200,199,196,206,196,193,195,194,193,198,214,196,199,205,206,225,222,232,244,256,268,288,310,307,319,332,337,356,362,365,376,386,391,406,428,420,426,437,441,448,465,460,465,471,475,483,493,491,486,496,492,496,506,500,501,501,505,513,521,530,520,533,532,534,555,545,551,556,559,563,573,583,571,578,578,573,584,572,569,567,562,557,560,570,549,548,548,538,549,537,532,531,527,527,531,543,522,523,523,517,524,516,506,504,503,500,499,510,490,485,485,478,472,477,463,458,453,449,450,452,442,431,432,421,415,423,408,402,396,389,387,385,384,363,363,352,344,349,327,321,312,306,299,299,297,275,274,268,258,265,249,245,241,240,238,242,253,234,234,234,227,237,226,226,225,223,222,229,239,221,222,226,219,228,224,217,219,215,218,221,231,216,215,221,215,218,226,213,213,213,212,215,223,215,209,216,212,208,219,209,207,208,207,207,215,217,202,208,205,202,216,200,200,198,198,198,202,209,198,201,199,194,207,198,193,193,194,194,201,209


185,186,186,185,204,188,187,187,188,188,189,205,188,186,190,189,208,193,192,193,192,193,195,211,194,195,193,193,207,200,195,193,193,195,193,210,198,196,196,199,211,227,220,231,243,254,266,288,300,304,317,325,338,367,359,368,374,385,394,403,427,416,425,431,442,468,454,459,465,469,476,480,499,486,488,488,493,514,498,496,501,503,504,509,531,517,522,525,532,551,544,546,549,554,559,562,585,571,570,572,572,584,580,570,567,567,563,559,570,554,547,545,543,542,552,536,531,531,527,527,534,529,519,518,517,516,531,513,507,504,504,498,500,507,488,485,480,475,489,469,462,457,452,450,444,457,433,430,424,422,435,415,407,401,396,388,386,395,371,362,355,351,359,341,330,320,315,304,299,307,285,273,270,263,265,259,249,246,243,238,237,250,236,232,229,227,233,241,225,226,225,222,222,229,228,218,220,218,221,238,221,219,217,218,217,221,229,216,215,215,216,234,215,215,215,212,212,212,230,209,210,210,209,227,209,207,209,207,206,208,221,204,203,203,200,218,203,199,201,199,198,198,216,199,194,194,195,205,204,196,193,195,195,193,207,196


196,184,186,187,189,199,185,187,187,187,191,188,199,187,188,189,194,200,193,190,191,194,195,196,206,193,195,192,200,202,198,194,193,193,193,199,205,196,195,200,212,216,228,233,242,253,267,288,304,309,316,326,342,347,368,368,373,384,393,406,414,424,423,433,446,448,467,459,466,468,474,484,484,494,487,488,494,494,509,497,500,504,506,514,514,529,521,524,529,541,551,549,551,556,558,564,566,580,568,571,570,576,580,573,566,564,562,559,558,564,547,543,539,543,539,539,532,528,527,528,530,531,522,519,518,520,514,522,509,504,503,498,502,496,496,483,479,480,473,480,464,457,451,448,450,444,445,431,423,423,419,423,407,402,396,390,388,378,383,363,357,350,346,348,329,322,314,305,301,292,294,275,267,262,263,260,253,245,244,240,238,243,244,233,230,228,233,230,231,225,225,225,223,229,230,224,219,220,225,220,229,217,217,217,218,222,222,223,214,214,221,215,226,213,212,211,214,217,213,223,211,210,211,209,222,208,208,206,208,211,208,218,204,203,202,205,214,201,198,199,201,202,202,211,196,195,196,199,205,199,196,193,194,193,197,204


185,184,183,185,201,189,188,185,187,188,192,203,187,187,187,188,203,193,190,192,193,193,193,207,193,192,193,195,206,205,195,193,194,193,193,206,195,194,197,199,211,223,222,230,241,256,267,292,299,305,315,325,339,365,359,365,376,383,393,413,417,416,425,433,442,466,457,460,466,471,477,489,491,486,487,490,491,512,499,497,501,501,505,516,523,516,521,527,532,548,547,546,550,555,557,568,578,569,570,571,571,575,584,572,569,567,562,561,566,554,548,544,541,539,556,535,533,532,527,526,537,530,521,518,517,515,532,510,507,506,502,499,509,496,487,481,479,474,489,470,462,457,452,449,458,446,435,428,425,419,432,415,408,400,397,390,393,383,369,364,357,348,352,343,330,320,314,306,305,296,283,273,269,263,259,267,250,247,243,239,241,243,235,232,229,228,228,242,226,227,224,221,225,231,226,219,220,218,218,236,218,219,219,218,218,227,223,216,215,213,213,229,217,215,211,214,214,223,217,210,209,209,210,223,211,208,208,207,206,218,210,203,202,203,200,208,208,200,202,200,198,209,205,198,197,195,194,194,210,197,194,195,195,199,198,195


199,186,185,192,185,184,186,199,186,187,191,190,201,189,188,191,193,190,192,201,193,192,197,193,202,200,192,192,197,194,192,198,198,196,200,195,196,205,196,198,208,213,219,233,254,257,273,281,293,318,317,328,341,348,355,367,390,385,396,405,413,430,426,434,448,447,456,461,479,472,477,487,483,500,488,488,497,496,496,499,513,505,507,514,516,528,523,526,531,539,543,546,558,560,559,571,568,579,575,572,573,578,571,571,572,574,564,566,556,557,557,543,541,543,537,534,533,540,528,532,527,525,532,521,518,521,512,511,509,518,504,505,495,494,502,485,479,479,473,468,461,469,454,453,445,441,449,430,425,422,418,412,404,414,399,391,385,379,382,365,358,348,349,336,327,330,317,306,303,289,289,281,269,263,264,253,247,248,247,241,244,236,238,243,231,228,233,227,224,226,236,225,229,223,221,231,220,219,222,220,219,219,230,219,221,218,216,228,215,214,216,217,213,215,224,215,216,214,212,221,212,210,208,211,206,209,218,207,208,206,205,214,207,202,201,206,202,199,211,202,199,202,196,202,205,195,193,200,195,195,199,198,195,198,194,196


189,187,185,186,198,187,184,189,187,187,189,194,194,190,189,190,199,195,189,193,192,192,192,205,201,194,195,193,197,203,195,199,193,193,193,205,201,194,196,202,206,224,219,237,241,255,267,293,302,307,318,328,338,360,356,372,377,385,395,415,418,418,426,433,444,459,455,464,467,470,474,488,489,486,488,489,494,506,497,498,502,501,505,513,519,522,523,528,532,544,548,544,557,555,558,562,578,575,569,571,574,577,582,571,574,563,561,560,567,556,546,546,543,539,548,532,538,530,527,527,537,531,523,519,517,516,526,511,514,504,502,498,505,499,490,485,481,477,485,467,467,459,451,447,454,446,438,429,425,421,425,413,408,403,396,388,387,382,374,365,357,349,348,340,327,323,310,305,298,300,291,274,269,261,261,261,249,249,242,239,237,247,239,233,231,230,226,239,224,231,222,221,221,234,228,221,219,220,220,231,218,220,217,215,216,226,223,218,215,216,216,225,214,217,213,213,210,221,217,214,210,209,208,219,211,210,206,207,205,208,208,210,204,202,201,207,208,200,200,197,196,202,207,205,199,194,197,197,204,194,200,193,193,193,205,197


186,190,194,188,189,187,185,186,199,188,193,186,187,191,200,189,196,189,190,191,202,194,198,192,192,194,209,194,201,193,193,193,206,197,199,193,194,195,209,203,212,212,222,230,246,265,272,282,295,306,331,333,345,352,359,368,380,400,398,406,414,421,440,441,449,452,460,465,473,490,479,488,485,488,496,500,497,501,499,502,504,520,513,520,517,522,528,541,536,549,547,552,558,573,568,575,571,574,575,591,580,583,579,576,574,581,571,571,559,558,554,563,547,549,543,540,538,539,542,534,529,529,527,535,525,526,520,515,512,510,516,506,500,494,491,498,486,484,477,470,465,464,471,454,452,442,437,438,435,426,426,413,407,403,410,393,391,380,373,370,371,352,353,338,329,322,327,309,304,292,284,278,281,263,263,255,249,245,251,245,244,236,235,232,242,229,233,227,227,224,227,233,225,224,220,221,232,222,224,220,219,218,221,230,220,217,214,215,224,219,218,218,214,213,213,225,214,215,211,211,219,214,209,214,209,209,207,219,205,212,203,204,207,214,203,209,201,202,200,210,199,202,196,195,195,209,196,201,197,195,194,203,196,197,192,190