
179,186,177,176,175,175,173,185,182,184,171,179,178,187,180,179,178,179,173,182,182,191,175,182,183,192,186,184,183,183,177,181,183,191,181,182,184,192,190,189,195,202,212,223,241,264,273,286,305,326,341,347,360,372,385,395,418,431,428,443,457,470,486,486,494,502,510,515,525,539,542,542,547,553,564,556,558,560,561,559,567,577,586,579,586,591,605,602,606,612,618,616,629,637,650,641,647,653,661,657,655,654,653,651,649,648,651,639,631,631,633,623,616,611,608,604,601,604,608,598,592,597,599,591,585,581,578,575,570,573,575,572,559,564,559,544,537,531,526,520,510,518,513,509,500,497,494,477,469,463,458,451,435,444,437,435,427,418,413,393,383,372,364,354,339,334,327,327,317,306,302,284,272,263,257,250,245,240,240,244,243,239,244,238,226,224,222,221,219,217,221,225,219,214,220,222,223,214,213,212,212,208,218,219,215,207,218,211,221,211,209,208,207,204,215,213,213,201,209,206,215,206,204,203,201,194,199,203,211,194,199,199,207,200,196,195,194,192,191,192,201,191,194,190,197,193,188,187,186,185,184,185,194,185,190,184


176,175,176,175,176,177,185,177,175,176,184,178,177,177,182,178,179,180,188,182,181,180,189,183,182,182,188,183,184,183,190,185,181,181,187,185,182,183,191,189,194,203,220,229,238,253,272,292,302,315,333,345,358,371,390,405,409,419,431,446,452,462,472,483,492,500,510,525,532,538,539,541,543,546,549,553,555,557,560,571,574,578,581,581,591,586,588,599,603,609,616,630,628,632,636,648,657,648,642,651,653,651,651,655,649,642,638,637,640,625,615,614,613,608,605,608,606,597,594,592,599,590,579,583,583,578,576,575,578,566,561,549,561,550,544,538,535,528,523,518,521,507,501,494,497,487,479,472,468,461,455,450,451,437,429,421,420,411,398,388,382,371,362,353,352,336,324,315,305,302,286,277,271,262,255,250,253,244,237,234,230,237,226,225,230,223,222,220,225,226,217,215,213,222,214,213,213,213,212,213,215,221,211,210,204,217,211,209,202,209,209,208,209,216,208,206,205,213,207,204,201,203,204,203,202,210,202,200,200,205,201,196,196,194,197,194,194,200,201,200,199,197,193,189,188,185,194,187,187,193,194,193,193,190,192,183


188,181,176,176,176,175,176,168,176,183,184,179,186,186,179,178,178,178,179,178,180,187,190,188,190,192,184,183,182,183,182,182,182,186,190,189,190,194,187,189,195,202,212,224,236,258,278,296,310,331,335,347,359,372,384,396,406,430,440,452,459,480,477,484,493,501,509,517,518,534,544,550,548,557,556,554,556,558,561,564,560,570,582,587,578,589,603,600,605,610,617,622,628,635,647,652,648,651,661,656,654,654,652,650,648,644,646,644,632,626,633,623,614,609,607,603,601,597,603,603,596,588,603,592,583,580,577,573,571,563,572,568,564,555,560,546,536,530,525,518,513,499,504,505,501,487,488,479,469,462,457,450,444,433,430,430,424,414,407,398,382,372,363,353,343,334,323,317,314,304,295,285,271,262,255,249,245,241,236,238,239,237,235,240,225,223,221,220,219,217,214,224,224,223,219,229,217,213,212,213,211,211,205,216,218,212,203,211,218,210,208,207,208,207,199,206,213,208,199,205,212,207,203,202,201,201,199,200,206,204,198,197,203,204,195,194,193,192,191,190,197,198,189,188,193,196,188,186,186,185,185,183,189,191,183,182


177,175,175,175,175,176,176,183,176,176,179,184,179,177,178,178,178,178,182,186,183,180,185,189,186,182,183,182,182,181,191,188,187,179,188,189,189,184,185,189,194,196,216,229,247,248,272,291,311,318,332,346,359,366,384,398,417,415,432,445,463,466,474,483,492,501,509,519,533,532,536,543,554,550,552,554,556,558,561,567,576,572,574,582,592,591,593,599,605,610,616,630,637,638,639,651,654,655,653,653,654,653,649,660,654,652,637,642,637,635,622,618,613,610,598,605,605,608,589,595,596,599,589,586,583,580,573,574,573,576,562,560,557,559,547,540,536,530,525,518,516,517,504,497,494,494,482,475,469,463,456,449,447,445,433,422,420,416,402,391,381,372,362,351,352,342,330,313,314,303,294,278,270,262,255,244,250,247,247,229,235,235,236,227,224,223,221,212,218,219,225,210,215,217,223,215,214,213,212,211,211,213,219,211,209,211,218,211,209,208,208,207,206,209,214,208,205,208,213,207,205,203,202,202,200,206,208,203,198,205,205,202,197,196,195,193,190,200,198,197,187,196,195,197,189,188,187,186,180,186,189,193,178,184,187,191


176,175,168,176,183,181,176,175,182,182,172,176,177,176,173,179,185,188,179,180,185,188,181,181,182,181,182,182,185,191,183,183,183,189,182,181,183,183,185,188,198,211,214,225,239,263,271,284,309,318,332,344,368,382,388,398,410,429,435,440,462,466,475,480,499,511,515,520,526,540,542,535,547,550,553,548,558,568,571,566,569,578,584,578,584,590,595,600,607,618,628,626,631,641,648,646,649,653,654,655,655,659,662,654,650,647,650,639,632,631,623,619,615,618,617,607,604,601,607,598,591,601,589,587,581,589,588,578,573,570,573,565,550,557,547,542,530,533,534,525,516,510,512,504,486,486,482,474,464,464,465,461,446,439,437,432,416,407,400,391,382,372,367,363,346,336,328,324,307,295,289,278,270,262,260,259,247,242,238,243,234,228,232,226,224,221,228,229,221,219,217,224,218,212,222,214,213,208,218,220,215,212,212,219,214,202,210,210,209,201,208,215,215,209,208,213,214,203,204,205,204,202,203,208,210,203,201,204,207,199,197,198,196,195,195,197,201,193,193,192,199,190,188,191,188,186,186,191,194,186,186,185,191,185,182,190


176,175,182,178,175,175,175,179,176,176,183,178,177,177,184,185,178,178,178,185,180,181,188,185,182,182,186,195,183,182,178,187,182,182,187,190,183,183,184,198,195,202,204,224,238,254,272,294,302,316,329,352,359,371,379,394,408,419,431,449,452,462,472,489,493,498,507,514,523,528,534,546,544,546,549,559,559,556,558,560,568,568,571,583,583,585,590,602,613,608,614,617,633,631,637,647,648,648,649,652,664,651,649,642,648,642,637,637,636,624,618,610,619,608,604,594,598,597,594,592,598,587,585,581,588,579,574,571,568,566,561,557,560,549,543,538,541,531,522,516,511,509,500,495,497,485,478,472,474,467,455,448,441,441,429,421,421,409,397,388,384,385,361,351,338,338,324,315,311,303,286,277,267,272,255,249,236,240,238,234,235,238,228,226,221,230,222,219,213,217,217,216,216,223,215,214,213,220,214,211,211,210,212,210,211,217,210,209,209,215,212,207,207,206,210,207,206,213,208,204,204,208,212,202,201,198,207,200,199,206,202,198,196,198,208,194,192,187,195,192,190,195,197,189,189,184,195,187,186,179,185,185,184,185,191,183