
184,180,177,177,177,176,176,183,174,176,175,176,183,180,178,178,178,178,178,188,177,175,177,176,182,183,180,178,180,177,178,190,178,178,177,179,178,183,184,182,186,190,195,210,211,216,225,236,244,260,268,272,279,288,295,311,315,319,326,334,341,356,359,363,371,375,383,390,399,396,401,403,406,417,420,417,418,421,423,427,438,431,432,435,440,450,454,453,459,461,466,471,486,481,483,486,489,498,497,498,498,496,497,497,505,493,490,486,484,480,482,480,474,472,469,467,477,466,461,461,459,460,463,461,454,454,451,450,455,444,442,438,433,433,435,431,423,418,415,413,412,407,400,395,392,389,390,386,377,373,369,364,359,364,348,344,338,333,334,327,317,309,303,298,290,293,276,268,263,258,255,250,240,236,230,226,224,229,218,216,213,211,210,214,212,210,208,207,206,213,205,204,203,200,202,208,207,201,201,201,202,210,201,199,199,200,199,206,203,200,198,198,199,201,200,198,197,195,196,201,200,197,196,194,195,194,201,191,191,192,191,197,194,192,190,189,189,188,197,185,187,185,187,190,190,185,183,184,184,182,193,183,181,183,182,186


177,175,180,175,175,176,178,181,176,175,178,178,178,175,183,175,174,175,180,183,181,177,179,179,182,177,183,179,176,177,180,180,182,180,179,180,184,179,186,183,183,190,194,203,216,219,228,237,251,256,265,275,281,288,297,311,320,323,329,336,348,352,357,369,372,378,384,394,402,400,403,409,415,414,419,426,422,422,424,433,436,436,436,441,446,448,452,464,462,465,471,479,485,486,488,491,495,501,497,505,499,500,500,501,497,500,494,491,487,488,481,484,478,473,473,473,472,474,466,465,463,465,460,463,457,454,452,451,453,454,444,443,438,439,433,429,430,420,417,415,415,414,404,400,394,395,387,382,385,373,370,367,366,362,353,347,341,337,332,325,323,311,304,296,294,289,280,272,263,259,255,246,246,235,229,226,228,221,222,217,216,214,216,209,215,207,206,206,207,206,211,205,204,205,207,203,205,202,201,200,199,204,206,201,199,202,203,201,200,203,196,197,199,201,204,198,197,196,202,196,198,202,194,193,193,198,200,194,192,194,195,193,191,197,190,190,188,192,194,188,187,187,188,189,184,191,183,184,184,188,186,185,184,183,182,185


177,180,176,177,176,180,178,178,175,175,175,182,178,182,178,177,177,178,182,180,176,177,176,183,180,182,180,179,179,179,186,182,177,177,179,184,179,182,183,182,187,189,203,205,208,218,227,240,246,254,269,274,281,290,304,309,314,320,328,336,346,351,361,364,370,376,388,392,393,396,401,406,414,412,419,416,420,421,428,426,429,432,433,437,448,447,455,454,459,464,468,477,480,481,484,489,499,493,501,499,499,497,500,503,501,494,491,486,491,483,479,477,476,473,470,475,470,464,464,463,467,461,457,461,456,453,453,456,452,446,441,439,437,435,431,431,424,421,416,419,413,405,401,397,392,397,384,385,377,372,368,369,363,356,350,343,339,340,329,326,316,309,304,296,294,287,276,268,264,265,252,250,242,234,229,228,231,224,217,216,213,219,211,212,211,208,207,205,211,207,205,202,202,209,203,202,206,202,201,203,207,206,201,200,198,203,201,199,205,199,198,198,204,202,197,196,195,196,201,196,199,197,196,195,202,198,194,192,191,193,198,193,195,190,191,191,189,191,190,186,185,185,192,186,190,185,184,184,185,190,186,181,181,181,188,181


179,175,175,177,177,188,176,177,176,177,180,177,183,175,177,177,177,188,177,179,178,179,181,178,185,177,177,179,178,189,181,180,180,179,183,180,187,179,181,183,184,197,198,203,209,217,228,239,251,255,265,273,282,293,307,307,314,322,329,341,351,352,358,365,372,380,394,391,396,400,404,413,413,417,417,418,421,424,439,429,432,434,439,445,446,456,451,457,461,466,484,478,481,484,489,494,495,503,498,499,502,503,513,501,498,499,496,495,489,493,482,480,476,474,480,475,469,469,466,467,468,468,461,460,459,458,460,460,450,448,447,443,445,443,433,427,425,423,421,423,411,407,402,400,399,394,390,383,377,374,371,376,362,357,354,348,346,337,336,322,317,311,306,308,292,286,280,273,269,260,259,244,239,233,231,235,225,221,219,216,217,214,217,211,208,206,208,214,208,205,206,204,204,205,210,203,201,201,200,204,208,201,201,201,201,205,205,200,200,199,198,201,205,200,198,199,196,200,200,197,197,193,195,195,204,196,192,194,194,197,192,197,189,189,189,190,199,189,189,187,186,190,186,192,184,183,182,183,195,185,182,182,184,186,182,186


177,177,178,180,180,176,175,176,183,176,175,180,178,176,177,183,180,176,176,178,185,178,178,183,177,179,180,184,179,182,178,178,183,180,180,182,179,181,181,189,187,193,195,201,211,220,227,238,248,255,264,278,280,294,298,305,312,327,329,336,346,352,356,368,372,380,383,388,392,404,403,406,414,414,416,419,423,425,424,425,428,438,435,439,446,445,451,456,465,468,469,472,476,489,486,490,495,494,495,498,505,500,501,496,496,499,491,487,489,484,478,478,480,472,474,467,467,466,466,462,465,462,458,456,461,454,457,448,447,445,449,440,437,437,432,426,429,421,419,412,408,404,406,396,392,395,385,380,377,375,372,364,358,356,356,347,341,338,328,322,317,316,306,299,290,282,283,271,265,262,252,246,240,241,229,229,222,221,224,217,214,216,213,209,210,215,206,209,206,204,207,207,203,207,206,201,202,207,201,204,199,201,201,206,199,202,201,198,200,206,200,200,199,197,197,204,196,199,201,197,197,198,198,198,194,193,192,200,192,192,197,190,192,190,196,193,188,189,187,194,188,188,191,186,185,186,191,185,185,182,183,189,182,183,187,182