
184,195,185,182,190,185,196,187,184,190,188,185,188,196,184,185,189,187,199,188,191,191,192,190,189,199,190,191,190,194,199,193,190,189,195,190,190,197,193,195,201,212,223,234,239,253,270,282,293,308,328,331,344,359,367,387,386,397,413,416,424,433,449,449,458,470,471,487,485,488,496,496,502,502,514,509,509,517,516,528,521,522,529,532,533,539,553,548,554,561,564,580,576,580,586,591,588,592,603,598,596,593,596,600,593,588,584,584,573,569,570,565,558,556,556,554,555,546,543,545,540,536,538,544,532,530,531,526,532,518,514,518,508,502,501,505,491,485,488,479,484,467,462,463,454,449,443,448,432,428,427,419,423,409,402,397,389,380,374,373,358,349,345,335,336,319,310,303,296,284,276,276,265,254,251,251,248,243,236,233,236,230,228,227,230,221,222,225,222,230,220,218,223,217,216,219,224,216,216,221,215,224,215,215,218,214,214,212,222,213,210,217,213,221,211,211,216,211,208,210,220,207,206,210,208,217,206,206,207,205,205,202,212,201,201,199,202,210,201,196,197,202,195,195,202,197,194,192,197,201,199,191,192,196,190,191


188,183,185,183,182,189,197,182,184,182,183,197,191,187,187,186,187,191,202,187,187,189,189,200,194,194,190,189,190,192,206,190,189,189,187,198,193,196,193,196,200,206,227,228,235,250,264,282,300,312,318,331,342,353,372,385,385,392,402,415,432,437,438,447,453,460,473,483,480,485,488,493,507,506,502,504,508,508,514,526,514,517,522,526,541,540,540,544,547,553,565,578,569,575,577,581,597,590,596,590,592,590,590,601,588,580,576,573,576,568,567,559,555,551,549,556,550,540,537,537,540,543,538,530,526,527,525,530,528,515,510,506,506,509,502,491,488,483,479,478,479,463,460,455,451,455,446,436,432,426,419,419,421,404,397,391,384,389,376,365,355,348,340,336,338,316,306,297,290,293,277,273,261,256,251,246,256,239,235,233,231,237,233,229,225,224,222,222,227,228,218,216,217,219,226,221,216,215,215,215,222,222,213,210,213,214,223,219,212,211,213,210,217,223,211,208,208,210,220,212,209,208,208,208,210,216,205,204,203,204,215,206,205,200,202,200,202,212,198,197,197,195,205,197,201,196,193,194,194,206,195,189,188,191,198,197


185,183,195,185,184,189,186,197,185,186,192,186,185,186,197,187,187,189,190,197,189,191,192,191,188,191,199,192,191,189,193,199,195,190,189,196,190,190,198,199,198,205,221,230,248,252,267,285,293,308,323,340,342,353,369,375,397,395,405,419,424,433,443,458,456,461,476,477,492,490,492,502,500,503,505,517,508,510,518,516,531,522,525,534,533,537,541,557,551,555,566,570,584,581,584,588,592,591,593,602,596,595,592,597,596,591,581,579,578,570,563,564,561,553,549,554,548,554,541,541,544,538,536,535,540,527,526,528,523,528,515,511,513,505,499,493,501,487,479,480,472,479,465,459,457,449,443,437,442,429,422,422,413,417,401,392,389,383,373,365,366,350,340,337,327,326,312,300,293,288,277,269,270,256,250,244,247,244,240,231,232,235,229,226,225,229,221,221,225,221,229,218,219,221,216,216,217,224,213,215,219,213,225,213,215,218,214,213,212,220,212,209,216,212,221,211,211,213,211,208,208,217,208,205,209,207,214,207,206,206,204,201,201,209,201,198,201,201,204,200,197,196,202,193,195,202,193,191,193,195,195,200,193,191,196,189


185,189,186,183,185,186,200,187,182,184,184,194,186,189,187,185,188,186,200,192,189,187,190,199,192,189,193,191,191,191,199,196,188,190,188,195,195,189,198,195,199,208,218,236,236,251,263,280,302,307,324,332,341,354,366,386,383,391,404,411,433,429,445,447,454,462,467,488,479,483,486,494,508,499,505,503,506,509,509,526,517,517,521,525,538,535,542,546,550,554,560,575,575,572,576,582,593,591,591,595,589,589,589,594,591,582,576,572,574,571,560,563,552,550,549,548,556,540,537,537,538,542,533,534,527,525,523,521,531,514,509,507,503,512,496,498,487,485,478,476,483,466,458,453,448,456,441,441,430,427,420,415,423,405,398,391,384,388,371,366,359,349,340,333,333,321,308,297,291,289,279,268,265,254,249,245,246,244,235,229,228,231,234,225,228,223,222,219,223,233,219,217,215,217,226,217,220,215,216,215,216,229,212,212,211,213,222,213,217,213,213,212,213,226,211,208,209,207,217,209,212,206,206,208,208,217,206,205,202,203,212,205,204,204,202,199,198,207,203,196,196,197,203,200,197,199,194,194,192,197,200,190,189,189,193,200


184,183,184,184,196,187,186,183,185,195,190,187,184,185,186,186,198,192,188,188,189,200,193,194,188,190,189,189,200,192,196,188,189,197,194,194,190,190,193,197,201,214,219,224,239,253,275,286,293,305,320,331,346,364,370,373,384,395,415,419,423,432,440,447,455,473,474,475,481,487,502,501,499,501,505,507,508,520,515,515,516,520,535,531,536,535,541,544,551,566,563,568,571,577,591,589,595,589,592,593,592,602,596,595,586,585,587,583,577,568,563,557,556,554,559,553,547,542,542,550,543,536,535,530,531,528,534,527,520,515,513,522,513,502,499,492,489,484,492,480,472,465,463,467,457,447,442,437,432,428,434,422,411,406,398,403,390,382,370,364,355,350,351,335,327,318,310,310,296,288,275,270,260,255,256,250,246,238,234,238,236,234,227,225,224,223,225,228,225,219,217,219,226,221,218,216,216,216,217,222,218,213,214,214,223,217,213,212,212,211,213,221,213,211,211,208,220,215,211,208,206,208,205,217,211,205,205,203,214,207,205,203,201,201,201,210,202,201,197,196,205,200,200,195,193,194,192,199,198,198,193,191,198,196,195,192