
195,196,197,195,213,198,197,205,197,196,196,211,196,195,202,197,213,198,197,203,198,195,198,212,200,198,204,198,213,204,200,204,200,198,199,212,201,201,207,205,219,221,222,236,239,246,256,276,283,287,303,310,319,341,334,347,357,360,368,381,396,394,408,411,419,442,433,441,453,452,455,463,481,468,473,478,478,499,485,488,499,495,496,501,523,509,515,527,525,548,540,542,555,553,557,560,580,569,571,580,575,588,581,574,581,574,567,566,577,562,558,560,554,561,559,546,551,545,543,542,552,542,538,544,534,538,543,529,533,527,522,517,516,522,509,511,501,498,509,488,485,485,475,472,469,476,456,454,451,443,456,437,430,431,420,412,406,417,396,386,389,375,384,363,352,353,336,328,319,327,306,295,298,284,292,276,268,272,262,256,256,264,254,249,253,244,253,249,242,249,240,238,237,249,240,235,240,235,236,248,235,237,234,232,230,235,238,230,233,231,231,243,226,227,233,225,225,226,239,222,225,225,223,237,220,219,226,220,217,218,233,215,213,222,213,229,216,211,218,212,211,210,223,208,208,215,207,222,208,206,211,206,204,204,217,206


195,198,208,201,194,192,194,211,196,193,200,194,195,195,208,199,198,195,195,209,197,195,203,198,195,196,211,200,201,197,197,211,200,196,199,202,199,199,215,206,215,211,218,236,241,245,255,275,276,287,308,308,322,324,330,347,360,358,368,384,383,390,404,414,424,423,429,437,457,450,454,466,464,465,470,486,483,478,479,485,501,492,494,506,505,506,513,531,527,529,533,539,557,550,553,563,562,562,566,583,573,575,569,568,582,569,564,564,564,555,554,563,552,555,543,541,553,546,538,540,546,536,533,544,535,537,528,525,533,529,519,516,519,507,506,505,506,502,490,484,481,490,472,468,471,460,454,453,459,448,438,432,427,436,418,410,412,400,392,387,393,379,368,357,350,357,337,327,323,314,304,296,302,287,279,268,265,276,263,255,257,255,247,247,259,247,249,239,239,249,244,237,238,243,234,233,246,237,238,233,231,238,241,232,228,236,228,228,233,234,233,227,224,228,239,226,226,232,223,221,223,234,227,221,218,219,232,220,219,222,218,215,213,227,219,215,209,209,224,213,208,213,211,206,207,221,211,210,204,202,220,206,203,207,206,201


195,203,211,195,194,193,199,194,194,208,195,193,193,200,211,198,195,196,202,196,197,210,195,193,193,203,214,201,197,198,200,201,196,208,201,197,196,203,215,209,207,211,217,234,234,247,266,265,276,287,307,321,314,325,334,349,352,361,383,377,382,391,411,424,418,424,431,447,446,450,471,459,465,468,480,491,480,479,483,494,489,492,511,501,505,507,521,536,529,531,534,547,548,552,567,563,564,565,574,587,577,575,575,577,575,570,577,571,560,560,559,567,562,551,549,547,550,542,545,552,539,537,538,547,548,532,529,528,534,523,524,532,515,510,506,515,515,496,492,487,491,480,476,486,465,460,455,461,462,446,438,434,436,424,420,426,407,398,393,394,396,376,366,357,357,345,335,338,320,310,303,300,302,287,277,271,270,267,260,268,257,251,249,253,259,251,243,242,239,247,240,240,246,234,234,235,244,245,232,231,233,239,231,231,242,228,228,229,237,241,229,227,227,234,225,226,238,223,221,221,231,238,222,222,218,226,220,218,232,217,213,213,219,228,214,213,211,216,211,208,221,210,206,205,211,221,210,205,206,209,207,202,213,208,202,200


193,214,197,191,191,192,206,197,198,197,193,194,192,210,198,193,191,192,208,199,198,199,195,193,194,210,205,195,193,195,207,202,197,203,197,196,198,200,219,201,203,208,222,240,234,252,254,264,276,288,315,305,311,321,332,354,350,366,366,373,382,392,421,409,413,422,429,450,444,453,453,456,462,465,489,474,473,475,479,497,487,495,496,497,502,507,530,522,520,524,530,550,547,551,556,557,560,563,579,579,569,569,570,579,574,567,572,560,558,555,555,569,549,546,544,546,556,542,547,537,534,533,535,553,532,526,526,524,535,522,525,513,510,507,506,522,498,492,487,484,494,477,479,468,464,459,455,469,448,438,433,429,439,425,422,413,404,398,391,404,383,368,363,356,360,344,336,329,317,310,300,308,299,279,273,267,273,269,258,263,253,249,249,250,264,242,240,238,243,250,237,245,235,234,235,234,253,231,230,229,231,243,233,236,230,228,227,229,248,228,226,225,224,239,225,230,223,222,223,223,242,224,218,218,218,234,219,220,218,216,213,215,230,219,212,211,209,223,212,212,212,206,208,206,220,216,204,203,202,214,211,202,209,202,201,201


198,197,194,194,210,202,196,193,194,210,195,193,197,199,195,194,206,198,200,195,194,209,200,196,195,204,197,195,207,204,204,196,195,205,205,198,197,205,200,203,209,225,226,225,233,247,270,266,276,292,295,304,315,338,340,339,348,359,380,375,382,399,399,406,414,438,438,438,441,448,468,459,461,472,471,471,474,493,488,485,486,490,509,501,501,511,515,517,521,538,541,543,544,548,565,561,562,563,575,569,568,580,578,577,568,566,574,572,560,557,561,552,550,549,559,552,542,541,541,553,538,535,540,532,529,532,542,532,523,518,520,530,512,508,512,501,498,494,504,492,482,476,473,481,465,458,461,453,445,442,451,438,429,420,416,425,406,397,395,389,380,370,374,362,353,341,333,339,323,309,303,302,286,280,283,276,272,261,256,265,262,252,249,254,246,244,246,255,248,240,235,237,249,235,233,240,233,232,232,246,239,229,231,231,244,229,230,234,230,226,228,240,232,225,223,223,239,224,223,226,224,220,221,234,225,220,218,215,231,219,216,217,217,212,211,223,218,216,208,209,221,212,206,206,215,206,207,213,210,209,202,202,210,210,203,202


207,193,195,200,195,193,196,208,198,198,193,197,209,194,194,197,199,193,197,212,200,201,195,195,211,197,196,198,205,199,198,213,199,205,196,196,214,203,199,204,215,211,219,240,239,252,254,266,290,292,297,307,323,327,334,353,356,368,370,378,394,402,402,411,424,426,434,442,459,460,458,462,469,485,474,476,485,484,484,491,507,499,502,502,507,525,517,522,530,539,537,543,564,556,566,563,566,585,573,573,576,584,575,577,590,576,577,567,564,576,563,557,554,561,551,550,559,549,553,542,540,554,544,537,537,542,533,530,539,530,531,519,515,522,519,505,502,503,496,489,487,494,483,473,468,464,475,456,450,451,443,436,433,439,427,418,406,401,408,388,380,375,373,360,352,357,341,336,319,313,321,299,288,283,286,273,266,277,261,263,254,250,263,249,247,245,251,241,241,251,242,245,238,234,248,240,234,234,241,235,231,242,238,238,230,228,238,238,228,229,235,227,227,229,238,230,226,224,224,235,223,222,227,222,218,221,234,224,222,216,218,231,215,214,214,216,213,212,226,213,215,207,206,223,208,207,205,212,204,204,218,204,209,200,202,216