
196,191,191,190,199,195,191,195,191,191,191,204,197,192,191,191,196,198,194,199,194,193,193,208,199,195,194,194,197,208,197,202,195,196,196,208,197,198,196,200,203,222,218,234,237,249,262,285,294,311,316,329,340,365,367,381,386,397,407,419,436,444,446,455,461,482,480,488,494,496,503,508,523,519,518,518,521,534,532,530,537,535,539,545,561,557,559,562,566,576,587,587,596,595,600,603,621,615,614,611,612,614,627,611,617,606,603,596,604,591,587,579,578,573,585,571,572,564,563,562,565,560,561,553,550,547,558,544,547,540,534,531,528,533,524,512,508,505,510,499,493,488,482,477,473,479,466,457,448,445,445,439,427,428,417,410,404,409,392,380,370,363,356,355,338,336,321,312,305,307,293,281,270,265,258,268,252,256,244,243,241,248,237,239,231,230,229,242,228,233,226,225,226,227,228,232,224,223,221,236,222,228,223,222,221,223,234,227,220,220,218,230,223,222,223,218,219,218,228,224,217,214,213,218,221,216,220,214,213,213,226,217,210,207,207,210,218,207,212,204,204,205,216,206,205,199,200,200,213,202,207,200,198,199,208,201


191,198,195,191,194,190,192,191,205,192,196,191,189,195,201,192,201,194,192,192,205,193,197,194,195,194,209,197,201,197,194,194,205,197,194,196,194,197,212,200,209,210,218,228,240,256,265,283,292,306,332,332,348,355,364,377,388,412,409,427,429,437,458,459,467,477,482,486,492,511,505,517,515,517,522,530,526,534,530,531,536,550,541,550,551,555,560,578,571,585,583,586,594,609,605,610,612,613,616,629,617,625,617,612,610,615,609,600,600,593,586,596,582,584,575,569,569,571,574,563,567,558,557,569,556,556,552,544,544,542,551,533,537,525,521,523,515,508,505,496,491,488,496,478,480,467,463,460,461,447,449,435,430,425,432,412,408,397,388,381,385,364,363,347,337,330,332,315,306,298,286,281,285,266,267,257,251,247,251,245,237,243,235,233,246,234,236,230,228,228,227,236,225,231,224,225,235,225,227,226,223,221,222,233,222,228,220,219,229,226,221,222,220,220,218,231,219,223,218,216,219,225,215,221,215,213,213,227,213,218,212,211,209,222,210,214,209,206,206,217,206,206,205,201,202,217,201,208,200,200,200,206,202,197,203,198


192,197,192,190,191,192,203,196,190,190,190,202,195,200,192,193,194,192,207,197,194,194,195,198,203,200,197,195,196,196,209,196,199,193,193,198,207,201,200,200,205,210,228,229,244,250,262,279,304,309,321,330,341,355,374,380,395,399,408,418,442,440,453,456,463,472,482,497,500,499,503,509,523,519,527,523,523,527,531,544,539,540,543,545,557,560,569,567,572,574,581,601,596,600,603,606,611,623,622,616,618,617,617,626,612,614,605,599,596,604,592,586,580,575,573,581,573,575,566,563,561,572,561,559,552,550,547,549,547,547,537,533,527,537,524,524,512,506,501,499,505,493,482,475,473,479,465,464,452,446,440,435,442,430,419,411,401,400,395,389,374,364,354,347,351,332,325,314,305,297,298,288,275,267,261,254,261,250,251,241,237,236,248,241,234,231,230,228,240,232,232,227,226,224,237,227,227,222,223,223,227,227,227,221,221,222,233,223,227,220,221,220,220,233,224,219,217,216,227,222,223,216,215,214,213,226,215,213,212,211,215,219,218,210,208,208,206,220,205,209,203,205,204,215,210,202,200,201,201,213,202,207,197,198,198,210


190,191,204,192,192,198,190,191,203,193,192,194,192,193,204,193,192,198,195,193,202,199,194,199,195,195,210,196,195,202,196,195,198,204,195,201,194,197,211,202,204,210,222,226,239,264,264,283,290,304,326,334,343,353,373,377,386,409,409,422,429,437,448,463,465,472,486,485,491,510,504,509,515,514,519,534,524,525,535,532,534,547,542,543,553,552,556,576,570,574,586,585,592,604,606,603,614,610,614,629,616,616,619,614,610,609,614,597,601,591,585,592,583,576,573,573,567,565,575,561,564,558,556,557,559,548,545,552,542,537,549,532,531,525,518,516,522,505,502,504,492,486,493,478,471,470,461,457,464,445,440,442,428,422,429,412,403,402,386,380,384,366,357,351,339,331,325,318,302,301,286,279,284,267,260,258,253,249,246,254,238,244,236,234,243,234,230,230,234,229,228,238,227,229,226,223,228,230,224,223,230,223,223,236,221,222,223,219,223,230,221,218,228,218,219,231,218,215,222,215,216,230,217,215,221,213,213,222,217,210,218,209,209,223,209,209,213,208,205,207,213,202,211,202,202,216,204,199,201,202,201,203,212,197,204,196