
179,179,184,181,180,185,179,179,181,187,189,183,185,182,188,186,186,194,186,185,187,193,192,189,189,190,191,192,190,196,189,188,189,193,188,193,189,191,191,201,199,215,216,225,238,254,265,285,290,303,313,331,334,350,353,362,370,380,391,405,406,414,421,432,434,444,449,450,457,463,473,479,472,474,477,484,481,482,488,484,487,490,499,504,499,504,506,515,517,520,533,529,532,538,547,550,550,552,553,553,556,554,559,549,548,545,547,539,540,533,528,526,528,520,523,515,512,510,511,508,515,504,501,501,504,496,501,491,488,485,485,484,484,473,471,466,468,458,455,452,445,442,438,439,436,425,418,415,415,406,401,406,390,387,382,381,377,367,359,352,345,340,330,330,315,306,300,299,288,282,271,264,258,257,246,248,237,233,231,233,226,232,225,223,221,226,219,223,216,215,214,216,216,222,213,213,212,217,211,216,211,209,210,210,213,218,209,209,209,213,208,205,213,205,204,206,211,213,205,203,204,208,203,202,210,200,199,199,205,205,200,199,197,197,199,195,202,194,192,192,196,194,195,191,192,192,194,188,195,188,188,186,191,189,195,187


180,180,179,181,193,180,180,181,182,188,185,183,183,183,182,186,196,186,185,187,187,187,195,188,189,188,189,189,201,192,189,189,188,188,202,188,189,190,192,195,210,209,216,225,238,251,276,279,289,302,313,323,338,349,352,360,370,379,401,398,405,412,419,426,432,453,446,450,456,460,476,471,471,473,474,476,480,494,482,485,484,487,496,499,497,500,506,509,515,532,523,528,531,536,540,552,547,548,550,551,551,563,551,548,546,543,540,551,534,529,526,523,521,525,519,512,511,507,506,519,503,500,499,496,496,494,502,490,486,485,482,490,478,472,468,465,461,458,469,448,445,441,435,439,430,422,419,414,410,406,414,396,391,386,381,374,376,362,356,349,343,337,340,322,314,306,300,293,299,279,271,264,256,251,257,243,237,234,232,228,240,226,225,221,222,220,221,222,215,214,215,214,226,214,213,211,211,210,211,222,210,210,209,209,220,210,208,209,207,208,207,221,206,204,204,204,214,207,203,203,204,202,203,214,200,200,199,200,200,207,198,198,197,196,196,206,196,193,193,194,192,205,192,191,190,190,188,198,190,188,188,187,187,200,187,186


180,179,179,186,189,180,181,179,181,186,191,182,182,183,183,188,192,186,185,186,187,194,196,189,188,190,190,192,193,191,188,189,189,194,195,188,189,190,191,196,204,215,214,225,238,257,271,279,290,302,312,324,338,350,353,362,370,382,393,398,403,410,417,425,438,447,445,450,455,461,467,472,470,473,475,477,483,487,481,483,485,487,496,502,498,500,503,508,517,523,525,527,532,536,546,552,545,548,548,549,552,551,553,548,545,544,545,544,534,528,525,522,520,523,522,512,508,509,511,510,503,500,500,498,497,499,499,490,486,483,485,483,478,472,467,463,461,463,459,449,444,440,434,434,433,422,418,413,409,409,407,397,390,385,380,381,376,363,356,349,344,339,335,323,313,307,300,299,292,278,271,264,258,252,247,246,237,234,230,235,234,226,223,223,221,221,225,225,217,215,215,217,220,214,212,212,212,212,218,219,209,209,208,210,211,212,208,208,208,207,212,215,206,206,205,206,208,214,204,204,203,203,207,208,203,200,200,199,205,208,198,197,198,196,200,199,196,194,192,192,199,199,193,192,190,189,191,194,196,188,187,187,193,195,188,188


182,179,178,183,181,188,182,183,181,187,182,186,186,182,182,185,187,192,186,188,188,193,190,188,195,187,187,190,195,197,190,190,188,193,188,187,196,189,191,195,206,210,219,227,238,252,265,275,294,300,310,321,336,340,356,360,369,378,391,394,409,410,416,423,435,438,450,449,453,459,467,464,474,471,472,475,479,478,486,481,483,485,493,491,493,501,502,505,510,520,527,526,530,532,541,541,541,554,546,546,548,553,553,548,545,541,541,534,529,534,523,518,516,519,514,513,508,507,505,504,501,505,497,494,492,497,489,493,485,482,480,481,474,475,466,462,457,458,453,455,443,438,434,435,425,424,419,411,406,404,401,402,390,384,379,379,367,361,360,348,342,335,332,328,314,308,300,297,285,276,277,261,255,249,251,245,238,234,231,233,227,226,229,221,220,217,223,216,221,216,214,214,217,214,219,211,210,211,215,210,217,209,211,210,214,208,213,207,205,206,209,207,214,207,207,205,209,205,206,206,201,202,202,203,210,203,200,200,205,199,198,206,197,196,195,201,202,194,195,192,196,192,190,197,189,190,189,194,194,192,190,188,189,189,187,193


180,181,181,180,186,187,180,180,180,182,183,192,184,183,184,185,190,193,185,184,186,187,187,201,191,189,189,192,192,199,189,189,189,189,188,201,189,190,192,196,200,215,218,224,238,250,265,288,292,303,314,324,333,348,359,362,370,379,389,407,409,413,422,427,434,446,455,452,457,461,465,474,478,475,478,480,481,487,493,486,487,488,493,496,510,504,507,512,516,523,534,530,533,538,541,545,562,551,551,554,554,553,561,553,548,545,542,539,548,532,528,525,522,518,523,517,511,509,509,508,516,505,502,501,498,495,500,500,487,485,483,480,486,477,471,467,463,460,461,459,445,441,436,433,433,433,420,415,411,407,406,405,391,386,380,376,369,375,358,350,345,338,333,330,317,308,299,293,286,292,273,264,257,252,247,250,238,233,230,229,228,238,225,223,221,220,217,223,221,215,213,213,213,225,215,213,213,213,211,216,219,209,209,208,208,214,214,209,208,208,206,213,214,205,206,204,204,206,212,204,204,204,203,206,209,202,199,200,200,200,210,198,197,197,197,198,203,194,194,192,192,192,205,191,192,192,191,191,197,189,188,186,186,186,199,187


189,179,179,178,183,188,183,182,181,182,189,182,191,182,183,183,188,190,187,186,187,189,194,189,196,188,187,190,192,191,193,190,189,190,192,188,195,190,190,193,199,211,225,226,237,249,267,276,292,301,310,321,331,347,359,362,369,379,388,396,400,414,417,423,430,442,451,450,455,459,462,469,469,479,471,474,475,481,485,483,482,485,487,496,496,505,503,506,510,520,526,528,530,534,537,546,542,553,545,546,547,547,549,553,544,540,537,538,530,533,522,518,516,514,519,517,508,506,503,505,502,501,499,494,493,492,495,496,485,483,479,477,476,469,473,462,458,454,456,454,444,439,434,429,430,421,425,411,408,401,403,400,392,384,378,374,374,362,362,348,342,334,330,322,318,307,299,292,290,277,275,262,256,249,245,246,245,236,232,229,232,225,227,222,221,219,218,222,224,216,215,215,216,214,213,215,210,210,211,216,219,209,209,208,210,210,207,216,206,205,206,211,212,207,207,205,206,209,204,211,202,201,202,205,207,204,201,201,199,204,198,205,195,195,194,195,196,199,193,194,193,196,192,197,190,188,189,189,194,196,189,187,188,191,188,192