
171,172,172,172,175,171,170,171,175,175,173,174,174,174,179,175,179,175,175,176,178,181,179,180,180,181,183,180,182,180,179,179,179,180,180,178,179,181,185,186,193,198,206,219,233,249,268,279,294,308,326,336,348,361,370,382,394,408,420,427,437,447,457,464,469,484,486,494,499,510,514,516,520,523,526,529,528,535,533,535,537,545,549,549,554,558,563,571,575,582,585,591,596,602,608,612,613,616,619,623,620,622,619,616,614,611,609,605,599,593,589,587,582,580,575,571,569,567,567,568,560,558,558,559,553,552,548,543,542,537,538,533,527,524,518,516,508,502,503,493,487,484,481,475,470,462,458,452,449,441,439,429,423,417,415,407,397,390,383,374,368,356,350,339,330,321,314,305,296,286,278,270,264,253,249,241,237,234,232,228,227,224,223,220,221,218,218,213,212,211,211,211,214,210,210,209,210,207,206,207,205,205,205,207,208,206,205,204,206,204,199,206,202,200,201,203,202,200,199,201,200,200,197,200,195,196,195,198,196,195,193,193,191,194,190,192,187,186,186,187,188,185,185,184,184,185,183,184,182,180,179,181,180,182,179,178


171,169,174,174,171,170,171,174,175,173,174,173,174,175,177,177,177,176,177,180,179,181,180,178,180,180,182,182,180,180,179,178,182,182,178,177,178,179,183,185,192,199,207,218,238,251,263,278,294,307,323,335,350,360,371,382,397,408,415,425,434,444,451,465,473,478,486,493,503,507,511,513,516,520,522,530,531,530,533,534,540,542,544,547,551,556,560,571,575,578,584,590,598,601,607,609,611,614,616,620,621,618,618,614,612,610,609,600,597,590,586,585,580,577,573,571,566,570,566,561,559,556,554,555,552,552,546,542,539,541,537,530,525,520,517,511,510,505,498,492,487,485,481,473,468,462,456,451,450,442,434,429,423,420,412,404,396,388,380,372,366,358,347,338,330,322,313,306,295,286,276,269,262,256,247,242,238,233,232,231,226,224,222,219,219,216,215,213,214,210,217,213,210,209,208,207,208,208,210,206,206,206,208,207,204,204,203,204,200,205,206,201,202,202,204,204,202,201,200,199,197,202,199,196,197,197,198,196,195,195,193,192,191,193,193,190,188,187,189,187,189,185,184,183,184,185,184,181,182,180,181,182,183,179,178,177


172,173,176,171,172,171,174,175,174,173,173,174,174,177,177,176,175,176,178,182,179,178,178,180,179,184,182,180,180,180,181,183,179,178,178,178,178,182,185,184,190,197,207,220,235,248,262,278,293,307,326,335,346,359,371,384,398,404,413,424,433,443,456,464,470,478,485,496,503,505,509,514,516,520,524,531,527,529,531,537,540,538,543,547,551,554,563,568,572,576,583,588,598,600,603,606,610,613,618,620,618,618,615,615,617,609,604,599,595,591,587,586,578,575,572,569,568,567,562,559,558,555,554,557,551,547,545,542,542,540,533,527,523,520,515,515,509,502,497,491,489,484,477,471,467,460,457,452,451,439,433,429,425,419,411,403,396,387,380,374,368,355,347,339,330,324,313,302,294,284,276,270,262,253,247,242,238,238,231,228,225,223,221,221,219,217,216,213,212,213,213,210,210,208,209,207,212,207,206,205,205,207,209,205,204,205,204,203,205,205,202,202,203,205,205,200,201,199,200,199,199,202,198,196,197,198,198,194,196,193,193,192,194,193,189,189,188,188,190,187,185,185,185,184,185,185,183,182,181,182,184,180,178,179,179,179


172,174,172,170,175,171,175,172,172,175,174,174,174,177,175,175,180,176,177,178,177,181,179,179,180,182,181,182,182,180,180,181,180,179,179,178,179,182,183,186,193,198,208,223,233,246,264,278,293,307,324,334,349,358,370,384,391,401,418,424,433,443,456,460,471,477,484,494,498,503,512,513,515,519,525,524,524,535,529,536,535,538,543,546,549,554,563,564,570,580,582,589,592,598,604,606,609,612,617,615,617,620,614,613,613,606,605,599,594,588,586,582,577,577,571,568,569,564,561,561,557,555,553,554,549,550,544,541,542,534,529,531,522,520,516,513,506,503,497,491,490,482,475,474,466,461,455,453,444,436,438,427,424,416,408,403,395,388,380,375,364,355,352,338,330,321,311,304,294,285,276,271,261,253,250,242,237,235,230,229,225,222,222,222,219,216,217,214,212,215,212,209,211,208,209,208,210,207,208,207,205,208,206,201,208,205,205,203,206,203,203,203,202,203,201,200,203,201,200,199,202,198,195,199,195,199,196,194,195,192,194,193,196,191,188,192,187,190,187,186,187,185,184,185,187,183,183,184,181,180,183,180,181,180,178,178


172,173,171,174,173,171,172,175,176,173,173,174,174,171,177,177,175,178,177,180,182,179,179,180,181,178,184,183,180,180,180,183,181,180,179,178,178,179,183,187,191,199,209,222,234,253,262,278,293,307,324,335,349,359,371,382,396,407,415,425,434,443,455,463,474,479,486,492,504,510,509,513,516,519,525,526,531,529,532,534,541,543,544,548,551,555,558,569,575,578,583,589,597,601,605,607,610,614,616,623,621,618,616,614,615,610,607,601,596,591,587,584,582,576,573,570,571,567,567,562,559,556,554,556,552,549,546,543,540,537,536,530,526,520,517,514,507,505,497,493,487,486,481,472,467,461,456,452,446,444,435,429,422,422,414,404,396,388,381,369,366,359,348,338,331,324,314,304,295,285,277,266,265,255,248,241,238,238,232,230,227,222,221,218,220,219,215,213,214,213,212,213,209,209,207,209,208,208,207,207,207,206,207,209,204,204,205,202,205,203,205,201,201,200,204,205,201,201,199,199,201,199,200,196,196,196,200,198,194,193,193,192,190,193,193,190,189,189,189,190,185,186,184,184,182,188,185,182,183,181,184,180,182,180,177,178


170,175,170,172,172,172,176,172,172,172,174,173,173,177,175,174,180,177,181,177,179,178,181,179,180,183,181,181,186,182,184,181,179,178,177,180,178,181,181,187,193,198,210,222,234,246,260,282,292,310,323,334,351,360,372,385,393,404,414,428,434,445,455,463,475,480,486,497,500,505,510,515,517,521,527,525,529,532,533,538,537,540,543,549,551,557,563,568,570,582,583,592,595,599,604,611,612,614,620,619,618,623,618,617,614,608,605,599,597,591,590,584,580,580,575,571,569,565,562,559,564,558,558,554,552,553,547,543,544,537,534,528,528,520,518,514,507,505,499,493,491,483,477,471,470,461,456,454,446,443,436,431,427,418,410,403,398,389,380,376,364,354,350,339,334,321,312,302,297,285,276,272,260,251,251,243,241,234,231,227,224,223,221,223,217,217,217,215,215,215,211,209,207,214,209,210,207,208,209,207,207,209,207,205,204,207,203,206,204,202,205,203,203,206,202,200,200,200,200,199,200,197,199,198,197,199,195,194,194,194,193,192,195,190,187,191,190,191,187,186,187,187,185,183,187,183,181,187,182,184,181,180,180,178,179,178