
171,174,171,173,171,171,171,174,173,172,172,172,173,173,175,175,173,173,173,177,175,176,175,176,175,176,180,178,176,176,176,180,172,179,175,175,175,177,182,181,187,191,200,214,221,238,247,260,274,288,304,307,328,334,346,360,368,378,387,396,406,416,428,432,446,449,457,465,472,477,481,485,490,492,499,499,502,503,507,509,515,516,520,523,528,532,538,545,550,555,561,566,576,577,583,586,590,592,595,601,598,598,597,595,597,586,591,582,577,572,569,569,560,560,556,553,555,549,551,545,543,541,539,541,532,539,530,528,528,523,520,515,510,506,502,501,494,493,484,478,474,471,464,459,453,448,443,441,434,429,422,416,410,409,399,392,383,376,369,361,356,345,336,327,318,315,300,294,284,275,267,259,256,244,240,233,230,231,219,226,219,218,216,214,217,209,211,209,208,211,206,209,205,205,204,203,208,199,209,202,201,204,203,202,201,201,201,200,204,199,202,200,200,198,201,199,199,198,197,196,199,198,196,195,195,194,196,192,193,191,191,191,190,193,190,188,186,186,189,184,186,184,184,184,183,186,181,181,180,180,183,176,184,179,179,178


171,171,175,172,171,172,171,170,178,172,172,172,172,172,173,176,173,173,175,174,181,175,176,175,176,175,175,184,177,176,177,175,180,176,175,175,176,176,179,186,186,192,199,210,226,234,247,260,275,287,300,317,324,335,346,356,371,379,388,397,408,416,425,439,442,450,457,464,472,480,481,486,489,492,496,503,502,504,506,509,510,523,519,524,528,532,538,543,554,555,561,567,573,584,583,586,590,593,595,594,606,597,597,596,594,596,587,581,578,573,569,565,568,559,556,554,551,556,547,545,543,541,540,538,541,533,531,528,525,526,520,515,510,507,502,498,499,489,484,479,474,469,468,459,454,448,443,438,438,429,423,417,411,402,407,392,385,377,369,361,352,349,336,327,319,311,307,293,284,276,267,260,250,253,239,235,230,227,229,222,219,218,215,214,213,216,210,209,208,207,211,206,205,206,204,204,203,208,203,202,202,202,207,203,201,202,200,200,200,205,200,199,199,199,197,203,198,197,198,197,196,198,197,195,195,194,190,199,192,192,191,190,189,188,193,188,187,186,185,190,185,184,184,183,182,181,188,180,180,180,180,185,179,178,178,177


176,171,174,172,171,172,172,176,172,172,171,171,175,172,177,172,173,175,175,178,176,175,176,175,177,176,180,177,177,176,177,180,176,176,175,175,176,177,182,181,185,190,202,213,223,235,247,260,274,289,304,312,324,331,353,357,371,377,387,397,405,418,426,435,443,450,462,465,476,477,481,485,486,499,497,504,502,504,509,510,517,516,520,523,527,538,539,548,550,556,563,568,577,578,583,586,590,596,596,601,599,599,599,597,598,592,586,582,578,575,570,570,563,559,556,556,555,551,548,545,543,542,541,542,537,534,528,534,527,527,520,515,511,506,504,501,495,489,485,483,476,474,465,460,455,445,450,439,438,428,423,418,412,410,400,391,384,376,372,362,357,345,337,330,321,315,302,293,284,276,268,259,256,246,240,235,232,231,225,222,219,216,216,214,217,211,209,206,210,210,208,206,205,204,204,204,208,204,203,198,208,202,206,202,200,200,198,202,202,200,199,199,202,199,203,199,198,197,193,202,196,200,196,195,195,195,198,193,192,192,190,194,190,193,188,188,187,187,191,186,184,184,183,184,183,185,182,181,181,182,183,181,180,178,177,177


172,172,171,172,175,171,175,171,171,171,171,177,173,173,174,174,177,175,175,174,174,174,175,179,177,176,176,177,177,179,177,175,174,174,175,176,179,177,180,182,187,196,201,210,220,233,247,257,283,288,302,313,325,340,345,359,367,378,388,398,415,418,427,435,443,455,454,471,472,477,483,487,497,495,498,501,503,509,508,515,514,518,521,525,536,535,540,545,552,560,564,570,574,578,584,588,596,597,598,599,600,600,602,599,595,591,588,584,582,578,571,568,564,561,562,556,553,551,548,547,542,551,542,540,538,535,538,528,528,523,520,516,512,517,504,500,496,491,490,477,481,470,465,460,456,456,446,441,435,429,428,417,416,405,399,392,385,383,371,363,354,346,340,330,320,311,301,293,285,280,269,260,253,247,240,237,231,226,224,220,219,217,218,215,212,211,211,214,208,208,206,205,205,201,213,204,204,204,204,207,200,203,202,200,201,201,208,202,202,201,201,204,196,204,198,197,197,197,202,197,197,196,196,199,194,198,192,192,192,191,195,191,190,191,189,191,188,186,185,184,185,184,187,185,183,183,182,182,183,181,179,178,178,178,178,181


170,170,173,171,171,176,171,172,171,175,174,173,172,173,173,173,174,177,175,175,175,176,175,177,175,175,176,177,177,179,177,176,175,176,175,179,175,176,176,183,185,192,202,210,221,234,247,264,274,286,294,317,323,335,350,357,366,375,387,400,405,414,422,435,440,448,459,462,469,471,485,488,488,491,494,498,500,502,509,508,510,513,522,524,527,530,535,542,548,553,563,565,570,575,582,584,590,591,593,595,596,595,598,594,591,588,585,580,580,572,566,561,562,556,554,554,549,547,546,544,545,540,537,532,539,531,530,531,523,520,515,515,513,506,501,496,496,487,484,481,474,468,458,464,456,447,442,436,433,426,421,420,410,403,396,395,385,377,368,359,352,343,336,332,319,310,301,294,284,277,266,258,251,245,239,238,231,227,224,221,219,221,215,213,210,213,210,209,210,207,206,206,205,208,203,202,198,208,203,202,206,202,202,200,202,204,201,200,199,204,199,200,204,199,198,194,201,201,197,196,195,197,195,196,199,194,193,192,197,194,192,190,189,189,189,188,191,187,186,186,185,184,186,182,183,182,181,181,184,181,180,179,180,179,181,177


172,175,172,171,172,171,171,174,175,171,172,173,173,176,174,174,174,174,173,175,178,175,175,175,176,177,180,177,176,176,176,176,178,175,175,176,172,179,183,181,185,191,200,209,222,236,247,260,270,294,304,313,323,335,346,354,368,381,387,398,407,419,429,434,441,449,456,458,476,480,481,486,489,494,501,499,502,503,506,508,516,519,519,523,528,535,542,544,549,554,560,566,573,582,583,587,590,594,597,600,597,597,597,595,593,594,587,581,579,571,571,569,562,558,556,553,551,550,549,545,543,537,545,542,536,534,531,527,523,523,523,515,510,507,507,503,495,490,484,478,471,475,468,459,453,449,445,443,433,428,422,416,409,410,402,391,384,377,370,365,354,345,337,328,318,312,305,293,284,275,268,261,255,245,240,234,230,228,227,222,220,216,213,216,217,212,210,209,207,207,207,207,205,205,200,209,208,203,202,203,201,200,202,206,201,201,200,205,205,201,200,199,198,194,202,202,198,197,198,198,201,196,195,195,194,191,198,196,192,192,192,192,193,191,189,189,187,185,186,190,185,184,184,184,183,184,182,181,181,180,180,182,179,178,178,177