

170,174,171,167,171,170,169,169,171,172,171,170,170,174,173,169,171,170,171,171,169,178,173,173,174,174,180,169,176,173,174,172,168,182,174,174,174,175,182,170,186,188,196,206,217,235,243,256,270,283,302,303,325,330,341,352,363,378,385,395,404,413,428,432,437,447,455,462,468,478,481,485,488,492,500,499,497,503,505,509,512,516,522,523,528,533,541,546,547,555,561,566,573,576,587,587,591,594,596,604,593,599,597,596,593,585,595,583,579,574,570,572,554,562,556,553,551,549,555,546,543,541,540,544,530,539,530,527,525,522,522,516,511,507,502,504,493,487,483,478,473,469,467,460,454,449,444,443,434,423,421,415,410,404,399,393,384,377,368,364,355,339,335,326,317,309,298,296,284,275,266,258,256,238,239,233,227,224,216,228,218,215,214,213,218,201,211,207,206,205,204,212,204,203,203,203,207,195,207,200,199,199,199,202,200,200,200,199,205,198,197,197,197,196,197,199,197,196,196,196,200,195,190,193,193,191,191,193,192,191,190,190,192,190,183,186,185,185,183,182,187,183,182,182,182,185,176,180,179,178,178,173,186,178,177,176


169,169,174,170,168,170,170,171,176,170,169,167,170,170,172,173,168,173,172,173,179,173,172,169,173,173,174,180,169,176,175,174,180,174,172,170,174,174,176,185,176,194,197,207,224,231,242,247,272,282,295,314,318,334,342,353,369,375,383,387,409,413,422,436,439,445,455,462,473,477,479,483,488,491,494,502,501,500,506,508,512,520,518,521,524,532,537,545,551,552,562,567,573,583,581,586,587,593,595,597,604,593,600,595,593,597,586,582,574,574,569,565,568,551,561,553,551,555,547,545,536,543,539,537,541,530,534,528,525,527,519,514,503,513,502,497,499,489,481,479,474,473,466,458,452,448,443,437,437,428,419,417,411,405,403,391,383,373,368,360,355,346,332,328,319,310,308,292,283,271,265,258,252,250,233,236,230,227,229,221,217,212,215,212,211,216,200,213,207,206,211,206,203,197,205,201,202,207,197,205,202,201,206,202,199,192,206,198,199,204,199,196,200,198,203,199,196,194,198,195,195,200,195,191,194,194,194,196,191,190,187,189,189,192,189,184,187,185,185,191,184,182,179,182,181,181,185,175,182,180,180,185,178,177,173,177


170,169,164,175,172,169,168,166,172,169,174,171,170,171,163,177,174,170,170,170,170,173,176,174,173,173,173,174,178,173,172,172,170,172,172,178,173,174,176,176,188,188,195,204,212,228,241,260,268,281,293,303,323,329,339,349,355,373,381,396,401,410,418,423,442,444,450,457,456,475,476,485,484,488,490,487,502,500,500,504,502,514,514,524,523,528,533,531,553,553,556,561,566,570,577,585,587,588,591,590,596,598,592,590,587,583,581,578,577,569,564,560,555,560,551,548,545,541,543,541,544,537,535,532,528,535,526,523,520,512,516,511,512,503,498,493,486,491,480,475,470,456,464,455,456,445,440,434,423,430,419,413,406,395,399,388,385,374,366,357,341,350,336,324,315,306,296,290,285,275,265,257,247,246,243,232,227,224,217,219,218,219,214,212,210,205,213,206,204,203,201,204,204,208,202,202,201,198,206,200,199,200,193,200,200,205,199,198,198,195,204,198,197,196,188,199,196,201,196,195,194,189,199,194,192,192,184,194,191,195,190,188,187,179,194,188,184,183,183,180,183,186,184,181,181,177,184,184,178,178,177,174,177,177,180,176


167,170,175,170,169,168,168,177,169,169,168,169,168,170,176,171,171,171,171,174,172,171,171,172,170,173,178,174,173,173,172,174,174,172,172,172,168,176,180,178,182,188,195,203,220,228,241,254,258,284,297,307,317,329,339,344,368,371,381,390,393,414,419,432,436,443,451,449,475,470,475,479,483,485,491,499,495,498,501,500,517,510,513,517,522,525,533,544,543,549,555,561,570,574,577,581,584,585,591,597,593,592,591,589,589,587,580,577,572,563,565,565,558,553,551,548,545,547,542,539,538,528,538,537,532,528,526,522,515,524,514,510,506,495,503,494,493,484,480,475,461,475,460,454,449,443,437,435,435,424,418,413,402,412,395,387,380,373,362,358,356,342,333,325,315,310,300,289,280,272,260,257,255,243,238,233,227,226,222,219,216,214,208,213,215,210,209,207,206,204,207,203,203,202,194,204,206,202,201,200,200,195,207,198,199,198,191,203,200,202,198,198,197,188,206,195,196,194,194,194,195,200,194,193,193,186,203,191,189,189,188,186,189,193,188,187,185,185,188,184,182,182,181,178,181,186,180,179,179,178,179,179,177,175,175,172


170,167,168,168,168,169,171,171,170,169,170,174,170,166,170,169,170,170,171,174,172,173,172,175,175,169,174,173,173,173,169,180,173,174,173,173,179,167,177,178,182,188,194,211,216,229,242,256,275,274,301,306,318,329,341,356,363,373,384,393,409,412,422,429,437,446,454,464,469,474,479,484,493,491,490,496,498,501,504,510,512,514,518,522,531,532,533,542,548,553,559,566,574,577,582,586,592,595,591,597,596,596,596,590,599,589,586,581,577,577,561,567,560,557,555,550,557,548,547,544,543,546,530,544,534,532,529,527,527,521,518,514,510,511,500,500,492,487,483,478,476,469,463,459,453,453,442,433,432,425,420,415,411,404,397,390,383,381,368,356,351,343,334,325,317,311,300,292,283,277,268,253,250,242,237,233,224,230,222,220,218,216,218,206,212,208,207,206,202,211,205,204,203,204,208,193,207,200,200,200,201,203,200,200,200,199,205,195,200,197,197,197,197,199,197,196,197,196,201,195,191,193,193,192,192,194,192,191,191,190,194,190,184,187,185,185,184,185,186,184,183,183,186,183,176,181,179,178,178,176,182,178,178,177,177,180