
172,171,169,170,171,170,174,169,174,169,170,172,167,174,169,170,171,171,174,171,173,171,170,173,170,174,171,173,172,172,175,173,175,173,173,175,173,176,175,177,180,183,192,196,204,209,216,226,233,242,250,257,264,273,281,291,297,303,310,318,328,335,341,346,354,361,367,376,377,388,389,394,400,402,407,407,410,413,416,424,423,429,430,434,441,441,451,453,459,464,470,477,479,487,488,492,499,500,505,505,505,507,507,509,506,508,503,501,500,496,495,490,488,488,487,484,485,485,481,480,481,480,478,476,474,472,470,468,471,467,464,460,457,457,453,448,444,440,435,432,431,422,425,416,412,411,403,403,396,390,387,382,380,373,370,363,357,353,342,340,331,325,317,310,306,297,291,282,273,271,260,255,248,240,236,231,230,224,224,220,216,218,214,215,210,209,209,208,207,210,208,204,204,205,206,204,202,201,201,200,201,204,201,202,199,199,202,200,200,197,197,197,197,200,195,201,195,194,198,191,199,195,193,193,192,196,192,193,190,190,192,188,189,187,187,186,187,187,184,186,183,183,184,183,184,181,180,179,179,181,181,181,177,177,179,177


174,172,169,171,169,170,172,173,171,170,171,171,173,172,170,170,171,171,174,176,172,171,171,172,175,173,173,172,172,172,175,177,173,175,175,174,178,174,181,179,181,186,191,207,210,219,229,238,251,258,270,275,286,296,302,316,327,332,340,350,360,370,376,382,389,399,405,416,424,427,431,435,441,448,450,450,454,456,461,467,470,472,476,480,484,492,495,499,505,511,517,524,531,533,539,543,545,553,552,556,556,556,556,558,559,552,549,546,544,544,536,539,530,528,527,524,528,524,520,520,516,517,515,514,510,509,506,504,504,503,496,493,488,485,485,480,472,468,465,460,458,455,446,442,437,433,431,425,417,413,407,403,400,396,386,381,374,368,364,355,346,338,330,323,316,311,300,291,285,275,272,258,258,246,241,236,229,236,226,224,221,221,221,214,217,213,210,209,207,212,212,207,208,206,207,208,205,204,204,202,202,205,205,203,201,201,201,203,203,200,199,197,199,201,203,199,198,197,196,198,198,194,194,193,193,195,195,193,192,191,190,193,188,191,187,186,186,187,190,184,184,185,184,185,182,186,181,179,180,178,186,180,179,178,177,180


172,174,171,170,171,174,171,170,172,171,170,169,171,175,172,172,171,173,173,172,168,176,170,170,171,176,176,173,173,174,176,174,173,175,174,174,174,177,180,179,183,187,197,200,207,220,226,236,247,260,268,277,284,294,306,311,319,330,338,346,355,367,375,380,387,396,406,408,415,423,426,431,434,442,447,446,450,453,459,459,463,466,471,473,478,484,493,495,500,504,511,519,522,526,535,537,540,543,549,553,549,549,550,553,547,547,546,540,536,534,533,530,526,522,521,521,517,516,516,512,511,509,512,511,506,503,501,502,497,494,493,487,484,479,479,476,470,464,460,459,451,446,443,436,432,427,425,422,414,409,405,401,396,388,380,381,370,363,357,354,346,336,329,322,317,305,296,291,281,272,266,260,256,246,240,236,233,227,224,224,220,217,216,218,216,213,212,209,213,209,207,207,205,204,203,207,206,203,202,203,206,201,201,202,200,200,199,202,203,199,199,199,201,199,198,197,197,196,195,196,200,197,193,195,196,195,192,188,194,189,189,188,192,192,187,188,185,188,184,183,186,182,181,181,183,184,181,182,181,182,180,178,180,178,177,177


174,173,171,169,170,171,173,171,175,170,170,171,171,174,172,170,170,171,174,173,175,171,173,172,172,173,176,173,173,173,173,178,177,175,175,174,175,179,180,178,182,186,190,204,213,219,229,238,249,260,271,277,285,295,304,316,326,334,341,349,358,369,377,383,391,398,404,416,420,428,431,435,439,446,451,451,454,456,458,465,467,473,474,479,484,489,494,504,504,509,516,524,530,536,539,542,545,549,554,559,555,556,555,552,558,555,550,547,542,540,539,536,530,528,525,522,525,524,520,518,518,516,517,515,510,509,506,502,504,501,497,493,488,486,484,481,473,468,463,459,459,452,450,441,436,432,428,427,419,411,407,402,399,394,389,380,374,367,361,353,350,338,329,321,315,310,302,292,283,274,268,263,255,246,241,234,229,232,230,224,222,219,217,219,215,213,210,210,208,211,212,207,207,205,205,207,206,203,203,202,203,203,203,205,202,201,201,203,202,200,198,198,198,200,199,202,198,198,197,196,199,197,193,193,194,195,193,195,193,191,191,189,190,191,186,187,185,184,190,188,184,183,183,183,185,182,180,180,179,177,183,182,180,179,179,177


171,173,170,169,175,172,172,169,168,175,169,171,171,173,171,170,173,171,173,170,169,174,172,171,172,176,173,172,176,174,176,172,173,176,174,174,175,179,177,178,185,187,196,199,208,220,227,236,246,260,267,276,287,296,305,312,320,331,340,346,356,366,374,380,386,400,406,411,416,423,430,433,437,441,448,446,449,457,458,463,464,465,474,475,479,485,492,495,500,508,512,521,523,527,536,537,541,546,550,550,551,555,551,553,550,547,547,542,539,536,535,530,527,527,523,523,518,518,519,514,513,512,512,508,506,506,505,502,497,493,494,490,485,482,479,477,470,463,465,459,452,447,443,443,433,429,424,424,415,410,408,401,397,388,381,379,371,364,359,354,344,335,330,320,316,305,298,291,283,274,265,261,252,246,241,236,234,228,224,224,220,217,218,219,214,212,214,209,212,209,207,207,206,206,206,208,206,203,202,205,205,203,201,202,203,201,201,200,204,200,197,203,200,199,197,194,201,197,197,196,198,195,194,195,193,195,191,190,193,190,190,190,191,189,188,188,186,188,183,183,185,183,184,182,185,180,181,181,181,182,178,177,181,178,178,178