

168,173,173,172,170,171,170,174,173,171,169,171,170,173,171,174,171,173,173,174,177,171,172,172,172,176,174,176,174,174,176,174,179,175,173,174,173,178,178,184,184,188,195,204,213,227,232,244,255,268,279,290,297,308,318,327,336,348,354,362,371,382,391,401,406,414,421,429,437,443,445,449,454,458,466,466,469,471,474,476,483,488,487,491,496,499,510,512,521,524,530,535,542,551,551,555,558,562,567,568,571,568,569,567,566,569,563,556,552,550,549,543,543,538,536,533,532,533,533,525,524,522,525,521,521,516,515,512,509,508,507,499,493,490,488,488,482,475,471,465,460,458,454,446,441,435,428,430,424,418,412,407,401,398,391,381,375,369,359,355,346,341,331,322,316,307,303,290,282,273,265,260,252,248,239,235,231,228,228,222,217,216,215,214,213,215,211,208,208,207,207,209,204,203,204,206,204,206,203,202,203,202,203,204,200,200,200,201,203,201,200,199,199,198,200,199,195,196,195,196,199,196,196,194,194,193,195,195,191,190,189,186,191,188,192,188,187,186,184,189,184,182,181,181,184,182,183,181,179,179,179,184,180,178,177,177


176,174,173,176,177,173,174,175,179,175,173,174,178,174,175,173,179,174,174,177,182,177,175,175,179,177,177,176,179,176,176,176,185,178,177,177,180,180,180,183,191,190,198,206,222,231,238,246,262,271,279,290,302,308,320,327,340,352,356,366,375,386,390,400,412,416,422,430,437,447,447,453,457,464,465,466,472,477,475,478,483,490,491,493,499,506,508,513,519,529,530,536,543,556,554,556,561,567,567,567,570,574,570,567,566,573,564,558,556,555,548,543,540,542,536,534,532,537,536,528,526,526,526,519,518,521,514,511,508,509,509,501,496,493,493,484,480,480,472,466,462,460,456,447,443,437,437,427,421,421,414,406,402,400,395,384,377,371,366,356,348,340,337,323,316,310,306,294,286,277,271,260,253,245,246,235,231,229,233,227,221,220,220,217,215,213,215,211,210,210,213,214,208,208,210,210,205,206,209,203,204,204,206,207,205,203,203,205,202,202,206,201,201,202,204,206,200,200,199,202,199,199,202,199,196,196,198,200,195,195,193,196,192,190,192,194,188,188,188,194,189,186,185,190,187,184,183,188,181,181,182,190,185,180,181,183


174,175,177,180,173,175,174,183,176,175,174,174,173,175,177,182,175,174,175,181,181,177,176,176,175,176,176,185,177,178,177,179,186,177,176,178,179,178,180,191,187,192,199,206,224,227,237,247,258,268,280,297,301,309,317,328,345,346,356,364,373,381,391,405,411,414,423,429,444,441,448,451,455,460,463,471,472,471,474,479,490,487,488,492,497,502,506,513,527,524,531,536,548,554,550,555,559,563,564,568,579,568,567,568,568,574,562,557,553,551,546,543,548,539,535,534,533,541,529,527,525,524,522,520,527,518,515,511,508,515,503,499,495,493,487,485,486,479,472,465,463,465,454,447,443,438,431,428,426,421,412,409,402,405,394,384,376,370,363,355,350,348,334,323,317,314,307,292,284,277,267,259,252,256,243,238,234,229,235,225,222,220,218,218,216,223,214,211,210,210,218,210,209,207,207,205,204,212,206,205,204,204,213,204,204,204,202,203,201,208,206,201,201,201,209,203,201,200,199,199,199,202,203,197,197,197,202,197,196,193,194,193,192,193,197,190,188,188,193,194,187,187,186,185,185,185,193,184,183,182,184,192,181,181,182,180


173,174,178,174,176,174,179,177,174,174,174,179,174,174,179,174,175,176,178,179,175,175,174,181,177,176,180,178,178,177,181,180,176,176,176,180,179,178,183,183,187,193,201,210,214,225,235,248,261,269,282,290,298,308,317,336,336,344,355,363,378,381,393,399,406,414,422,436,435,440,444,450,459,460,460,469,467,471,474,483,483,482,486,491,500,501,506,514,517,522,528,538,543,543,548,554,563,561,562,569,567,566,566,571,568,561,558,554,555,550,544,546,539,536,535,537,536,530,526,524,527,525,521,523,519,516,513,510,517,505,500,498,494,496,486,484,481,474,471,465,468,455,451,446,440,442,430,426,427,416,411,407,406,398,387,381,376,375,363,355,351,341,331,325,322,312,299,291,284,280,269,260,258,248,243,236,237,234,225,223,220,224,218,216,218,214,212,211,213,215,209,208,206,210,210,207,210,205,205,205,204,213,204,203,202,201,209,201,204,202,201,201,201,208,201,199,199,198,203,199,200,202,197,196,196,201,197,195,193,192,198,192,191,195,192,189,190,194,192,186,185,187,189,185,185,189,185,184,184,187,185,182,182,181,186,181


174,172,174,173,175,181,174,172,173,173,181,175,175,174,174,173,173,181,176,174,177,176,182,179,177,176,176,175,177,183,181,175,177,177,184,182,179,179,180,183,187,194,205,205,214,226,238,255,258,269,279,289,298,308,327,328,336,345,354,375,375,383,390,399,407,415,430,430,434,441,448,461,456,458,464,467,469,472,483,479,481,486,488,501,497,502,508,513,518,524,539,537,541,545,551,565,562,562,564,566,567,569,574,570,566,562,561,563,560,552,545,542,540,537,539,541,532,530,528,530,534,524,523,521,518,517,515,521,508,506,503,499,505,492,489,484,479,475,471,475,462,457,452,447,451,439,431,428,422,418,412,414,401,395,390,384,385,370,364,355,348,339,333,331,318,309,301,293,291,277,269,260,254,247,242,242,236,230,227,224,226,225,218,216,215,214,212,215,216,209,209,208,209,213,207,207,207,206,205,203,213,204,204,204,202,211,203,202,202,201,202,201,210,200,199,200,200,206,200,198,198,198,198,197,202,196,193,195,193,203,194,193,192,190,190,190,196,188,188,187,187,193,187,185,186,185,183,182,190,184,182,180,181,185,184,180


175,173,174,173,177,179,175,173,173,178,178,175,174,173,173,176,178,179,174,173,175,177,183,176,175,177,176,176,178,185,176,177,178,177,185,177,178,177,181,182,186,198,199,206,215,225,243,248,258,269,279,290,299,314,319,327,336,346,361,368,372,381,389,399,407,418,427,428,435,440,449,457,454,458,463,465,469,475,480,478,481,483,492,497,497,500,507,511,517,527,536,536,541,547,553,560,560,562,565,566,568,568,576,567,567,562,561,565,554,549,546,543,540,537,544,535,531,530,528,534,526,524,521,521,517,517,521,513,508,505,503,506,499,491,488,484,480,476,474,471,460,457,451,449,448,437,432,426,422,417,416,412,401,396,391,387,382,370,362,355,348,340,336,328,316,307,300,294,290,276,269,260,253,247,243,243,233,229,226,225,229,220,217,216,215,213,212,219,212,210,208,208,214,208,208,206,207,206,204,213,205,203,203,203,210,205,203,202,203,202,203,204,205,201,200,199,202,206,197,199,198,197,197,200,202,195,194,194,197,200,195,192,191,191,189,192,193,187,188,188,189,190,186,185,185,185,184,185,190,183,182,182,181,188,182,181