
170,173,174,170,170,170,170,170,172,174,171,170,170,171,175,171,171,171,171,172,173,176,173,173,173,171,181,174,174,174,173,173,171,182,174,174,175,173,183,180,183,187,195,201,209,228,232,243,256,266,282,287,296,306,316,326,335,349,354,362,371,382,394,399,405,413,420,427,434,441,448,449,453,457,462,467,466,468,471,474,477,482,489,488,493,498,503,514,514,519,524,530,534,539,552,549,553,555,555,569,562,561,561,561,558,554,562,551,547,543,539,544,536,533,530,528,526,524,528,522,520,518,517,520,514,511,509,506,504,500,501,496,490,487,483,482,479,471,467,461,458,452,450,447,439,433,429,425,424,415,409,405,399,393,388,386,375,369,362,354,353,341,332,324,316,309,296,301,285,275,269,258,263,249,241,237,233,229,224,232,221,219,218,217,220,214,212,211,209,209,208,212,208,206,205,206,209,207,205,204,203,202,203,204,205,202,200,201,202,205,200,200,198,198,197,198,202,197,196,196,197,200,195,194,193,193,192,191,196,191,190,190,187,196,189,187,186,186,184,181,192,183,183,183,179,189,183,181,180,180,178,178,184,178,176,176


173,171,170,169,169,170,169,175,172,170,170,170,171,170,175,170,170,170,168,176,177,172,173,174,172,175,177,173,173,173,174,175,178,174,174,175,174,178,178,179,183,188,193,204,216,221,232,243,255,268,276,286,295,304,315,327,338,345,353,362,370,382,388,396,403,410,418,425,436,439,442,447,452,456,460,463,463,465,468,469,480,482,482,486,490,495,500,510,510,515,521,524,536,541,542,547,549,553,559,559,557,558,557,557,558,558,552,547,545,542,541,536,532,528,527,525,525,526,520,518,517,516,517,514,510,507,505,502,502,502,496,492,489,484,485,479,473,468,464,459,454,455,448,442,438,432,427,424,421,412,407,402,393,398,391,381,374,367,360,354,351,338,330,322,314,309,304,292,284,276,268,264,256,246,241,236,232,231,231,225,222,220,218,219,215,213,211,210,209,210,213,209,207,207,206,209,206,205,203,202,203,203,207,203,201,201,201,204,202,201,199,198,198,196,202,200,198,198,197,196,196,199,193,193,193,191,196,197,192,191,190,190,191,190,187,185,185,184,186,189,184,183,183,183,186,183,181,180,178,178,181,183,179,179,178,176


171,174,170,171,171,171,173,170,169,171,171,171,171,174,171,172,169,173,175,171,171,170,177,172,173,177,175,174,171,178,177,174,174,171,176,173,174,178,177,178,182,188,198,202,211,221,232,243,255,268,277,287,296,307,317,325,334,344,354,362,371,380,392,396,404,413,419,429,432,437,444,448,452,455,462,461,464,467,470,476,475,478,483,488,491,496,504,506,512,513,527,531,533,537,538,552,550,555,561,558,559,558,564,563,557,554,549,550,545,542,541,535,534,531,531,529,525,523,520,521,517,516,518,514,512,510,508,507,504,498,495,494,489,485,482,482,474,469,467,461,459,451,445,442,438,432,428,427,418,414,408,405,402,393,386,379,377,367,361,357,347,339,327,329,319,308,299,289,288,275,268,264,255,247,242,240,237,230,225,222,223,220,218,220,215,213,212,212,212,209,208,206,208,207,206,208,207,205,204,204,204,206,201,201,202,202,201,201,205,201,200,201,200,202,198,197,196,197,197,196,200,195,195,192,196,197,192,191,188,195,189,189,192,189,187,185,191,189,185,183,180,185,183,182,186,182,180,180,181,182,179,178,177,178,177,177


171,169,170,172,175,171,170,171,171,173,171,170,170,169,169,172,176,172,172,172,173,176,171,174,172,172,173,172,182,175,174,174,174,177,171,179,174,174,176,176,191,189,195,203,212,225,232,246,254,266,276,286,302,309,318,327,336,349,356,365,372,382,389,398,410,416,421,428,435,442,448,451,455,457,461,464,468,474,474,476,479,483,489,490,495,498,503,509,515,525,526,532,537,542,550,549,558,557,559,561,559,572,563,562,561,559,559,550,554,545,541,539,534,540,533,530,528,527,527,523,522,519,518,515,515,518,511,508,505,502,502,497,494,488,485,480,476,476,472,464,460,454,450,448,441,436,430,425,420,417,415,406,401,396,389,386,376,371,362,355,348,340,339,325,318,310,302,296,281,283,268,260,255,245,251,238,234,230,228,228,221,222,217,217,214,213,217,212,211,210,210,211,208,207,206,205,204,204,208,205,205,204,203,205,204,203,201,200,199,200,201,204,199,199,199,199,201,198,197,195,195,196,195,200,194,194,193,193,195,189,192,189,187,187,185,195,186,186,186,184,187,181,187,181,181,180,178,188,181,180,180,179,181,177,178,176


172,170,173,171,170,171,169,170,170,171,174,171,171,172,171,174,170,171,173,170,171,172,173,177,173,174,174,177,174,171,178,173,174,173,174,177,175,176,176,183,182,186,196,201,210,221,236,244,254,264,275,290,295,305,315,324,332,342,355,362,370,379,387,398,403,410,419,424,429,437,444,449,451,454,457,462,465,466,468,472,474,477,481,488,492,495,499,504,513,515,517,530,531,536,541,546,554,553,555,556,561,558,555,560,554,552,549,549,546,540,536,534,535,528,525,525,521,520,519,521,518,514,513,511,513,507,504,503,499,497,493,494,489,484,481,476,475,469,463,459,454,450,445,442,439,432,427,422,419,416,408,402,398,390,386,379,376,370,361,353,346,342,330,320,319,307,299,291,282,280,269,261,253,251,242,236,234,229,225,223,225,220,218,217,215,218,212,210,210,208,208,207,210,208,206,206,206,208,204,204,203,202,201,201,204,203,201,201,201,203,202,199,198,198,198,197,198,201,198,196,196,195,199,194,191,195,191,190,191,191,195,190,189,189,191,187,182,189,184,183,184,183,186,182,183,181,185,180,179,180,177,178,178,181,180,177


175,171,171,170,172,173,167,175,171,170,174,168,173,172,170,171,171,176,171,174,171,172,176,173,174,173,174,174,174,178,173,176,174,173,176,174,176,175,176,179,183,191,195,203,212,221,235,243,255,266,276,286,297,309,317,326,336,344,357,362,370,382,388,396,404,415,420,422,437,438,445,450,449,459,458,461,465,467,474,471,480,479,484,490,491,497,501,506,511,517,527,529,536,539,543,550,550,556,556,558,559,560,563,559,559,555,552,552,546,544,539,535,532,530,533,526,526,524,521,523,518,516,515,512,511,509,510,505,502,501,496,496,491,482,486,479,474,469,468,463,453,457,448,442,440,430,431,423,419,413,409,407,398,395,386,380,379,368,361,354,346,339,332,327,316,309,300,292,288,275,268,260,254,248,243,240,233,230,227,223,226,219,218,216,215,214,212,215,211,210,209,208,209,208,205,207,204,204,203,206,205,199,206,201,204,202,197,206,200,200,199,199,204,196,202,198,196,201,195,198,195,194,195,194,197,193,193,192,191,193,190,191,188,189,187,188,189,186,186,184,183,187,183,183,182,181,181,180,184,179,179,178,179,181,177,177