171,168,168,169,167,171,170,168,171,171,171,169,171,170,169,168,170,171,169,169,172,171,174,170,173,174,171,171,172,172,172,172,174,170,176,173,173,178,176,178,183,190,195,202,213,222,234,245,254,268,276,286,297,309,318,326,338,348,359,366,376,388,394,403,412,422,436,439,446,455,461,464,470,478,480,482,486,487,497,497,501,509,513,515,520,529,534,539,545,552,560,564,570,580,584,591,592,598,601,602,603,604,606,603,601,603,597,598,590,588,586,581,579,575,576,570,568,569,565,566,563,561,562,557,554,552,552,550,544,543,541,537,531,527,525,519,514,508,503,504,493,488,485,480,473,467,466,459,450,447,439,437,429,423,419,412,404,397,390,381,372,363,354,348,337,330,323,312,306,293,286,279,268,262,255,250,244,239,239,232,234,227,225,225,221,220,218,219,215,214,217,212,213,212,210,213,210,208,209,209,208,207,207,208,207,205,205,207,204,203,201,201,206,202,200,204,202,201,198,201,198,197,196,194,198,193,193,196,193,192,190,194,192,188,188,187,187,186,185,187,185,186,183,185,184,181,181,181,182,178,178,181,177,182,177,177


168,171,170,170,173,169,170,168,170,173,170,167,169,169,173,169,171,170,169,169,170,174,170,169,169,170,175,171,176,173,173,173,172,178,172,172,173,172,177,179,186,191,195,204,213,228,236,244,255,267,279,290,299,312,319,330,339,352,365,369,378,388,401,408,417,429,434,443,450,459,468,470,474,479,486,488,491,498,498,503,507,515,521,522,527,532,541,548,552,560,566,573,577,584,595,595,599,604,605,611,610,615,611,612,608,608,610,602,597,593,589,590,585,585,583,579,577,576,578,572,568,567,566,567,562,560,560,554,552,549,549,547,536,532,528,526,520,515,512,504,499,495,491,488,478,472,468,463,458,451,448,440,434,428,424,419,406,399,392,384,379,367,361,351,342,333,323,319,304,295,287,278,273,262,257,251,246,241,236,238,231,227,227,223,224,221,221,221,218,216,215,218,213,211,210,209,212,209,210,212,208,207,207,210,210,205,204,203,206,205,204,205,204,202,201,202,204,200,200,199,199,199,196,200,195,195,194,196,197,192,191,191,190,192,189,189,186,187,185,185,189,184,183,182,181,185,180,183,180,180,178,179,182,178,177,177


171,172,170,167,172,168,169,169,175,170,168,169,169,171,168,168,171,168,168,168,174,172,169,171,171,173,171,171,173,171,171,171,174,178,173,173,173,178,177,179,185,187,194,202,210,226,233,245,256,268,276,286,297,308,317,325,337,351,356,365,376,388,395,404,414,427,429,437,446,457,460,465,469,477,482,482,485,493,494,497,501,512,511,515,521,526,535,538,545,554,558,565,572,581,585,588,591,596,602,601,602,606,603,602,601,603,604,593,591,588,587,581,579,578,572,570,569,566,570,565,562,561,561,558,555,556,552,547,545,541,544,535,530,526,526,519,513,509,509,497,493,488,488,479,474,467,464,461,452,445,443,433,429,424,421,411,403,395,388,384,372,362,358,346,338,330,324,313,303,294,285,279,269,260,256,249,242,239,238,238,230,227,225,227,222,220,219,217,216,215,211,217,212,211,211,213,211,209,209,208,206,206,206,210,205,207,206,206,205,203,204,207,202,201,201,203,200,199,198,201,199,196,193,198,194,194,194,198,193,191,193,191,192,190,187,189,187,186,185,190,185,184,183,183,185,181,180,182,179,179,179,181,184,177,178,177


172,169,169,171,170,169,168,173,171,167,170,167,171,169,169,171,170,169,169,173,172,170,170,169,172,171,171,174,171,172,172,174,175,172,173,173,174,176,177,181,185,188,196,205,221,224,234,245,259,267,278,288,302,310,319,327,345,350,359,369,381,389,399,407,420,425,434,444,456,458,463,469,476,482,484,488,494,496,498,502,511,514,515,521,526,536,538,545,554,559,565,571,581,586,589,595,598,605,607,608,613,611,612,610,611,611,604,600,597,595,591,587,587,584,581,578,577,581,573,570,568,570,566,564,562,562,558,554,550,554,544,541,538,535,529,524,519,518,509,505,499,498,490,482,477,474,469,461,457,455,445,441,433,431,424,413,406,399,395,383,375,370,357,350,341,336,327,315,305,292,287,277,269,265,256,250,246,243,241,233,231,228,228,224,223,223,222,218,216,217,222,214,212,211,212,211,211,209,212,208,207,206,213,205,206,205,206,205,204,205,206,203,203,201,205,202,200,199,200,200,199,198,200,196,196,196,197,197,193,191,192,194,189,189,191,188,187,187,188,188,184,182,181,184,183,181,184,181,180,180,180,183,177,176,177,179


169,169,168,171,168,169,171,170,172,168,168,171,170,168,167,170,168,168,171,169,172,170,171,173,170,171,170,173,171,172,173,174,175,172,173,176,173,173,176,180,186,188,195,205,214,222,232,245,257,266,276,284,300,306,317,329,337,346,355,368,378,385,394,403,414,420,430,440,446,452,458,464,472,473,478,482,487,488,492,500,501,509,509,516,522,525,531,538,547,550,557,565,569,579,582,588,593,595,598,600,604,603,603,603,604,601,595,593,592,587,583,578,578,575,571,570,572,569,565,563,563,561,558,557,553,556,549,547,546,545,539,535,533,530,522,518,510,510,503,497,496,490,485,478,473,469,462,455,451,448,440,435,430,424,420,409,403,399,387,379,371,365,354,347,340,329,324,311,303,297,285,277,268,261,253,249,244,241,237,232,229,231,225,223,222,221,220,217,216,217,215,213,211,214,211,209,210,206,211,207,207,209,208,206,205,207,208,204,204,200,204,202,201,204,202,201,200,200,202,199,198,196,198,195,195,197,195,197,193,192,194,190,189,188,189,187,187,187,183,187,184,183,185,182,181,181,182,180,179,180,181,181,178,177,180,176