170,172,170,170,168,172,170,170,170,175,171,171,171,174,171,171,170,174,170,171,171,175,177,172,173,175,175,172,173,176,174,172,174,175,179,176,175,177,182,183,185,194,199,208,219,234,244,255,267,278,292,300,309,324,333,340,352,365,377,383,393,404,416,424,432,442,455,458,466,476,486,487,492,496,503,504,508,510,518,518,522,527,538,538,542,547,557,561,566,574,583,587,592,599,609,614,614,618,624,626,625,626,628,625,624,622,621,618,611,608,605,604,599,596,595,592,589,587,589,588,583,581,579,579,574,573,571,571,563,560,561,557,549,544,539,539,530,525,519,519,509,504,498,499,489,482,478,474,467,459,454,450,443,437,430,428,419,409,399,394,385,374,365,358,347,339,329,322,316,303,293,284,279,268,260,257,250,244,241,240,237,234,230,229,229,224,223,222,220,217,216,220,219,216,215,213,216,214,212,210,215,210,209,210,213,210,208,207,209,206,205,203,207,204,204,204,208,204,203,201,204,202,199,197,199,197,196,194,198,199,193,194,195,195,191,190,191,189,187,187,187,189,185,185,184,187,184,181,184,181,181,180,181,181,178,179


171,170,173,171,173,171,171,171,171,172,174,169,170,169,172,173,174,172,171,170,171,174,173,171,171,172,172,176,177,174,175,174,174,177,177,176,175,177,177,184,188,194,199,208,219,233,243,253,265,276,287,300,309,323,329,340,350,364,373,384,391,400,411,422,430,441,447,455,464,472,478,486,487,490,495,503,503,509,510,515,519,522,528,534,536,542,548,556,567,571,575,581,588,595,604,607,608,613,615,617,623,623,622,620,619,616,617,613,607,603,599,597,596,593,591,586,584,582,584,583,577,576,573,571,573,569,568,563,559,555,556,551,549,540,536,532,529,523,518,511,505,500,497,490,487,478,472,467,464,460,453,446,438,432,426,423,414,405,398,389,381,375,365,356,346,337,327,321,312,299,290,282,271,268,263,254,249,246,242,241,237,232,229,226,225,226,223,224,219,219,218,220,219,215,215,213,212,214,211,214,211,209,210,211,209,212,206,207,206,209,206,207,204,205,203,205,206,205,201,200,199,200,203,201,198,196,196,195,198,196,193,193,191,189,195,193,190,188,188,187,189,187,184,184,183,182,184,183,184,181,181,179,181,182,179,178


170,172,174,171,170,170,170,172,171,173,171,172,173,171,174,170,171,171,170,173,170,174,171,170,177,172,176,173,173,174,175,177,175,176,176,176,178,178,183,183,187,192,200,212,220,232,245,253,268,279,292,300,310,321,331,343,355,362,376,384,396,404,415,424,432,441,449,457,471,472,481,485,494,496,500,504,507,508,514,517,524,526,532,536,542,550,553,561,564,573,578,586,594,599,605,608,611,621,620,626,624,625,625,624,626,620,620,614,609,610,603,603,597,593,592,590,591,587,584,586,580,582,577,578,574,571,569,566,563,563,555,555,547,547,539,538,531,524,520,514,507,508,497,494,487,485,478,470,468,459,452,449,442,439,429,425,414,407,403,391,385,374,365,357,348,341,329,323,311,299,294,284,278,268,261,254,250,247,241,241,238,233,233,228,231,224,223,221,219,222,219,216,220,214,217,214,216,213,213,210,212,208,213,210,211,208,211,208,208,210,205,206,205,204,206,204,205,201,203,205,200,202,199,199,197,197,198,196,197,194,192,197,193,195,191,190,188,187,190,186,189,186,185,187,184,186,182,182,181,181,183,181,180,181,180,182


169,174,170,170,171,172,172,171,174,171,170,174,169,174,170,170,171,171,173,173,174,172,171,176,173,176,172,174,175,174,177,175,176,178,174,178,174,179,179,182,186,191,203,212,218,234,241,257,265,279,290,299,309,321,329,343,351,363,372,385,393,403,416,422,431,439,450,460,465,475,478,486,492,491,498,501,504,506,512,518,519,528,528,534,542,544,554,557,563,569,577,585,591,599,602,607,614,615,620,619,621,623,623,624,621,618,620,612,611,604,605,599,594,592,590,588,590,582,585,580,581,577,578,576,572,570,566,563,563,557,556,550,547,544,537,536,526,521,518,513,509,502,499,490,485,483,474,473,464,458,453,446,442,433,431,420,414,409,399,393,382,373,364,356,349,337,331,322,311,303,291,285,275,268,260,254,251,248,240,242,235,235,231,230,227,223,223,221,220,221,217,220,216,218,215,215,218,214,212,211,210,214,211,212,208,208,211,205,210,206,205,205,205,208,203,205,202,202,205,201,204,199,199,197,197,200,197,197,195,193,195,194,193,191,191,190,189,190,188,187,189,184,188,184,187,184,182,182,182,183,184,179,184,178,180,178


173,175,171,170,171,172,171,173,174,170,169,171,173,173,170,171,169,172,171,173,177,171,171,173,175,175,173,174,174,175,174,173,179,178,176,174,177,181,181,182,185,193,201,209,222,234,241,254,265,281,290,300,310,319,330,341,353,363,372,382,392,405,416,422,431,440,448,457,467,475,478,482,489,494,500,500,505,508,511,516,523,529,530,533,538,548,555,557,563,571,577,583,590,601,603,606,611,617,623,621,621,622,623,620,619,621,619,611,608,607,608,598,596,593,591,589,585,588,586,580,580,578,582,578,572,568,567,563,561,560,558,550,546,541,540,538,527,522,517,512,507,505,499,491,486,480,476,472,463,459,453,446,441,436,434,421,414,407,402,394,382,372,364,356,346,339,334,322,310,300,294,286,276,267,261,254,250,246,242,242,235,232,231,234,229,225,222,220,220,218,219,219,215,215,213,217,217,212,212,211,210,212,213,211,209,209,207,208,210,207,205,205,205,205,206,207,203,202,201,204,204,199,199,199,198,197,196,200,196,194,192,195,195,192,191,190,188,187,188,190,191,185,186,187,188,184,183,183,182,180,180,181,184,179,179,179