
171,174,170,170,169,171,170,171,174,170,171,171,170,174,171,170,170,170,169,175,176,172,174,173,173,174,177,174,174,174,173,177,177,174,175,175,176,181,180,181,185,192,200,211,225,234,246,259,273,289,299,308,320,331,341,354,367,376,386,397,406,418,430,435,444,452,462,470,481,485,490,496,500,505,514,512,515,518,522,524,532,537,538,544,548,554,561,569,573,578,585,591,603,608,611,615,620,625,628,632,631,630,631,630,629,629,621,618,614,610,609,604,598,595,593,589,591,590,584,582,581,579,580,578,573,570,567,565,564,562,555,551,547,542,539,537,528,523,517,512,507,504,499,492,486,481,476,473,464,456,451,446,436,438,430,419,412,405,397,388,383,369,361,352,342,337,329,315,307,296,287,280,273,262,255,249,245,242,241,234,233,231,227,228,225,220,219,217,217,218,219,216,215,214,212,213,213,209,209,209,208,209,212,210,207,207,207,206,209,205,204,204,203,201,206,207,202,203,201,200,203,201,199,197,196,193,201,200,195,195,194,193,192,196,189,189,187,187,189,191,186,186,185,184,186,185,183,181,181,180,182,183,180,179,179,178


170,172,172,171,171,170,174,170,171,171,170,170,170,174,173,172,172,171,175,171,171,174,171,172,173,175,175,175,175,175,177,175,174,175,174,175,175,180,179,183,186,193,203,210,221,233,244,257,270,286,293,311,318,329,342,352,360,367,387,390,401,414,420,435,441,450,457,468,472,478,486,488,493,498,505,509,510,513,516,522,522,526,534,535,541,546,556,561,567,572,579,590,591,597,605,608,612,615,622,623,623,622,622,624,620,616,616,610,606,603,601,596,594,589,586,587,582,579,577,576,572,571,573,567,570,563,561,560,557,551,545,549,539,535,533,528,524,518,512,507,506,496,490,487,479,475,469,467,461,453,448,441,438,428,421,415,407,399,392,387,377,367,359,349,343,332,322,313,302,294,285,280,269,262,255,248,248,239,235,234,230,228,225,226,220,224,220,218,219,216,214,209,216,211,210,213,208,213,210,210,209,211,208,204,209,205,205,206,208,206,205,205,204,207,203,203,203,201,199,200,202,201,198,198,198,200,197,194,195,193,192,192,195,192,191,189,189,191,188,185,187,186,184,184,186,184,184,182,182,183,181,179,180,180,178,177


173,173,170,169,169,171,171,171,173,170,171,170,172,175,171,170,170,168,175,172,175,173,172,174,170,180,175,174,174,172,178,175,176,176,175,175,175,180,181,182,186,191,201,210,222,238,247,261,272,287,301,309,320,331,343,353,365,378,385,396,407,417,429,435,444,454,464,471,479,488,490,496,501,506,512,512,516,518,522,527,529,536,538,543,549,554,564,566,573,578,584,598,599,608,611,615,620,622,632,631,629,630,629,632,628,625,625,618,614,610,609,606,599,596,593,593,589,588,588,583,581,579,579,578,572,570,568,566,562,558,558,552,548,542,541,537,529,522,518,513,508,502,501,492,486,481,476,474,464,458,452,445,441,433,429,421,413,405,395,392,380,370,361,349,346,335,329,316,306,296,285,284,274,262,255,251,247,241,239,238,233,229,228,228,226,221,220,217,219,216,215,217,214,214,212,213,214,211,210,209,210,208,209,211,209,208,208,207,210,206,204,204,205,204,203,206,203,201,201,203,205,200,199,198,194,202,197,199,196,196,194,191,198,192,190,189,187,191,188,188,188,186,185,183,188,185,181,182,181,181,182,180,183,179,178,178


171,172,169,170,169,174,172,171,169,170,170,170,173,172,171,171,170,174,173,173,172,173,173,173,177,175,174,174,173,178,175,175,174,175,175,175,178,178,180,181,187,195,198,212,221,232,245,259,274,281,299,308,318,333,339,355,361,372,383,394,406,411,428,433,442,451,460,468,473,480,486,491,498,503,506,508,512,514,522,524,526,529,534,538,545,554,558,562,569,576,585,590,595,601,604,610,616,622,625,624,626,626,629,626,624,619,617,613,609,608,602,600,594,591,593,584,589,582,580,579,576,578,570,576,569,567,566,562,563,555,550,548,543,542,535,533,525,520,515,512,505,498,494,486,482,478,476,468,461,455,449,446,438,431,424,416,409,402,397,387,376,368,360,354,343,333,323,314,304,296,289,280,270,262,254,252,244,241,237,233,230,228,229,224,224,221,220,221,214,220,215,213,212,213,215,209,215,210,210,211,211,209,208,206,206,206,208,206,208,205,204,204,207,204,203,202,203,201,201,204,201,199,199,198,201,199,196,196,194,194,194,195,192,190,190,189,191,189,188,186,186,185,184,188,186,184,182,181,184,179,183,180,180,178,179,182


175,171,171,171,171,174,171,173,169,170,169,171,175,171,171,172,172,174,173,173,172,170,172,172,176,176,174,174,174,175,178,174,174,174,173,174,174,182,180,181,187,193,204,208,223,232,245,257,269,291,298,308,320,331,345,350,367,373,384,394,405,420,425,434,445,453,464,470,479,482,488,494,499,510,509,511,514,517,524,525,530,532,535,541,546,558,559,565,571,578,586,593,599,604,609,613,619,626,628,627,630,629,630,631,628,624,620,616,613,606,613,602,598,594,592,593,585,590,583,582,578,578,583,574,571,570,567,567,559,560,553,548,545,541,542,532,528,523,518,515,506,502,495,489,484,479,479,469,462,457,452,447,440,434,426,418,410,403,399,388,379,370,363,352,345,335,323,314,304,295,287,283,270,264,256,250,248,239,239,232,230,228,224,231,223,222,220,220,221,214,218,213,213,213,212,216,211,210,211,210,211,208,209,206,205,206,207,211,206,206,205,205,207,203,204,202,201,201,202,204,201,201,199,198,200,198,197,195,194,194,193,195,193,192,191,190,188,191,188,187,185,184,184,183,191,184,184,183,183,185,178,184,179,179,179,177


171,170,171,170,169,170,173,172,171,171,170,173,172,171,172,171,170,170,174,175,173,173,173,174,176,173,174,174,174,174,174,175,178,175,176,176,179,176,177,185,185,191,200,210,224,233,246,258,275,283,294,308,316,329,338,352,361,371,381,392,405,412,422,431,440,447,456,467,474,479,485,489,497,498,501,508,509,511,515,522,526,527,531,536,543,548,552,561,565,572,578,587,594,601,603,608,612,619,619,620,623,621,622,621,621,621,614,610,607,605,598,592,596,587,585,583,584,583,578,576,574,575,570,567,567,562,560,558,558,553,549,545,540,539,531,526,523,517,511,506,504,499,492,486,480,477,470,464,459,452,446,441,437,430,423,415,408,401,395,384,375,367,358,348,341,333,325,313,304,294,288,276,265,265,253,248,243,240,240,234,231,229,229,224,220,223,218,218,217,220,216,214,213,213,215,210,210,210,208,209,208,210,208,208,208,207,209,206,206,206,203,204,203,206,205,203,202,201,203,201,200,199,198,197,196,198,198,197,195,194,194,196,191,190,192,188,187,187,188,191,186,186,185,186,183,181,187,181,181,181,182,183,179,180,180,181