
202,194,193,194,211,193,194,200,194,209,196,197,204,195,196,198,214,197,197,206,198,211,205,200,207,204,201,203,218,202,202,205,203,206,212,201,209,206,206,209,224,228,232,249,257,276,305,308,327,343,354,367,382,407,407,422,433,445,473,470,478,496,500,507,520,541,534,544,556,558,580,572,574,581,578,582,583,602,587,591,599,599,616,608,611,620,619,625,632,653,644,649,662,662,674,677,674,682,680,682,682,696,682,677,683,674,674,677,661,658,653,644,639,643,641,631,634,626,625,635,620,616,620,612,609,610,616,600,597,593,588,602,579,574,576,562,559,553,564,542,536,536,526,535,517,508,508,494,489,483,493,470,462,465,451,456,440,426,425,410,400,391,397,374,364,359,345,341,335,316,313,298,289,281,285,275,264,267,258,257,267,250,250,248,246,243,245,252,238,241,237,235,251,238,233,240,232,233,235,242,229,229,235,228,244,233,228,237,228,228,226,243,226,224,232,226,239,229,224,232,225,223,220,235,220,221,224,219,228,225,217,224,216,214,214,225,215,210,217,209,212,222,210,212,208,205,206,214,209,202,209,204,202,215,203,204


194,209,193,201,195,193,196,194,213,196,194,194,194,209,199,202,201,197,197,199,215,207,197,200,200,213,208,205,206,203,202,205,217,210,200,201,199,208,217,209,221,224,232,246,266,286,288,303,319,336,364,367,388,393,404,416,435,460,452,462,475,487,511,506,524,524,535,542,551,573,563,562,566,572,589,578,585,584,585,586,590,610,602,600,603,608,628,624,631,637,640,645,651,674,668,665,668,672,685,685,679,682,676,673,674,683,674,661,653,648,647,654,636,638,630,626,624,631,633,618,613,611,610,624,607,608,598,595,591,592,606,581,575,570,566,575,555,554,544,539,532,530,542,521,507,502,498,507,491,487,477,469,461,456,464,449,433,424,414,419,403,393,383,372,363,351,355,342,324,315,304,299,298,281,283,270,264,261,267,265,252,248,245,248,258,243,247,240,239,236,241,252,236,233,231,232,246,235,240,232,232,228,233,247,230,227,228,228,242,227,233,229,226,223,225,241,229,221,221,222,234,224,228,222,221,219,217,234,224,215,216,216,224,221,215,218,212,211,209,224,217,205,207,206,210,217,207,212,206,203,204,210,216,201,199,199


197,195,193,193,193,196,207,200,192,194,195,209,198,199,195,196,195,196,212,203,198,198,201,215,205,208,203,200,200,203,215,203,202,201,199,213,207,210,204,207,212,222,243,247,264,271,290,307,331,346,351,367,379,393,415,422,436,440,453,465,491,493,498,508,515,527,539,556,554,557,561,568,588,580,581,578,580,582,586,603,596,595,597,602,622,614,622,622,628,636,642,662,657,662,662,670,686,679,685,681,679,678,677,690,676,675,666,661,664,660,653,642,637,635,630,641,630,630,622,618,618,626,618,611,605,603,600,605,603,595,588,582,579,586,574,563,558,550,545,544,548,533,521,516,513,521,505,498,489,482,474,470,475,460,451,442,435,440,421,416,398,390,381,372,376,357,345,334,324,325,309,305,289,279,273,269,278,262,264,252,252,252,256,251,244,240,239,238,249,240,241,235,231,236,244,241,232,231,230,228,232,239,233,229,227,229,243,235,228,227,224,226,225,237,230,224,224,221,238,225,226,222,220,217,221,231,221,216,216,217,230,217,221,212,211,211,209,221,211,211,205,207,216,211,211,206,203,204,202,213,205,208,201,199,203,212


190,204,193,189,191,195,197,202,191,192,198,193,192,201,196,192,195,198,197,208,198,196,202,204,201,203,210,197,197,203,202,214,199,199,197,204,199,202,213,207,211,222,235,256,258,272,288,309,320,335,363,363,376,390,412,428,431,442,453,471,475,486,510,505,513,523,540,551,555,556,559,572,568,571,586,581,580,582,591,590,602,595,599,605,607,611,622,627,629,633,645,649,666,658,665,669,675,673,680,692,679,679,682,677,689,670,667,659,663,653,646,654,638,634,630,636,640,626,621,620,621,615,613,621,606,601,598,602,606,592,587,583,582,570,566,573,557,548,543,544,541,536,523,515,517,507,499,504,490,481,475,474,465,467,450,440,437,429,415,411,405,389,379,376,364,365,343,331,322,321,304,295,297,276,273,269,266,273,257,251,249,254,245,245,256,240,236,236,243,249,235,234,234,238,232,229,241,230,226,228,235,237,232,227,227,231,226,224,236,224,224,223,228,225,232,224,223,226,225,222,227,224,219,215,223,220,229,216,214,217,220,213,216,221,210,209,214,210,221,210,207,208,210,202,206,214,202,199,202,204,214,203,201,201,206,197


206,196,192,190,192,192,200,204,190,191,189,191,207,199,192,195,194,197,204,209,198,195,194,198,214,209,199,202,201,198,205,213,199,198,196,198,209,211,203,208,214,220,234,256,257,270,284,303,323,348,349,362,377,389,402,430,430,438,449,461,473,499,497,503,512,519,531,549,556,549,553,559,563,583,577,575,575,579,580,593,597,589,592,595,602,621,622,618,625,629,637,649,664,652,658,660,664,684,681,673,673,674,671,676,684,664,660,653,651,656,653,639,634,631,627,629,635,620,613,610,609,611,624,605,600,600,594,590,602,588,580,575,571,567,579,560,553,546,542,536,540,534,516,509,506,499,508,498,484,479,473,467,467,466,444,435,428,422,427,412,397,387,378,368,365,364,339,329,321,310,315,303,288,279,272,268,268,272,255,251,246,244,251,256,243,240,237,235,237,247,236,230,232,230,234,247,232,229,228,227,227,241,235,225,224,225,226,240,229,224,226,224,223,232,233,221,221,220,220,233,227,219,220,217,218,224,230,215,214,212,212,227,220,212,212,209,210,215,223,207,205,202,203,216,215,206,204,201,203,206,215,202,199,196,197,202


192,191,191,205,191,192,198,190,192,194,206,197,192,190,191,208,197,195,202,197,199,196,210,202,201,197,200,207,207,198,205,200,200,198,209,200,205,200,202,209,224,221,230,243,256,270,293,309,325,335,349,361,388,391,403,421,429,437,454,475,478,484,491,502,526,524,530,546,544,552,559,576,573,570,571,575,591,579,582,589,587,589,594,614,609,607,614,618,635,634,637,648,651,654,660,677,671,672,671,675,680,682,672,677,668,665,663,669,656,653,641,636,634,645,627,624,626,620,616,619,621,616,608,603,603,614,597,594,597,585,582,580,585,574,564,556,553,560,542,537,538,525,517,512,523,509,496,490,482,490,474,465,464,453,447,440,443,427,416,405,397,395,384,369,365,351,341,332,335,315,308,293,284,279,283,265,267,262,254,253,258,252,249,241,242,242,249,237,237,243,234,232,236,242,238,229,228,229,242,230,228,234,228,226,227,238,230,223,225,222,238,223,223,231,225,222,221,234,226,222,219,217,229,220,218,225,219,217,216,229,216,215,211,212,217,216,210,212,209,207,206,216,207,209,203,203,207,215,201,205,205,202,201,206,205,202