
168,167,168,179,157,167,169,168,168,169,181,157,168,169,168,179,165,168,169,170,170,170,182,160,172,170,170,178,180,163,172,171,172,173,184,164,175,175,176,183,195,180,199,210,221,233,255,263,267,284,297,310,334,318,342,353,365,376,392,405,393,417,428,438,461,442,465,472,480,487,495,511,491,510,514,518,533,514,529,533,536,541,547,566,545,564,570,577,594,590,593,605,611,618,624,639,619,638,640,643,649,650,631,643,641,639,637,641,620,628,621,619,617,622,595,607,604,603,601,607,602,588,593,592,591,602,571,582,578,574,571,572,571,543,554,549,545,551,520,527,521,515,509,505,512,479,487,480,475,480,454,457,450,443,436,429,434,398,404,394,386,385,372,351,348,337,328,318,320,285,288,278,270,267,265,234,244,240,236,232,239,223,226,224,221,221,231,203,215,214,213,212,220,217,198,210,209,209,223,195,207,207,206,206,208,216,192,204,204,204,216,191,202,202,202,201,201,215,186,199,198,198,208,191,196,197,194,194,194,206,180,191,190,189,196,194,180,186,186,185,185,194,171,183,182,182,185,190,167,179,178,178,177,185,177,174


170,168,168,168,167,171,169,168,169,168,170,165,171,169,169,170,170,175,173,171,172,171,172,170,176,173,174,174,182,170,174,173,173,173,174,171,178,177,177,180,193,185,202,211,223,234,248,267,275,288,300,312,327,329,347,356,367,377,389,407,400,421,430,440,449,455,468,475,482,488,494,506,499,513,515,520,523,522,534,535,538,543,547,554,556,567,572,578,586,593,601,608,614,620,625,632,629,642,641,643,645,651,638,647,643,641,637,635,626,631,622,619,616,618,602,610,605,604,602,600,606,595,596,594,592,592,582,585,580,577,573,569,571,551,557,551,545,540,532,531,524,518,512,505,504,487,490,483,477,471,461,462,452,445,438,430,421,412,408,396,387,378,371,359,350,339,329,320,310,296,293,281,272,264,266,243,247,241,237,234,232,229,231,226,223,221,224,211,219,217,215,214,214,222,206,212,211,210,209,204,210,209,208,207,207,213,199,208,206,205,205,202,207,205,203,204,202,204,196,203,200,198,199,196,200,198,195,195,195,194,191,193,191,189,188,195,187,187,185,184,184,184,179,186,183,182,180,187,173,181,178,178,177,177,181,178


171,168,168,168,182,158,170,169,169,169,172,172,168,169,170,169,181,159,168,170,169,170,171,183,159,171,171,171,182,163,174,174,174,173,174,186,163,176,177,182,194,184,202,211,222,234,248,271,260,285,297,310,325,328,344,354,365,375,387,405,396,419,427,437,448,468,457,474,481,488,494,507,497,511,514,518,521,539,515,532,536,541,545,552,564,560,571,577,584,603,586,605,611,618,623,630,643,624,642,643,646,651,632,643,641,639,635,634,638,613,622,618,616,619,600,607,604,603,600,599,607,584,593,591,589,590,583,579,577,573,569,565,569,546,553,547,542,537,546,517,520,515,508,502,502,486,488,480,473,468,475,442,449,442,435,427,420,423,394,394,384,375,378,345,347,337,327,317,308,310,273,279,269,261,264,238,244,240,235,232,229,238,213,222,220,219,224,207,216,214,213,212,212,220,199,210,208,208,210,208,204,207,206,206,206,213,195,206,204,204,203,217,191,202,202,200,200,203,200,198,199,198,197,209,184,196,196,194,194,194,205,183,192,190,190,200,178,187,186,185,185,185,196,171,183,183,181,190,172,181,179,179,178,178,189,166


171,168,166,167,176,160,168,168,167,167,168,173,169,169,168,168,174,163,170,169,169,170,169,178,162,171,171,171,173,168,173,172,173,171,173,178,166,176,177,180,185,188,203,210,221,234,246,260,266,286,298,309,320,332,345,353,364,375,385,397,404,419,427,436,446,466,460,472,479,486,493,499,500,513,514,517,521,533,519,533,535,540,545,550,563,561,570,576,583,594,590,605,610,617,622,628,637,625,640,641,643,645,634,644,641,638,635,631,631,615,622,617,613,611,603,608,603,602,599,598,597,589,594,591,589,586,586,581,578,573,570,565,562,555,555,547,543,537,541,516,521,515,508,503,497,489,490,480,474,468,469,446,449,442,435,426,419,419,398,394,384,374,369,349,348,336,326,316,306,304,276,279,269,260,254,244,244,238,235,231,228,230,217,223,220,218,216,213,217,214,213,211,211,210,206,211,209,208,208,210,205,207,205,204,204,204,200,205,202,203,202,210,192,201,200,199,199,199,198,202,198,197,196,201,188,195,193,193,192,191,200,184,190,188,187,189,181,187,185,184,183,183,189,174,183,179,180,180,176,181,178,177,176,176,179,170


166,168,169,169,177,161,169,168,169,169,169,179,159,170,169,168,174,163,172,170,170,171,171,179,162,173,172,172,173,168,175,174,172,173,174,179,166,177,178,181,187,196,201,211,222,234,247,261,268,288,298,310,322,345,336,355,365,376,387,397,408,422,428,438,447,466,453,473,481,487,493,500,516,502,514,518,521,533,519,533,537,541,545,552,568,551,570,577,584,595,590,606,611,617,622,630,640,625,640,642,644,646,635,644,642,638,635,633,633,615,623,619,614,613,613,604,605,603,600,599,598,589,595,592,590,588,596,569,579,575,571,566,563,561,556,548,543,538,543,516,521,516,509,503,498,504,478,482,475,469,469,448,451,443,436,428,420,422,391,395,385,376,370,350,348,337,328,317,308,306,278,280,271,263,256,249,245,241,237,233,230,232,218,224,221,220,219,223,212,215,214,213,213,212,207,212,210,209,208,220,196,208,207,207,206,206,211,205,205,204,203,213,194,204,202,202,201,200,211,189,199,198,197,204,189,196,194,194,194,194,203,181,191,189,189,190,183,187,186,185,185,184,190,174,183,182,180,181,181,181,178,177,177,177,179,171


159,168,168,168,173,165,169,169,169,169,169,177,160,169,169,169,169,179,164,171,171,171,171,176,166,173,172,172,173,187,161,173,173,174,174,175,183,170,178,180,186,205,189,210,222,234,246,260,286,270,297,309,320,342,331,353,364,375,386,397,419,404,427,436,446,463,455,472,480,486,492,498,515,497,513,516,520,527,527,531,534,539,544,550,564,551,569,574,582,589,609,593,609,615,621,626,635,627,639,640,641,644,650,629,639,636,633,630,627,630,615,615,612,609,619,593,603,600,598,596,595,606,579,589,587,584,591,568,576,572,568,564,561,568,539,546,541,535,537,515,519,512,506,501,495,500,473,479,472,466,464,456,445,440,433,426,418,417,392,393,383,373,365,369,335,335,325,315,305,299,282,280,269,261,254,262,231,238,235,230,229,226,235,215,220,219,218,228,205,215,213,211,211,211,222,196,209,208,208,217,198,206,205,205,205,204,216,192,203,202,202,208,194,202,199,199,199,199,208,188,198,196,197,197,197,191,193,193,192,191,198,183,191,188,187,186,200,174,185,184,182,183,184,181,182,180,179,179,191,167,178,177,177,176,176,189