
191,185,190,183,184,182,192,185,183,188,184,186,197,186,192,188,186,187,191,192,187,194,189,188,203,193,197,191,192,192,194,198,189,195,191,189,200,192,199,199,204,210,222,241,246,267,279,296,321,330,341,361,367,382,394,418,420,433,444,455,472,479,488,503,504,512,523,540,536,544,554,553,561,570,564,574,571,570,574,586,582,582,592,592,598,613,609,619,620,624,632,639,653,650,658,659,662,679,669,672,669,667,668,667,675,658,661,652,646,654,638,634,634,626,622,621,629,614,618,613,609,614,607,602,605,596,593,589,597,584,579,579,572,572,565,555,558,547,538,532,537,525,518,515,506,503,504,488,489,477,470,463,464,454,444,442,430,422,425,405,400,388,378,368,362,358,338,334,321,311,312,295,288,280,271,263,259,263,251,253,244,242,251,242,239,239,235,231,231,240,230,231,230,228,233,229,225,232,225,223,224,232,222,223,225,222,224,225,222,225,220,217,217,225,220,217,222,216,217,223,216,218,214,212,209,215,216,209,214,209,209,217,206,210,207,203,200,202,208,200,205,198,199,210,200,202,199,196,195,196,206,192,197,194,191,204


185,184,184,188,192,185,192,185,183,184,193,192,185,185,185,185,195,189,193,187,188,189,194,201,189,190,190,189,202,193,198,192,190,192,193,202,191,191,192,195,213,211,225,235,248,264,280,308,311,323,339,353,374,381,398,407,416,429,440,463,468,474,483,492,507,515,522,528,534,539,546,563,563,556,561,563,568,578,572,581,578,580,584,596,602,598,602,607,615,631,630,638,639,643,651,656,671,661,661,662,664,678,666,667,661,657,653,650,656,641,634,629,626,633,620,622,614,611,610,609,618,606,601,598,594,599,592,590,584,581,575,573,579,567,557,550,547,544,542,532,531,521,513,507,514,504,492,484,479,476,477,463,463,449,441,435,430,430,411,403,394,384,388,367,364,349,339,329,321,325,300,291,284,276,279,266,263,255,251,248,245,255,241,239,235,235,241,234,237,232,230,228,228,238,229,224,223,221,229,227,227,226,222,222,222,229,227,220,219,218,221,226,218,222,218,218,216,222,225,215,211,213,213,221,214,216,211,209,208,209,220,207,205,204,202,216,203,207,202,199,199,201,211,197,197,195,196,208,196,201,194,193,194,193,205,196


183,197,187,191,187,182,184,184,196,185,190,184,186,196,186,192,189,186,185,190,199,189,195,188,188,199,193,195,193,190,189,192,201,190,196,191,189,193,202,202,207,212,220,233,254,266,282,296,310,325,352,357,373,383,395,406,422,439,446,453,465,475,498,496,511,513,522,530,536,554,547,557,557,560,575,568,574,571,572,575,581,596,587,596,597,602,616,617,623,624,630,634,641,657,655,662,661,664,671,672,673,669,668,666,661,668,657,657,648,643,640,643,634,627,624,621,615,622,618,614,609,607,604,613,601,601,593,588,587,586,590,578,570,565,559,567,552,550,538,532,528,523,527,513,512,498,494,500,483,482,471,463,458,449,454,436,433,422,412,411,399,393,379,367,358,349,350,331,327,311,302,295,290,282,272,263,257,254,257,251,250,244,241,239,246,236,239,234,232,231,231,235,233,229,224,225,236,225,229,226,223,223,224,230,224,224,220,221,230,223,226,219,218,216,218,228,216,222,213,214,224,216,218,211,212,209,210,219,209,213,208,206,211,208,211,204,204,201,200,211,202,203,199,196,200,208,202,197,196,195,192,201,197,197,191,193


186,183,187,194,185,184,185,188,187,191,187,183,185,187,186,197,188,188,187,194,190,191,197,188,189,193,189,202,191,191,192,191,194,193,198,190,190,198,193,210,204,211,222,234,252,262,289,295,308,329,342,363,371,379,394,405,423,430,452,453,463,479,483,497,507,510,518,528,541,541,557,555,554,562,562,566,577,570,572,574,584,581,591,594,593,598,608,611,627,623,630,633,644,648,653,666,660,663,669,666,678,666,666,663,659,662,655,661,645,641,642,630,638,627,619,619,617,617,611,619,607,603,608,600,604,595,591,585,583,584,578,584,568,564,561,554,549,551,538,532,528,528,515,519,506,496,494,489,482,486,467,462,455,456,443,439,435,420,411,409,393,395,376,365,359,352,341,332,329,312,300,298,285,286,269,265,258,257,258,250,255,240,241,244,236,244,236,232,232,232,237,230,237,229,226,230,226,228,226,224,223,224,226,222,232,221,218,225,221,219,227,220,217,217,221,216,224,218,216,215,218,214,224,211,211,211,213,211,211,219,208,206,212,204,213,205,202,203,204,203,201,209,199,196,204,196,207,195,196,193,195,199,193,206,192,192


184,186,201,186,183,184,184,182,187,199,183,186,183,184,202,186,187,188,187,187,190,206,190,189,188,189,205,193,191,192,191,192,190,205,189,191,190,192,204,202,203,211,222,233,247,277,281,295,309,325,341,367,369,379,393,404,417,441,446,452,463,473,484,511,504,513,521,528,535,547,557,552,556,561,562,585,570,570,573,574,579,586,600,590,595,600,607,626,618,624,630,636,641,649,668,658,661,663,667,679,672,668,664,665,661,659,672,650,645,640,636,640,636,626,620,619,615,615,626,610,606,605,602,602,613,596,590,589,586,582,590,579,568,564,559,555,565,543,539,533,526,521,517,526,503,499,494,488,499,477,470,464,456,449,445,451,428,420,411,402,410,389,376,369,357,349,339,345,320,310,302,292,294,283,269,263,259,256,252,262,247,241,240,239,238,244,233,234,232,230,230,242,231,226,225,223,226,239,223,225,222,221,222,227,228,220,221,221,220,236,220,219,217,218,218,218,231,215,215,213,215,230,214,213,213,212,211,210,223,209,208,206,207,221,208,204,203,200,200,200,217,200,200,199,198,206,203,195,194,195,194,194,208,195,193,191


184,190,185,183,194,183,185,187,192,186,188,194,184,189,185,185,197,187,187,189,192,190,189,201,189,191,194,189,200,191,192,191,194,191,192,200,191,190,200,198,212,214,219,234,250,265,277,304,310,325,345,352,371,387,391,404,416,436,440,460,464,474,489,494,505,521,519,527,536,547,548,554,566,558,568,565,567,580,572,574,578,586,585,590,605,599,608,609,616,635,629,632,640,649,650,656,670,662,664,669,667,675,666,661,661,662,655,651,657,641,636,635,627,631,625,615,616,613,613,610,616,604,602,605,595,595,598,587,584,579,584,572,573,569,559,559,547,543,547,531,524,520,521,510,506,506,492,491,482,474,478,463,455,450,448,437,430,430,412,406,397,386,388,366,358,350,343,332,319,320,300,291,288,277,279,266,258,255,256,250,247,252,240,240,241,234,239,238,229,229,230,234,227,237,229,224,229,225,224,234,223,223,224,226,222,224,225,221,224,218,219,229,219,217,219,223,217,216,225,213,219,215,214,222,214,212,210,214,210,208,217,207,206,208,205,214,203,203,200,207,200,199,210,200,197,203,196,206,199,196,195,196,195,192,202,194