
216,224,219,209,206,206,210,214,233,210,207,208,216,220,222,207,207,209,208,219,230,216,205,208,218,213,231,212,208,209,210,219,219,227,211,210,219,216,239,219,218,223,226,242,249,271,261,269,284,292,320,312,315,324,333,350,356,384,368,374,386,402,426,420,420,425,435,446,452,481,464,463,471,485,495,496,488,489,491,495,510,527,514,514,518,534,538,558,541,546,556,561,576,588,587,583,584,599,595,619,597,599,598,596,606,602,614,589,587,588,583,605,578,574,571,571,575,573,591,565,564,567,566,582,561,557,552,550,557,549,567,543,537,532,539,545,528,518,510,508,507,501,518,494,481,476,485,477,480,459,453,448,445,450,453,435,419,411,415,406,414,386,376,367,361,363,353,350,327,317,317,304,321,292,285,279,272,277,274,284,260,256,261,259,279,257,253,252,250,258,248,273,245,243,246,248,266,251,242,241,243,248,248,264,242,236,239,249,258,250,240,239,239,236,246,259,240,235,234,241,242,252,236,231,233,233,240,250,238,225,227,235,232,250,226,225,222,225,233,232,241,223,220,226,222,243,221,217,220,216,223,223,239,217,215,217


209,221,231,211,208,207,207,211,221,224,207,206,207,216,233,211,209,208,209,207,220,229,210,206,207,215,237,215,209,209,207,210,221,237,211,206,210,219,235,220,217,222,229,232,249,273,264,266,276,290,317,320,314,325,331,340,360,383,374,377,384,396,416,431,422,425,433,441,454,471,473,464,467,474,488,506,486,489,493,494,500,518,529,513,515,524,538,561,547,549,555,561,564,584,602,583,585,590,601,622,603,599,597,595,598,605,618,591,584,584,588,597,585,574,570,570,566,574,590,568,563,562,564,573,572,555,553,550,547,552,563,547,534,530,527,538,542,517,510,507,500,502,507,505,484,479,472,479,492,460,454,447,444,438,444,449,421,409,403,406,416,388,376,367,358,351,356,361,327,317,310,308,321,295,285,278,274,271,277,287,264,257,257,261,273,266,251,249,250,246,253,270,251,245,240,247,257,262,243,242,242,239,248,257,250,239,237,240,249,260,241,237,235,236,238,251,253,235,232,233,244,258,237,231,230,230,232,240,254,226,226,225,235,252,228,225,225,223,222,233,248,220,220,219,227,243,225,217,218,216,218,224,242,218,214,211


206,213,217,224,208,209,207,206,217,220,216,207,205,212,209,231,209,209,205,208,215,218,227,207,205,212,212,234,211,208,210,208,214,214,231,212,207,208,217,238,223,221,226,232,245,253,285,269,278,286,306,323,320,324,330,338,349,365,390,379,381,394,410,423,430,425,433,440,445,465,479,471,467,473,485,487,508,491,493,493,499,514,519,526,517,520,533,537,565,550,553,557,565,579,584,603,587,587,597,597,619,600,597,594,596,598,593,614,588,580,579,587,598,579,571,570,566,569,570,587,564,557,560,568,573,566,554,549,546,544,551,560,541,528,528,531,526,530,511,505,499,496,502,502,492,477,471,474,467,482,456,448,440,437,441,432,438,413,403,401,394,408,376,367,359,348,350,338,348,320,307,301,300,310,287,279,271,271,270,269,286,260,255,255,263,274,258,249,246,248,249,252,270,248,242,243,249,257,254,240,239,240,240,248,259,245,237,238,246,242,256,239,237,237,237,243,246,245,235,232,239,236,258,233,231,230,231,237,238,245,226,226,227,231,248,226,221,222,223,225,225,245,220,219,219,223,240,223,216,216,217,221,219,238,218,213


211,209,215,209,204,205,232,206,206,213,206,225,218,207,215,210,205,208,228,212,204,214,207,216,222,210,215,211,207,210,224,215,207,215,211,214,231,215,218,220,216,219,234,252,242,255,261,270,303,289,296,313,312,321,334,361,349,362,371,377,408,400,405,418,421,424,432,466,450,454,467,467,492,483,481,492,485,490,492,520,503,503,518,514,533,535,530,542,545,549,554,578,571,570,584,582,592,611,596,600,601,596,596,610,608,597,601,592,589,610,585,581,584,575,571,578,589,568,569,565,564,586,565,561,567,553,550,552,570,544,544,545,537,557,535,525,528,517,509,506,527,501,490,494,484,497,480,471,471,458,453,447,463,443,429,433,420,423,420,400,396,387,376,368,377,358,343,340,326,323,331,303,302,292,282,275,281,286,266,270,261,258,283,260,253,257,249,250,252,267,246,249,245,245,270,247,242,250,242,241,239,266,240,239,245,239,260,244,237,245,236,235,235,260,238,233,243,235,251,243,234,242,236,231,230,249,233,229,237,226,233,244,225,234,225,225,224,235,229,221,228,221,224,242,221,222,222,216,214,222,233,214,219,218,215,238


208,204,203,209,226,215,211,208,206,206,217,230,204,205,202,204,234,212,211,208,209,204,212,236,208,204,207,205,230,211,219,207,209,209,208,243,213,208,208,210,236,228,234,236,239,248,259,299,282,285,291,300,328,333,340,341,347,358,367,398,394,389,399,407,422,444,440,439,445,452,456,479,485,470,475,478,485,508,498,497,495,500,505,516,546,520,523,530,537,571,554,566,564,568,572,581,616,589,589,588,591,618,600,605,594,590,587,588,618,585,574,573,572,591,576,575,565,565,562,559,590,563,555,554,552,566,563,556,548,543,540,536,553,540,524,521,517,518,530,510,501,495,488,485,488,498,469,465,459,455,476,453,444,437,429,424,423,442,402,394,386,380,395,369,367,350,339,331,327,350,312,300,290,286,302,283,281,268,266,263,259,290,260,251,251,251,268,258,258,248,246,245,245,269,250,239,241,242,251,253,247,241,241,239,239,257,255,236,233,234,243,258,243,241,236,234,235,241,261,232,229,228,232,255,232,237,231,227,228,229,258,229,224,223,224,249,228,230,220,222,220,222,249,223,216,214,215,240,221,226,218,213,213,214,246,220


207,205,224,221,208,205,202,213,224,206,214,204,206,208,215,227,208,205,205,207,228,207,217,208,208,205,211,231,211,208,204,206,232,209,216,211,211,208,214,239,224,221,225,230,264,254,262,273,278,287,297,328,326,320,330,337,367,366,365,380,383,390,402,428,430,425,428,438,460,464,458,471,468,471,476,496,502,487,486,492,503,523,508,519,515,519,525,541,565,548,550,557,561,591,574,588,585,584,586,596,621,601,591,591,590,613,595,591,585,578,577,577,599,577,569,563,563,587,568,563,563,555,557,557,576,566,548,546,544,558,547,538,540,530,525,520,536,528,509,500,496,502,503,485,489,477,472,467,471,475,451,446,441,440,452,426,427,412,404,396,396,409,377,364,353,347,366,336,331,318,308,302,295,315,285,273,268,268,287,268,267,262,255,255,254,274,259,248,247,246,267,250,245,251,242,244,242,263,252,237,239,236,254,249,240,249,236,237,237,256,252,236,235,234,241,252,237,242,235,233,230,240,253,232,229,229,230,252,230,235,229,226,224,229,251,224,220,218,221,246,224,225,220,217,217,216,244,222,215,212,215,239,220,220,220,214


