
174,172,173,177,170,171,171,170,176,177,172,173,173,173,176,174,171,171,171,172,175,175,173,174,173,174,176,176,175,174,173,174,177,179,175,175,177,177,182,183,185,187,195,203,215,229,236,247,259,271,283,294,303,313,324,334,346,360,367,376,386,395,405,417,426,431,439,447,453,469,472,476,480,485,490,494,503,500,504,508,511,522,526,529,534,540,545,556,562,565,571,578,585,597,602,604,608,614,616,621,623,621,620,619,618,621,617,609,606,602,598,599,596,590,586,585,583,584,584,577,576,575,572,574,573,567,563,560,559,557,557,549,544,541,536,534,528,524,515,510,505,499,501,492,485,478,474,468,463,461,449,443,437,430,428,422,410,403,394,386,381,371,359,349,341,331,326,318,306,294,286,278,272,263,254,247,242,238,239,237,231,229,227,224,226,223,218,216,216,216,218,217,214,214,212,212,213,213,210,208,208,209,210,212,209,208,207,207,209,209,207,205,203,202,203,211,205,204,202,202,201,201,204,199,196,196,195,201,200,197,196,195,194,196,195,190,189,189,188,192,192,187,187,185,185,189,187,182,182,181,182,185,184,181,181,180


172,172,174,175,171,171,173,175,175,171,172,172,171,173,176,175,172,171,172,175,176,172,173,173,173,174,176,178,173,175,174,177,178,176,176,175,176,176,180,185,184,189,196,206,219,226,237,247,259,271,282,295,309,315,326,336,347,361,366,376,386,395,406,418,429,433,443,449,462,467,470,476,482,487,490,498,503,503,506,512,518,522,525,529,535,541,547,558,565,569,576,583,592,598,601,607,610,614,617,623,627,623,624,623,623,622,616,610,607,604,601,600,598,593,590,587,586,588,584,580,577,576,575,573,573,573,567,564,561,559,558,551,545,541,537,532,530,527,517,512,506,505,499,490,486,479,474,469,466,460,452,447,439,436,430,419,410,404,395,387,382,374,360,352,342,337,326,314,304,295,287,277,272,264,254,248,244,243,241,234,231,228,227,226,225,224,220,218,216,218,218,214,214,213,212,211,212,212,214,209,210,209,209,214,207,207,208,207,205,207,209,205,206,205,207,208,202,203,203,201,202,203,203,200,200,198,200,200,196,197,195,195,193,196,193,190,190,188,191,192,188,187,187,187,186,188,186,184,183,181,185,183,181,180,180,180


172,173,175,172,172,174,172,173,172,171,171,173,171,173,176,173,174,171,177,175,174,172,170,176,175,173,176,176,173,173,178,174,178,173,174,177,176,177,178,185,186,189,199,204,218,225,236,250,259,271,282,297,303,314,327,336,348,355,364,379,387,395,405,418,424,433,444,450,461,464,469,479,481,486,490,498,499,501,509,512,517,519,523,528,537,540,547,557,561,568,574,585,590,595,600,603,613,613,617,621,622,622,622,627,620,619,614,610,609,603,598,597,596,591,588,589,584,585,581,577,579,574,573,572,573,568,565,566,559,559,554,548,547,540,537,533,531,523,518,516,506,505,495,490,486,479,474,468,466,458,452,448,440,436,426,417,410,405,395,386,381,371,359,351,345,335,325,314,302,299,285,278,272,263,256,247,247,241,238,232,230,231,226,225,223,226,218,219,222,216,217,215,213,215,213,212,212,216,210,209,212,210,212,208,208,210,207,206,208,210,206,206,207,204,206,202,203,205,203,203,201,204,202,200,201,199,201,197,196,196,196,195,193,197,193,191,191,191,191,187,187,185,190,185,187,189,183,183,182,187,184,184,181,180,183,179


171,172,171,172,175,176,171,171,173,174,176,172,173,172,171,172,174,177,171,172,173,173,179,173,173,175,174,174,173,182,175,174,174,174,181,175,175,177,177,180,183,196,197,205,214,225,241,249,260,270,281,293,305,321,325,335,346,356,372,379,387,395,407,415,425,439,444,450,458,466,474,481,482,488,492,495,498,507,511,510,515,519,527,535,536,542,548,554,561,571,579,583,588,597,602,612,612,615,618,621,621,622,633,622,620,619,616,620,608,605,601,597,595,591,597,588,586,585,582,588,579,576,573,573,571,569,574,564,562,559,556,557,548,543,536,533,528,524,525,513,508,502,498,495,490,481,474,469,462,458,455,449,440,434,427,422,416,405,396,387,379,369,364,356,343,334,324,316,310,295,286,278,269,262,254,257,244,241,237,230,239,228,228,224,223,221,219,226,218,216,215,214,220,213,212,212,211,211,209,216,211,208,208,208,212,209,207,206,206,205,205,209,206,205,204,205,206,206,203,202,201,201,201,202,204,198,198,197,200,200,195,194,192,192,191,194,195,189,188,188,190,192,188,187,185,183,185,183,190,182,181,181,181,187,182,179


173,171,172,171,178,172,171,171,170,178,171,172,172,171,170,172,178,172,171,172,172,179,173,174,173,173,173,174,179,176,174,175,175,180,176,176,176,176,178,179,190,190,196,205,214,230,236,247,258,270,281,294,309,314,326,335,345,362,368,377,386,395,406,414,429,436,441,450,457,470,474,478,482,486,491,494,499,509,507,512,514,518,532,530,536,541,547,555,560,576,577,583,588,595,608,607,610,614,618,620,621,629,624,623,622,619,622,613,609,604,601,597,595,599,590,588,585,583,590,581,579,575,574,573,571,576,566,562,561,557,560,552,546,541,537,532,528,530,519,512,508,501,500,495,486,480,475,469,464,458,457,445,440,433,425,428,411,404,395,388,378,370,369,352,343,334,323,321,305,297,286,278,269,263,261,250,245,240,237,240,231,228,226,225,223,222,226,217,218,216,216,220,213,214,213,211,211,210,215,211,210,209,209,215,210,208,208,208,207,206,211,205,203,205,203,207,207,203,202,201,202,201,201,203,199,199,198,197,204,196,195,195,193,192,190,199,191,188,188,187,195,188,185,187,184,185,184,190,184,183,181,182,188,182,180,180


172,173,171,180,171,171,171,170,179,173,171,171,173,172,172,177,172,171,171,173,178,174,173,173,173,173,172,180,175,174,174,174,181,174,176,175,175,175,178,185,184,190,196,205,220,226,237,248,258,269,281,297,305,314,326,336,347,360,366,377,385,397,406,416,430,434,443,450,458,473,472,477,481,487,491,495,507,502,507,510,514,528,524,530,535,541,548,554,568,569,576,584,589,603,601,606,611,614,617,621,630,624,624,622,621,624,616,611,609,604,600,598,602,591,591,588,585,589,584,581,577,575,573,572,576,571,566,564,560,560,559,550,546,541,537,533,530,528,519,514,507,501,505,491,484,480,474,469,462,466,452,447,440,433,435,419,411,403,395,385,378,377,360,352,343,334,331,316,305,295,286,277,269,268,256,250,244,241,243,235,232,228,226,225,223,226,220,218,217,215,221,216,214,213,212,210,211,215,211,209,209,208,212,212,208,208,207,207,206,207,209,205,206,204,206,209,203,202,203,200,202,199,208,200,199,198,196,204,196,195,196,194,192,192,198,192,190,190,188,194,189,188,186,186,186,184,189,184,182,182,183,187,182,180,181,179