

172,171,172,170,170,169,178,171,171,171,171,176,172,170,171,171,171,172,176,171,172,172,173,179,174,175,175,174,174,175,179,175,175,175,176,181,177,178,179,182,185,192,204,208,218,229,241,257,267,276,288,299,309,320,334,342,350,360,370,378,395,398,409,418,426,434,441,455,457,464,469,474,487,484,488,491,494,497,500,513,508,511,516,521,533,532,538,542,549,555,563,575,575,580,587,590,600,599,601,604,603,605,606,610,603,600,598,595,597,589,584,580,577,574,573,575,568,568,566,564,566,562,557,555,553,551,549,552,546,541,538,535,529,535,522,517,513,507,504,495,500,489,483,479,472,473,463,457,451,445,440,433,436,422,417,411,404,402,388,380,372,364,355,348,345,331,321,312,303,299,287,277,269,261,256,251,250,241,237,233,232,234,229,225,223,222,219,217,223,216,216,214,213,216,215,211,211,210,210,209,212,211,209,209,208,205,213,208,207,206,205,204,203,211,203,203,203,202,207,201,200,200,200,198,198,204,197,195,195,194,199,194,192,192,190,190,190,193,187,187,186,186,190,184,185,183,183,182,182,187,181,181,180,180,184,181


173,171,171,171,171,173,172,174,171,170,174,171,173,171,172,172,172,175,172,174,172,172,175,173,175,174,174,175,174,178,175,176,176,175,177,175,174,182,179,182,187,194,200,206,222,229,241,256,263,280,289,298,308,320,333,339,354,360,369,381,388,400,408,417,425,433,446,449,460,464,468,478,479,486,486,489,493,496,504,503,509,512,516,523,525,532,536,542,548,555,565,567,575,581,584,591,593,599,601,602,603,605,606,604,604,602,596,594,591,584,586,579,576,574,574,571,566,570,564,561,564,558,560,556,553,550,549,550,542,544,538,533,532,526,524,517,513,508,502,500,492,490,482,477,476,467,465,456,451,446,440,437,429,426,416,410,406,396,389,380,373,364,356,349,339,332,322,313,305,296,283,279,269,261,255,253,245,240,239,234,232,230,225,229,223,221,221,219,219,214,221,216,214,215,213,214,212,212,209,209,213,209,210,208,206,209,207,208,206,207,206,206,208,204,205,203,201,204,202,203,200,199,199,199,201,197,198,196,194,196,194,194,194,190,190,189,193,189,189,187,187,187,186,182,188,184,183,184,184,183,181,182,180,180,181,176


172,171,170,172,170,170,178,172,170,170,171,175,173,172,170,170,170,171,176,173,172,172,172,175,177,174,174,173,174,174,176,178,174,174,175,178,181,178,180,181,187,191,200,211,219,230,242,256,271,277,288,299,310,320,331,344,350,360,370,378,398,399,407,417,425,434,440,457,457,464,469,475,487,484,488,490,493,497,500,511,509,512,517,522,529,533,537,542,549,555,561,573,577,581,585,591,598,602,602,602,604,604,605,608,607,601,599,595,593,592,584,580,578,574,573,573,572,566,565,564,562,565,558,555,553,551,549,548,548,542,538,534,528,535,523,517,512,508,502,495,502,489,483,478,472,474,463,456,451,446,439,435,435,424,416,410,404,400,392,382,373,365,356,348,340,333,322,312,303,298,290,277,270,262,256,250,246,244,237,234,231,230,231,225,223,222,220,218,219,220,217,213,213,213,217,213,212,211,210,210,209,213,208,208,207,205,214,207,206,207,205,205,201,211,203,203,202,202,206,202,202,200,199,199,198,203,196,195,195,193,196,196,193,192,191,189,188,189,190,186,185,186,187,187,184,185,184,183,181,183,184,180,180,179,181,183


173,170,170,172,170,174,172,174,171,170,173,171,171,172,171,171,173,174,173,173,173,171,174,172,171,178,174,174,176,178,176,173,179,175,176,176,175,180,180,181,186,194,200,206,223,229,241,255,264,277,288,298,308,319,333,340,352,359,370,382,389,401,408,416,425,434,446,450,459,463,468,477,480,485,488,490,493,496,503,504,509,511,515,523,524,530,536,542,547,554,563,568,576,581,584,592,594,595,604,602,602,604,606,603,600,605,598,594,591,586,586,580,577,574,573,571,566,570,565,562,564,559,559,556,552,551,549,549,544,543,537,532,533,525,523,516,512,506,503,500,493,490,483,477,475,466,463,457,449,446,440,438,429,425,416,410,405,396,386,383,373,364,356,350,339,331,323,311,307,295,282,282,269,261,255,252,245,239,242,234,231,232,227,227,224,220,221,219,220,217,218,214,213,216,213,214,211,210,210,210,212,208,210,207,207,209,206,208,205,205,205,205,208,204,204,203,201,205,202,201,199,200,199,198,200,198,197,196,194,197,194,190,194,192,190,191,192,189,187,189,187,188,186,183,188,183,184,182,185,183,179,185,180,179,182,178


174,172,170,171,172,172,172,172,172,169,175,171,175,172,171,170,168,175,172,174,171,172,176,173,177,175,174,174,173,177,175,177,175,175,179,177,179,179,179,181,187,192,199,212,219,229,243,254,269,277,288,299,309,321,330,343,351,361,374,381,392,400,410,417,427,435,443,452,457,465,469,479,482,488,488,490,494,498,502,507,509,513,516,526,526,535,537,543,549,555,566,569,578,582,586,594,595,602,602,604,605,606,608,605,607,601,598,598,592,591,584,580,576,575,575,571,572,568,565,567,562,563,558,557,554,551,552,547,549,542,539,537,532,530,523,518,514,508,505,499,495,489,484,477,477,467,466,458,452,445,440,438,430,426,418,410,407,397,393,381,373,365,355,351,339,333,321,314,307,296,290,277,269,261,254,251,245,245,238,235,233,228,231,225,223,222,220,219,218,219,215,215,216,214,216,212,211,211,209,210,209,211,209,208,209,210,210,209,206,206,205,205,205,207,205,204,201,207,202,205,200,200,199,195,201,197,199,194,195,199,195,198,193,193,190,188,191,187,190,187,187,188,186,188,184,184,183,181,184,181,183,180,180,183,180,182


171,173,171,172,175,171,171,171,173,173,170,170,170,171,172,171,174,173,171,173,174,176,172,173,172,171,177,174,178,176,176,176,172,182,175,174,175,176,180,182,189,193,200,208,216,236,242,251,263,275,289,298,312,320,330,339,350,360,371,377,387,398,408,416,424,435,441,448,455,466,470,473,477,482,488,489,493,500,500,502,507,512,517,518,523,529,535,542,548,557,560,565,573,580,587,588,591,594,596,604,602,606,603,602,600,596,603,592,588,583,580,581,575,575,570,567,567,565,567,561,558,558,556,557,552,552,549,544,541,539,538,535,526,523,520,518,511,507,505,496,492,487,485,479,470,465,460,456,450,444,443,433,427,422,418,412,401,395,386,376,374,363,359,347,339,330,320,318,302,293,284,274,272,261,258,251,245,241,235,240,232,229,225,224,223,221,224,219,219,217,216,217,215,213,212,211,212,211,211,211,210,208,208,209,211,207,205,206,207,205,205,207,206,204,203,204,206,201,201,200,201,200,199,203,199,198,196,197,198,194,192,192,190,197,191,193,190,188,187,184,194,186,184,183,183,187,182,185,182,182,180,178,185,180,178,177