
171,170,171,174,172,170,172,171,173,170,170,172,172,170,172,175,172,173,174,172,173,174,174,175,175,175,176,178,177,176,177,176,175,180,176,177,180,180,182,187,193,197,204,222,229,245,257,268,288,297,311,325,339,348,359,374,381,396,405,415,427,437,448,459,472,476,486,496,501,512,515,521,529,531,534,538,545,545,548,554,557,562,564,568,577,580,587,593,603,607,614,624,628,636,639,645,651,653,656,657,662,661,660,660,657,654,653,646,642,640,634,629,628,626,621,617,621,615,615,610,605,610,604,602,599,599,595,589,591,584,583,576,570,568,561,556,551,550,539,534,531,522,520,512,504,502,493,487,482,479,469,463,458,449,445,436,427,420,410,401,393,385,374,364,356,344,336,326,315,305,295,285,277,272,263,255,251,247,242,240,236,231,231,228,227,225,226,222,219,224,219,219,217,213,219,214,214,214,217,213,211,215,210,213,211,208,211,208,208,209,210,207,206,207,205,207,204,204,204,203,203,202,204,201,199,200,197,200,197,196,196,195,194,194,195,191,191,191,189,189,189,186,187,186,184,185,186,185,182,183,181,180,182,179,178,180


170,171,169,172,170,172,171,171,172,172,173,171,171,170,171,173,172,174,173,172,173,176,176,177,175,175,175,173,178,176,180,177,175,180,177,179,178,178,181,183,194,198,210,217,230,245,258,275,285,298,311,325,337,349,363,371,383,397,406,421,429,438,448,458,471,478,490,496,505,514,517,527,529,532,536,540,545,548,552,555,559,564,567,573,578,583,588,594,604,610,618,624,629,638,643,648,654,655,657,659,659,666,662,663,660,655,657,649,647,641,635,632,627,630,624,624,618,617,617,613,613,608,606,603,600,600,597,596,590,587,586,579,576,569,563,558,552,550,542,539,530,525,521,514,510,502,494,488,482,479,470,467,457,451,445,438,431,422,412,403,393,384,375,366,356,346,337,328,316,309,296,287,277,267,265,256,253,245,239,243,236,237,230,228,226,222,227,221,224,220,218,220,218,219,217,214,214,213,213,212,215,211,210,211,211,213,209,209,208,206,208,207,210,206,207,208,205,207,204,203,202,201,202,200,203,199,198,199,197,199,197,194,194,192,193,192,192,191,188,190,190,188,189,185,184,184,181,185,182,184,182,178,184,180,182,181


171,171,174,173,170,173,171,171,173,171,173,171,171,172,172,174,172,173,173,171,176,172,175,175,175,174,176,180,177,179,175,176,179,177,178,177,177,178,183,188,190,199,208,217,232,243,258,272,285,298,313,328,336,348,361,370,385,394,402,419,427,436,448,460,468,474,491,494,504,509,514,523,526,530,534,540,543,544,552,552,556,562,565,571,575,581,587,593,605,608,617,621,628,637,638,648,648,653,656,658,661,661,663,659,656,656,651,648,642,637,634,631,630,623,624,618,616,618,612,611,608,605,604,601,602,598,595,592,587,587,580,573,575,565,561,557,554,547,539,540,530,525,519,509,508,499,493,487,484,476,468,467,457,451,445,434,429,419,410,401,393,387,373,366,354,344,338,325,317,304,294,286,276,272,262,257,249,245,244,239,237,233,231,228,227,229,225,223,221,220,221,217,217,217,214,214,214,216,213,213,213,210,214,211,207,214,209,209,209,212,207,205,211,207,208,205,203,207,203,203,202,204,202,199,201,199,200,198,197,197,195,194,194,193,195,191,191,189,188,190,187,188,185,185,185,185,188,184,184,181,181,183,180,181,178,179


169,170,170,173,173,171,173,171,172,173,171,171,169,170,171,172,177,173,173,174,173,176,174,176,173,175,175,174,182,177,178,177,177,179,176,181,176,179,180,183,194,201,207,220,231,244,261,273,285,298,312,324,339,353,362,374,385,396,410,419,429,440,450,460,473,484,490,497,506,513,522,526,531,534,538,541,547,551,553,557,560,564,571,575,579,584,591,597,607,616,620,626,631,639,646,651,656,657,659,661,661,671,665,662,661,657,655,650,651,642,638,635,631,632,628,623,620,619,616,617,615,609,607,606,603,604,602,596,591,588,584,584,576,571,564,560,555,552,548,538,532,526,521,517,511,502,495,489,484,480,477,467,460,453,447,440,430,421,411,403,395,386,380,367,356,347,337,328,316,307,295,285,278,268,270,257,251,246,243,241,236,236,230,228,225,224,228,226,221,221,220,219,219,217,215,214,213,214,214,217,213,213,212,212,214,211,209,209,207,208,209,211,208,206,206,206,209,206,204,202,203,201,204,204,202,200,198,199,201,198,197,193,192,192,193,196,191,190,189,189,190,186,187,185,184,183,183,190,183,184,181,182,182,178,184,178


172,171,171,172,171,170,170,169,169,173,174,171,171,172,172,174,172,171,172,172,172,176,177,173,175,176,177,180,178,176,175,176,175,177,180,177,178,180,181,188,190,198,205,217,229,240,264,271,285,299,311,327,333,352,358,370,381,391,411,416,427,436,446,460,466,479,485,492,500,507,519,520,525,529,533,539,542,544,545,549,553,558,566,571,573,579,585,592,603,609,612,618,625,632,640,647,647,651,654,656,659,660,657,656,653,651,650,649,640,637,632,629,629,623,619,615,613,612,609,616,606,604,603,600,601,593,596,588,586,581,578,581,571,566,560,555,552,543,543,532,526,521,515,514,505,499,493,486,481,475,470,462,454,447,441,436,431,418,410,402,391,385,375,362,353,343,334,325,318,304,295,285,277,272,263,256,250,244,240,239,240,234,231,229,226,227,224,220,221,218,218,214,224,215,216,215,215,216,210,214,211,209,209,209,216,210,209,210,208,210,205,210,206,205,205,205,209,206,203,204,203,203,203,200,199,198,198,196,199,199,196,195,194,192,195,193,190,189,187,187,188,190,187,186,186,185,186,185,181,181,180,180,181,183,180,180


171,169,171,176,171,171,171,173,173,172,172,170,169,170,168,180,172,172,173,173,173,173,177,174,174,174,173,179,179,176,178,177,177,178,179,176,177,178,181,187,195,198,209,219,230,247,259,271,286,299,312,328,342,350,362,373,384,399,408,418,429,440,451,462,474,481,489,498,505,515,520,526,529,533,537,543,550,549,552,557,559,566,570,574,578,583,591,595,611,611,620,627,633,640,644,653,653,657,659,661,670,665,664,663,660,658,657,656,646,641,638,634,635,631,626,624,620,619,618,617,612,611,608,605,607,605,598,596,592,588,586,582,575,570,564,560,557,553,544,538,533,527,523,517,509,502,496,489,485,482,474,467,459,453,448,438,429,421,413,403,392,391,376,367,356,346,337,326,318,306,295,286,275,276,264,257,251,248,243,240,240,232,230,229,227,227,227,223,222,220,219,221,219,216,215,213,213,215,217,214,214,213,211,214,212,210,210,208,208,210,212,209,208,206,206,208,205,204,202,202,202,202,207,201,201,200,199,200,200,196,195,194,193,192,198,192,192,192,189,189,187,190,184,184,184,181,190,185,184,183,182,181,182,183,178,179


171,171,171,174,169,170,168,170,173,174,172,172,171,172,173,173,171,171,171,171,174,177,174,175,175,174,179,178,175,176,175,176,179,180,176,178,178,181,185,187,190,196,206,216,231,246,258,271,285,298,314,325,335,347,357,370,381,399,405,416,426,436,448,458,468,475,484,492,498,514,515,520,526,529,534,537,545,542,547,550,554,560,566,569,573,579,585,595,601,605,612,618,626,636,641,643,647,651,654,658,660,657,656,656,654,656,652,646,642,637,633,632,628,621,619,617,614,615,614,609,607,605,602,602,600,595,592,588,585,582,583,576,570,567,560,557,552,544,539,532,527,520,523,512,505,498,493,487,481,479,467,461,454,449,444,438,427,418,409,400,394,386,372,362,354,343,336,328,315,305,296,286,279,270,261,255,249,245,242,241,236,233,230,228,229,225,222,221,219,218,219,221,217,217,216,215,217,215,211,212,211,210,211,215,210,209,209,209,211,209,208,206,205,205,203,211,206,204,204,203,201,201,205,200,198,197,196,202,200,196,197,194,194,194,194,190,188,188,188,189,192,187,187,187,186,187,185,183,181,182,182,181,184,180,180,181