173,175,174,171,175,171,175,173,173,171,172,174,172,172,178,172,175,171,176,173,174,173,174,177,177,176,181,178,179,177,181,180,177,177,177,178,183,180,186,186,193,198,207,221,229,241,255,270,287,298,314,322,337,350,358,373,382,395,405,415,430,439,453,460,469,481,486,499,503,510,516,523,529,532,538,541,543,549,549,557,556,561,565,569,577,581,586,599,599,609,611,623,625,631,635,643,648,651,652,657,655,657,656,657,653,649,645,640,637,636,629,628,621,622,616,614,615,608,604,603,601,602,596,599,593,592,588,583,585,576,572,569,564,563,556,552,543,540,536,527,525,516,511,503,499,496,487,484,479,470,466,457,455,444,436,431,422,418,408,397,394,379,374,361,356,344,333,323,314,306,295,284,280,270,264,257,252,249,242,238,235,234,235,229,230,226,225,224,220,224,219,217,216,218,218,214,218,214,216,215,211,214,210,210,211,210,212,210,212,210,207,210,206,210,206,206,204,205,206,202,205,203,201,203,200,203,198,198,197,196,198,194,193,197,191,194,190,193,190,189,188,187,189,188,185,188,185,186,183,184,185,182,180,180,180,182


171,175,170,171,174,176,173,172,172,171,171,174,172,174,171,172,176,174,176,173,174,175,175,175,181,178,175,176,180,177,180,178,177,178,177,178,181,182,182,184,193,200,210,217,229,242,256,270,287,300,311,324,335,352,363,371,382,394,405,417,432,440,452,459,469,482,492,495,503,510,517,522,531,533,538,540,543,552,553,553,558,560,566,569,579,584,592,593,601,612,616,624,627,632,639,644,648,657,656,654,657,661,658,657,652,649,646,642,638,638,633,626,623,622,619,617,611,608,607,603,602,603,601,597,593,592,592,588,581,578,575,569,566,565,558,553,545,540,538,532,523,517,512,507,499,497,488,486,477,470,470,461,453,446,439,431,423,418,408,401,389,379,375,365,356,343,332,325,314,303,300,288,276,270,265,257,255,247,241,239,235,231,235,232,227,225,226,225,224,220,219,217,218,216,217,218,216,213,212,218,216,211,211,211,210,210,211,210,210,209,207,210,210,206,205,204,204,205,207,202,206,202,202,202,202,200,199,197,198,195,197,197,196,193,191,195,193,193,190,189,187,186,183,192,188,185,185,186,185,186,182,182,182,180,179,184


171,171,172,173,176,172,171,172,172,173,171,178,172,171,172,176,177,174,173,173,173,175,174,180,179,175,176,178,185,177,176,176,177,177,179,182,183,179,181,186,198,200,205,216,230,241,257,272,288,298,311,322,340,353,360,371,383,394,406,420,430,438,450,459,472,481,488,495,503,510,517,524,535,532,535,539,546,549,550,553,556,559,564,569,582,581,586,592,602,612,613,620,625,631,637,641,653,655,651,653,658,662,655,653,652,648,645,641,638,637,628,625,621,624,616,613,609,607,605,604,605,604,596,596,593,595,592,582,579,577,574,568,567,564,555,549,544,542,538,527,522,517,511,504,502,500,487,481,476,473,468,459,452,445,437,429,422,422,408,397,389,384,377,362,352,343,333,324,314,309,301,286,276,271,269,256,250,246,241,238,236,236,235,229,228,226,229,224,221,219,218,217,216,219,220,214,214,214,217,219,212,210,212,211,210,214,213,210,208,209,209,210,206,205,206,206,205,206,208,203,202,200,204,205,201,199,199,198,197,196,203,195,193,192,195,196,191,189,188,188,189,187,190,192,185,185,186,189,184,182,183,181,180,181,182,183


171,171,174,179,173,171,171,172,172,172,175,175,171,172,170,180,174,172,173,172,173,175,178,178,176,175,176,183,179,176,178,177,178,176,180,181,179,179,183,188,195,197,205,216,229,243,257,278,284,298,311,327,339,348,359,370,382,393,403,425,428,438,448,463,473,478,488,495,502,509,516,528,528,532,536,541,551,546,548,551,555,561,564,574,578,581,587,592,607,607,612,621,626,631,637,647,649,649,653,655,663,659,655,654,651,649,644,645,642,634,629,626,626,623,615,613,610,607,606,607,609,599,598,594,598,594,588,584,582,578,574,567,572,561,555,551,550,545,534,528,523,516,512,505,506,496,487,482,479,479,465,458,452,446,437,431,426,418,406,398,389,387,373,361,351,342,332,323,316,307,295,286,276,274,266,255,250,245,243,239,238,237,231,229,228,228,227,223,220,221,220,218,217,223,215,214,213,217,217,213,211,213,211,210,209,216,209,209,209,211,213,208,207,206,205,206,204,209,206,202,202,203,209,202,199,198,197,197,198,200,198,195,194,191,200,192,190,189,188,190,187,190,190,185,185,184,189,187,183,184,181,181,182,184,184,179


173,172,176,172,175,173,172,172,173,174,171,176,172,173,175,172,176,173,173,173,175,178,175,178,176,176,179,176,181,178,177,177,178,178,181,178,184,180,186,187,193,198,206,218,228,242,260,269,288,298,313,325,337,348,359,371,382,394,408,416,430,436,449,461,469,483,486,495,501,509,518,522,530,530,534,540,540,549,547,552,555,559,567,569,578,579,587,596,599,610,612,619,625,629,637,642,649,650,652,656,654,659,655,653,651,647,644,644,637,639,629,628,621,622,614,612,610,606,604,607,600,603,597,596,594,593,588,582,579,575,573,572,563,563,554,548,548,540,536,528,521,516,511,507,500,498,487,482,479,468,466,458,450,443,437,433,423,418,406,398,392,379,374,362,351,343,333,325,314,307,296,286,280,269,266,256,249,246,242,240,239,233,237,229,229,226,227,222,221,219,218,218,220,216,220,216,218,216,216,216,212,212,210,210,212,210,212,210,208,212,207,212,208,206,206,204,208,205,205,204,201,205,201,204,200,200,197,198,200,197,198,194,192,196,193,195,190,189,188,188,190,188,189,188,185,188,185,187,184,183,181,181,181,184,180,186