169,172,170,170,170,173,169,169,171,176,170,170,168,172,173,170,171,175,172,172,172,177,175,172,174,175,177,174,175,178,176,176,175,180,181,175,176,175,182,183,187,197,203,213,225,238,256,261,276,287,302,312,323,337,350,357,367,377,395,399,409,419,432,439,447,456,468,473,480,487,497,497,502,505,512,512,516,518,524,526,528,533,542,540,544,549,558,565,569,574,583,587,593,599,608,609,610,615,618,624,620,621,623,618,615,614,615,613,601,596,592,593,587,584,584,579,576,574,575,577,567,565,561,563,558,556,556,553,547,543,538,543,531,527,524,521,514,509,503,501,494,487,482,483,471,464,460,456,450,443,439,436,426,420,413,412,399,392,383,377,370,360,352,345,334,325,315,311,299,288,279,271,267,256,250,247,240,235,233,235,230,224,221,219,220,216,216,217,214,212,211,212,218,209,207,206,209,206,206,209,209,206,205,202,209,202,203,203,205,202,202,204,206,200,200,198,205,199,198,198,200,197,196,196,197,195,193,194,198,191,191,189,192,192,188,188,188,187,185,185,189,185,183,181,184,186,181,180,182,180,179,179,182,182,177,176


172,173,171,171,167,173,170,170,173,174,171,170,172,174,169,171,170,173,172,172,173,177,174,174,175,177,174,175,175,178,176,174,175,181,179,176,176,181,181,182,187,197,203,213,225,240,255,263,276,292,302,313,324,338,350,358,370,381,393,402,412,425,432,441,450,461,471,474,482,490,498,500,505,511,516,515,518,520,527,526,531,538,543,543,550,556,563,566,570,577,586,591,596,603,612,612,615,620,624,623,623,623,626,622,619,617,619,611,606,600,599,593,589,585,587,581,578,578,580,577,569,568,570,565,562,560,559,556,550,545,547,543,536,530,529,523,516,510,508,505,494,490,486,483,475,468,465,460,453,445,437,438,429,421,418,413,401,393,387,381,370,361,351,345,334,326,318,313,299,290,281,274,265,257,250,246,239,235,233,234,228,225,224,223,220,218,216,217,214,211,211,215,213,210,209,210,208,207,205,209,208,206,204,206,207,205,203,207,204,203,202,203,205,200,200,200,201,200,198,201,201,198,196,194,198,195,194,196,195,193,191,192,192,190,188,186,189,186,185,187,189,184,184,184,185,182,181,180,183,180,179,180,183,178,178,177


170,170,173,169,172,170,172,172,173,172,171,171,171,171,173,172,173,173,173,176,175,175,173,174,174,173,177,177,178,177,176,179,178,179,175,176,175,177,180,186,190,197,200,215,225,240,249,262,276,288,298,316,326,338,346,361,370,383,390,401,411,421,430,443,449,461,467,478,481,491,494,500,505,507,511,518,518,523,524,529,532,537,540,542,548,553,559,568,570,579,584,591,599,603,610,609,614,617,620,623,625,626,623,621,621,618,616,608,604,599,595,594,593,589,585,579,580,577,577,571,570,567,565,561,565,561,559,552,552,545,546,538,534,529,525,520,518,511,508,501,497,490,487,480,474,468,463,458,453,446,443,434,431,423,418,409,400,394,385,377,370,361,356,343,336,330,319,310,298,290,279,272,265,259,254,246,240,239,235,232,228,224,222,221,222,221,218,218,211,214,212,213,211,210,209,208,205,209,208,209,205,206,205,208,205,203,204,204,202,203,202,204,202,202,202,203,201,199,200,199,198,198,197,198,195,196,196,196,193,192,193,192,190,192,189,190,186,188,190,188,188,184,184,182,183,183,183,184,181,182,182,181,181,178,177,178


171,174,174,170,171,173,173,169,169,172,174,170,171,173,177,171,171,172,176,173,173,174,176,174,175,174,179,175,176,176,180,176,176,174,178,176,176,177,185,184,188,195,206,214,224,236,252,262,276,290,307,315,325,336,352,359,369,380,393,401,412,421,437,443,451,458,470,477,482,489,496,501,504,508,518,520,520,521,527,530,531,534,541,548,547,553,560,571,571,577,584,593,595,602,606,614,614,618,620,629,624,624,623,625,619,616,611,612,605,601,597,600,589,587,583,584,579,577,575,575,570,568,567,571,563,560,557,556,552,546,542,542,534,530,526,528,519,512,507,504,497,489,485,481,474,469,463,463,456,447,440,437,431,423,416,411,406,393,386,380,374,362,352,343,338,326,317,309,302,289,279,272,270,256,250,246,243,237,232,227,229,224,223,221,225,217,216,215,217,213,213,210,212,209,208,208,213,208,207,208,209,206,205,204,207,203,204,202,207,206,202,202,204,203,201,199,201,200,199,197,202,201,198,196,199,199,193,194,194,195,191,191,193,194,190,188,188,190,187,186,186,189,183,183,183,186,181,181,181,182,180,179,178,180,178,178


170,173,170,173,171,169,170,170,173,173,171,170,170,174,171,173,176,172,170,171,174,176,174,174,174,177,175,175,177,175,176,175,179,179,177,175,176,180,182,182,189,194,204,213,228,240,250,264,276,292,305,314,327,336,347,359,373,384,392,401,412,425,435,441,452,460,466,475,486,496,498,499,505,510,515,516,521,523,524,527,531,539,542,543,550,554,563,566,574,582,584,590,594,607,610,611,614,618,625,623,625,627,624,622,621,621,617,609,605,601,600,595,590,589,584,580,579,580,580,573,571,568,569,568,562,564,556,554,551,551,548,543,535,530,528,525,517,514,507,501,495,493,492,483,474,470,465,460,453,449,442,435,428,423,420,412,401,394,387,382,370,364,358,344,335,324,319,312,299,290,282,276,264,258,254,244,240,237,236,233,227,225,223,224,221,217,218,213,213,212,215,214,211,211,209,212,211,206,208,206,205,204,208,208,206,205,203,205,206,203,205,201,202,201,203,206,203,201,200,199,202,198,200,197,195,195,195,198,196,193,192,191,193,189,191,193,186,185,183,189,188,185,184,183,185,182,181,185,180,180,180,181,182,178,177,177