177,174,179,177,179,174,175,175,178,174,176,178,176,176,179,179,179,176,175,177,181,177,178,182,179,180,181,182,183,186,178,180,186,182,181,184,182,182,184,192,198,205,209,217,234,246,256,276,288,299,312,329,342,354,361,370,389,400,405,420,432,439,449,462,467,481,486,493,505,514,515,523,529,529,533,541,543,549,546,548,556,562,561,568,577,577,584,593,601,608,610,616,621,632,634,638,646,647,648,652,655,657,658,649,649,650,643,637,637,629,624,621,621,619,616,607,605,610,605,599,601,598,594,591,594,591,589,579,578,578,576,567,565,560,550,546,544,536,536,525,518,518,512,502,500,493,485,479,476,468,465,456,449,443,438,429,422,416,403,394,389,380,371,360,347,336,333,319,310,305,291,281,278,269,263,259,248,245,245,238,236,236,231,229,229,230,229,228,220,219,224,220,218,221,218,215,215,218,218,219,214,211,216,219,211,214,214,209,211,215,209,213,208,207,212,211,208,209,209,205,204,207,205,207,201,201,203,205,199,202,201,197,196,200,197,200,194,191,191,194,190,190,192,189,188,189,191,192,191,184,184,188,185,184,187,183


174,173,178,178,175,175,175,178,175,175,179,181,175,176,180,179,181,175,176,180,178,176,180,181,177,178,183,184,184,181,180,183,184,179,182,184,180,182,187,194,197,198,207,221,232,243,253,274,283,296,313,327,338,346,357,371,384,391,402,418,425,434,446,459,467,472,481,490,499,503,510,520,520,524,526,536,539,540,541,544,552,551,554,565,572,570,577,588,595,599,603,608,618,623,627,637,640,637,640,649,650,648,643,642,643,640,634,635,631,622,618,618,617,612,605,601,604,601,594,592,597,588,587,588,589,584,578,575,573,572,563,559,561,551,546,542,542,535,525,519,514,512,503,496,495,486,479,473,475,466,459,452,445,441,432,424,420,412,398,391,388,378,369,354,345,341,329,317,312,304,290,278,278,271,263,251,246,246,242,236,237,236,229,227,231,233,226,222,220,223,223,217,217,220,215,215,217,219,218,214,213,215,216,211,210,214,210,209,211,214,212,210,208,208,210,207,206,210,205,203,202,208,206,204,201,201,204,201,199,201,202,197,195,200,197,198,192,192,195,191,191,193,194,187,186,192,191,191,187,184,189,186,184,187,187,181


176,178,176,173,174,174,180,179,173,179,185,180,176,179,178,175,174,176,177,182,177,180,186,182,178,182,181,178,180,179,180,183,179,180,186,185,181,185,187,188,192,200,209,222,231,243,261,277,286,299,316,324,335,348,360,375,386,394,409,423,427,437,452,457,466,474,485,497,507,508,516,529,526,528,536,534,539,540,543,552,557,556,564,575,573,575,585,591,594,600,606,616,626,627,633,646,647,645,650,651,650,649,649,646,652,642,638,642,638,627,626,621,615,610,608,606,609,602,600,602,602,593,592,592,586,583,581,579,581,574,568,567,565,555,551,549,539,535,529,524,522,518,507,503,504,492,484,482,474,465,461,452,451,446,434,429,427,414,403,396,386,375,366,358,350,343,327,321,318,305,291,286,278,264,259,254,245,248,240,237,241,236,232,230,230,225,222,221,221,224,219,219,223,223,216,215,219,214,213,213,214,217,217,212,215,217,210,209,214,211,210,209,208,212,214,206,210,215,208,204,208,205,202,202,202,206,204,200,204,207,200,196,200,198,195,194,193,195,195,190,192,198,195,188,192,192,187,185,185,184,188,184,183,191,189,182


173,179,175,174,175,175,178,175,174,182,184,175,175,179,178,175,176,176,180,177,176,183,187,176,177,183,184,178,180,179,184,180,180,180,187,181,180,187,189,188,192,198,211,223,229,242,265,272,285,299,315,323,335,346,362,373,380,393,411,416,424,434,449,455,464,474,484,493,497,504,520,526,521,525,534,532,535,537,543,549,548,552,565,572,566,572,584,585,591,597,603,613,617,623,635,643,636,640,648,648,645,644,644,649,641,639,638,641,626,622,624,621,611,607,606,606,605,598,595,604,594,590,592,592,584,582,577,579,577,568,566,568,559,551,547,547,536,531,527,523,520,510,503,507,503,487,480,480,469,463,458,451,448,439,431,434,427,408,398,396,383,373,366,355,351,337,326,325,317,300,289,285,275,264,258,252,252,244,240,238,242,232,230,231,230,223,222,223,223,223,219,218,225,218,215,218,218,214,214,214,217,217,213,210,220,213,209,210,213,210,209,209,210,211,207,206,215,214,205,202,208,204,202,203,201,204,200,199,208,208,197,196,199,197,194,194,192,195,192,192,198,197,190,187,192,191,187,186,186,188,186,184,186,190,182,182


179,177,173,179,179,176,174,180,177,179,175,175,179,179,175,180,180,176,175,182,180,182,177,177,181,183,180,181,183,180,180,185,186,185,181,179,183,185,184,186,197,199,207,221,235,247,261,271,285,302,312,324,341,349,360,374,387,399,409,415,425,441,449,458,471,480,484,492,506,512,517,519,524,532,532,535,544,549,545,549,557,561,563,566,572,580,587,588,598,607,607,614,625,630,636,636,642,647,650,649,653,655,650,647,651,649,644,636,632,630,627,620,615,618,611,606,607,609,605,600,595,595,596,590,588,590,583,578,578,576,573,569,559,555,555,545,541,539,533,524,516,518,512,505,495,488,489,480,472,471,465,453,447,446,439,430,419,411,405,399,385,381,371,357,347,342,331,324,309,300,294,286,274,266,263,252,249,247,247,241,236,232,234,231,227,224,227,222,222,223,223,223,221,217,216,220,216,214,218,214,213,215,216,216,217,212,211,215,210,210,214,213,209,206,212,210,211,205,205,209,205,204,208,209,201,199,204,203,202,198,198,200,200,196,198,197,192,191,197,194,194,189,188,192,191,187,190,190,185,184,190,189,187,182,183,184