
172,174,177,172,171,172,171,171,171,175,175,171,171,172,177,171,172,172,172,173,173,172,176,172,172,174,180,175,173,173,174,173,173,175,180,175,174,175,182,183,185,191,196,207,216,230,247,253,267,282,296,311,319,330,342,352,364,375,392,398,408,420,431,444,448,457,466,474,483,492,504,504,507,512,520,526,524,526,530,535,539,542,552,555,557,564,571,583,583,589,596,604,610,615,624,632,630,635,638,646,641,641,640,640,638,634,632,632,622,619,614,617,610,603,602,599,596,595,593,597,588,586,585,584,585,577,574,572,568,564,561,563,553,548,543,541,537,528,523,517,512,506,501,500,490,483,478,475,470,460,454,447,440,433,427,426,415,404,396,389,385,368,358,349,340,331,322,313,308,292,283,274,272,260,251,246,242,237,233,230,233,226,223,222,225,222,217,215,216,214,213,214,218,211,209,210,213,215,209,207,208,208,208,207,212,206,205,205,207,208,204,204,205,204,203,202,206,201,200,200,203,203,199,197,198,197,197,195,200,196,194,193,194,197,192,189,189,189,187,186,190,192,185,184,184,189,184,183,182,181,180,180,180,184,179,178


172,174,170,170,171,173,171,170,171,175,173,171,172,175,172,171,170,173,173,171,172,176,176,173,173,176,176,174,173,172,178,173,174,176,177,175,174,176,180,180,184,189,199,206,218,233,243,258,268,281,297,306,318,330,344,353,364,379,386,403,409,420,434,441,450,459,471,476,484,494,500,507,509,514,521,522,525,528,536,536,540,545,552,556,559,565,574,580,585,592,600,606,611,617,626,633,633,637,641,645,643,643,641,646,639,636,636,633,626,620,617,615,608,606,602,603,597,596,596,594,594,589,587,587,582,579,576,576,569,565,566,558,559,550,545,543,534,529,523,520,512,506,504,498,493,486,480,476,468,460,456,450,442,436,429,425,415,404,396,391,381,369,360,352,343,332,322,316,306,295,284,278,269,259,252,245,246,237,234,236,230,227,224,224,223,219,218,214,219,213,214,215,213,214,210,210,213,208,209,208,210,207,207,210,205,210,207,206,209,205,204,204,207,203,203,205,205,205,202,200,203,199,199,199,201,197,196,195,197,197,193,194,196,192,190,190,191,190,187,187,189,188,186,185,187,186,184,182,182,187,181,181,183,182,180,179


171,171,172,172,173,174,171,174,170,173,172,170,170,170,172,174,172,174,171,175,172,174,174,172,173,174,170,177,174,177,173,176,175,175,177,175,174,176,177,182,184,192,197,207,223,230,246,256,269,280,293,309,318,333,342,352,368,377,390,399,409,419,429,442,450,462,469,476,488,492,500,504,509,512,517,523,526,531,534,535,541,544,551,553,558,564,570,579,587,590,600,604,614,618,626,629,631,636,639,640,647,642,645,641,642,638,635,632,624,618,614,611,612,604,605,600,599,601,593,594,591,586,585,583,584,579,579,573,568,570,562,561,554,548,545,539,536,529,527,519,513,511,502,499,491,485,479,472,469,461,456,451,442,438,429,425,412,404,395,386,379,372,359,354,341,333,323,316,304,292,283,276,263,263,253,249,241,239,236,233,232,225,224,223,218,222,218,219,215,214,219,213,217,212,210,210,209,212,209,212,209,205,211,207,209,208,206,205,204,207,204,207,204,203,206,202,205,202,201,200,199,202,200,200,200,198,199,195,199,195,193,193,191,193,192,190,192,189,190,188,189,187,186,185,185,182,188,182,186,181,183,181,183,181,179,179


171,173,173,172,174,171,173,171,170,173,172,171,171,170,175,171,173,173,173,173,171,176,173,171,174,173,177,174,173,178,174,176,174,175,175,173,174,176,181,180,184,192,196,209,217,229,245,255,267,280,296,306,318,332,341,355,363,373,390,398,408,417,431,439,449,459,466,478,483,489,498,502,506,510,516,522,524,528,530,536,537,541,550,551,556,562,569,578,582,590,598,604,610,614,623,626,628,633,635,640,639,639,645,638,638,633,632,628,621,616,611,612,607,602,603,596,599,594,592,594,587,585,584,585,579,576,576,570,570,564,558,559,551,547,542,540,532,526,526,515,515,505,499,496,488,482,476,472,467,460,456,447,443,434,426,421,412,403,395,386,380,368,362,351,343,333,321,314,301,291,283,274,270,258,249,251,241,240,233,231,230,225,224,222,224,218,216,218,216,217,214,214,216,211,210,210,213,210,208,212,209,212,206,204,210,206,205,206,210,206,204,207,204,207,203,201,204,202,201,200,201,201,198,201,198,200,196,195,197,194,193,193,193,195,192,192,190,192,189,185,189,185,186,184,185,187,182,181,186,183,183,180,181,180,179,179


173,171,172,172,175,170,170,173,173,171,170,172,176,170,171,170,174,171,171,174,174,172,172,170,177,174,172,174,177,173,174,176,175,176,174,172,177,175,177,181,187,189,197,208,217,231,240,253,270,281,294,306,320,330,342,354,367,379,386,397,411,418,429,438,452,458,465,472,488,493,496,502,509,512,516,519,524,529,530,532,539,544,545,551,558,567,569,574,582,591,596,601,612,616,621,624,628,636,636,637,640,643,639,638,640,633,631,626,621,621,612,608,605,605,600,597,598,594,594,589,587,587,583,579,578,579,573,571,569,566,564,555,552,550,542,537,531,531,523,516,508,511,503,493,488,485,477,470,464,460,457,446,439,437,430,419,411,404,397,385,378,368,362,350,339,334,323,312,300,290,287,275,266,258,255,246,241,239,234,233,228,224,225,221,220,219,221,216,215,216,214,215,213,210,212,211,210,209,212,208,209,209,209,210,206,206,208,206,204,205,208,204,203,201,208,206,203,201,202,202,200,200,201,200,197,196,199,198,195,193,194,195,191,190,192,193,190,189,189,189,187,184,184,188,184,183,182,185,182,181,183,183,184,179,177,182