
169,174,170,170,169,169,171,169,170,168,168,167,167,171,171,170,169,169,172,171,171,170,169,171,169,171,175,171,170,173,172,174,170,174,172,172,173,176,178,178,181,188,194,205,211,225,233,244,256,269,284,290,301,312,322,335,342,353,361,371,380,391,406,410,419,428,435,445,451,458,462,468,473,477,486,485,489,492,495,501,502,508,509,515,520,525,532,541,543,550,557,565,569,575,580,584,589,592,597,601,598,599,598,599,599,592,595,587,583,579,577,575,570,566,565,562,563,558,559,553,552,550,548,552,545,542,540,537,536,531,529,524,519,515,511,512,502,498,491,487,484,477,473,466,459,454,451,449,441,433,429,423,419,412,404,397,389,381,375,367,364,352,342,333,325,317,305,301,288,280,272,266,259,250,243,238,234,233,225,228,222,219,217,215,217,213,212,211,209,210,208,207,206,206,204,203,208,203,203,203,202,206,202,203,201,201,199,200,204,200,200,199,199,201,198,200,198,197,196,196,197,196,194,194,194,195,191,192,191,189,189,189,188,191,187,186,185,185,186,180,186,182,182,181,183,183,180,179,179,178,180,177,181,176,176,176


171,171,170,169,169,168,168,173,169,168,168,169,172,172,169,170,170,169,170,170,173,170,169,170,173,175,171,172,171,171,171,173,175,172,172,173,175,177,175,179,182,188,193,204,215,221,233,244,254,275,278,289,301,310,320,329,346,351,360,370,380,396,401,409,417,426,434,440,455,455,461,466,471,477,483,484,487,490,492,497,502,506,508,513,518,526,532,535,541,547,554,561,568,575,578,581,587,593,596,594,597,596,595,594,597,595,589,584,580,577,577,571,567,565,563,560,559,559,554,552,551,547,553,547,543,540,538,535,530,535,525,522,518,513,513,506,500,495,490,485,479,481,470,465,459,454,450,445,439,431,428,421,415,411,406,396,388,382,375,369,359,350,341,332,323,317,309,298,288,281,272,267,255,249,242,237,234,230,229,224,221,219,215,220,215,214,211,211,209,207,211,206,205,205,202,210,205,203,203,202,202,198,208,202,201,200,201,202,201,199,199,199,199,198,201,198,195,196,196,196,197,194,195,193,192,192,193,193,191,191,190,190,192,187,186,186,185,184,186,185,182,182,182,182,184,180,179,180,178,179,179,179,176,176,175,174


168,169,168,171,168,169,171,168,170,169,169,170,170,169,169,171,169,167,171,170,169,170,171,171,172,172,171,172,172,171,174,172,169,176,172,172,176,173,175,177,182,187,194,205,211,225,234,244,259,268,278,286,303,308,319,331,338,349,358,368,380,387,397,405,417,423,430,441,446,454,459,464,472,473,476,479,484,485,489,495,496,502,505,508,516,520,525,530,540,543,550,559,563,567,574,578,581,588,587,590,593,592,592,591,590,586,588,580,576,575,569,565,562,563,557,556,556,551,552,547,547,547,542,541,537,540,532,531,531,525,524,518,514,512,507,500,495,493,486,481,479,471,467,462,457,452,446,439,435,431,424,418,416,406,401,393,386,380,372,363,355,348,339,330,326,314,303,299,287,280,274,263,254,248,242,238,233,231,224,227,222,219,219,215,214,209,214,209,209,211,207,207,206,206,207,204,203,201,206,202,201,204,202,202,201,201,202,201,199,199,199,197,197,199,198,198,197,197,197,195,194,193,194,193,191,195,191,191,191,190,191,190,189,187,188,185,185,186,184,181,186,182,181,183,181,181,179,180,178,178,180,176,181,176,176,178


172,168,171,169,169,168,167,173,169,167,168,170,170,168,171,169,169,170,168,172,172,169,170,169,172,172,171,173,172,171,171,173,174,171,173,172,174,175,176,181,182,188,195,204,216,222,234,245,258,269,279,293,300,311,322,333,345,352,363,371,380,395,401,413,419,428,436,444,455,459,463,468,473,481,482,488,490,491,496,497,506,508,511,515,521,529,532,540,545,550,556,563,572,578,581,585,589,596,596,599,602,600,600,598,599,598,591,587,585,583,577,573,573,568,564,563,563,562,557,554,553,553,550,548,549,543,541,539,538,534,529,524,521,514,515,508,505,498,492,486,481,481,472,467,461,456,454,445,442,435,429,423,415,415,407,398,390,383,378,367,360,352,342,334,326,318,310,298,290,280,275,264,257,253,245,238,234,233,230,224,222,219,219,216,215,215,213,211,209,211,211,207,206,205,204,205,204,208,204,204,202,204,205,201,201,201,199,203,200,202,199,199,199,196,203,197,196,196,196,196,195,197,193,194,192,191,195,194,190,190,188,190,188,188,189,187,186,184,184,185,183,181,181,182,181,181,182,180,178,178,179,179,178,176,176,176


169,168,168,169,170,168,171,168,168,171,169,172,169,169,168,166,173,170,171,170,169,171,170,173,170,171,171,170,173,172,175,173,171,174,173,174,174,175,174,177,184,187,196,202,212,224,233,244,257,267,277,287,299,309,318,331,338,349,360,367,381,386,396,404,415,423,430,441,445,451,462,463,471,473,476,479,480,488,490,495,496,499,507,509,517,519,525,530,535,547,550,559,560,568,575,578,583,586,588,589,590,593,591,592,590,586,586,580,578,574,569,566,561,561,556,557,554,550,551,549,546,547,542,540,537,538,533,531,531,525,520,520,514,513,505,499,497,492,486,481,479,472,464,465,457,454,445,440,435,428,426,418,414,405,400,394,386,381,372,364,356,347,343,330,324,313,305,297,288,281,271,262,254,247,244,236,235,228,225,223,222,219,219,215,214,211,212,210,210,208,207,206,206,206,209,204,203,202,204,202,202,205,202,199,202,200,203,200,199,199,198,198,198,200,197,195,199,196,199,195,194,193,191,197,192,194,192,191,191,190,191,189,188,187,186,188,185,185,184,182,185,182,184,181,180,179,178,180,178,181,177,176,178,177,176,179