

168,177,170,170,168,169,169,168,176,170,168,169,168,175,169,170,169,170,169,170,175,170,171,171,172,175,173,171,173,173,172,172,176,174,172,173,174,177,178,178,182,186,192,200,210,220,226,237,247,259,270,276,283,294,303,310,323,332,338,345,354,365,376,379,388,394,402,408,417,426,427,433,436,438,451,447,450,453,457,460,462,475,472,476,481,485,498,497,503,509,515,521,528,537,538,542,547,550,558,557,556,559,558,557,557,560,553,550,548,544,545,542,537,535,533,531,529,531,531,525,525,524,525,525,520,517,515,514,512,512,508,503,497,495,493,492,483,480,475,471,465,462,462,451,447,442,437,440,428,423,418,413,407,401,405,390,384,377,370,370,356,349,341,333,326,317,315,301,293,284,277,275,263,256,249,243,239,235,234,229,228,225,222,222,221,219,217,215,213,212,215,214,209,210,208,209,211,207,207,206,207,204,206,208,203,204,203,203,207,202,202,201,199,200,200,203,199,198,198,195,204,196,195,194,194,194,192,199,192,191,191,189,196,188,188,186,186,185,184,188,184,183,182,181,187,181,180,180,180,179,178,182,179,176,178,177


173,170,170,171,168,169,170,171,171,170,169,169,172,170,170,172,170,170,170,172,172,171,171,172,173,172,172,174,172,172,172,175,174,174,173,172,177,175,176,181,182,186,193,204,208,221,229,240,253,261,269,278,292,299,307,315,324,338,343,351,360,371,378,384,397,400,407,414,426,430,434,438,444,450,450,453,460,460,464,466,474,476,479,483,488,496,498,504,512,515,521,527,535,541,545,548,552,560,560,561,564,563,565,563,564,562,559,556,552,553,548,544,544,540,538,536,537,534,534,531,529,529,527,525,522,525,519,517,513,513,514,505,501,498,498,491,486,485,477,472,467,467,461,454,449,444,443,434,430,426,420,414,409,407,400,392,386,379,374,365,357,352,341,333,326,321,313,303,294,286,281,271,261,257,250,243,239,238,233,231,227,225,226,223,219,218,216,214,213,215,210,213,211,209,211,209,208,205,210,205,204,204,205,207,204,204,202,206,203,201,204,200,199,199,203,201,198,198,197,199,197,195,196,194,194,193,196,194,191,191,190,192,189,188,189,186,185,185,187,186,184,183,182,184,182,182,183,179,178,179,182,179,179,177,178,179


169,170,171,170,171,169,170,173,170,172,170,169,168,170,173,170,172,169,170,172,171,173,170,170,170,172,174,173,175,173,172,172,175,174,174,172,174,174,176,181,182,188,194,202,211,217,233,239,250,259,270,282,287,303,307,316,328,334,346,351,361,370,378,389,394,406,410,417,427,431,437,441,445,448,453,459,460,466,466,469,476,477,482,485,489,494,500,508,512,521,523,529,538,542,549,551,555,558,562,564,566,570,567,565,564,567,563,559,555,553,550,547,548,543,541,538,537,538,532,536,532,530,529,527,528,521,525,519,517,515,510,512,504,500,496,492,492,483,483,474,470,469,462,458,450,447,441,435,434,426,423,415,410,408,400,395,387,380,373,366,362,352,346,335,327,322,312,305,295,286,278,270,265,257,251,244,240,236,237,229,229,225,224,221,219,220,217,216,215,213,214,208,213,210,208,208,207,210,205,210,206,205,208,203,206,204,203,203,203,204,202,202,200,199,202,199,201,197,198,196,196,198,195,196,194,193,195,193,194,190,192,191,190,191,188,189,187,186,187,185,185,183,182,182,182,182,182,182,180,178,178,181,179,179,178,176


169,169,168,175,169,169,169,169,175,169,169,170,169,170,170,173,169,169,170,171,175,172,170,172,171,171,171,174,174,172,173,171,174,176,173,173,174,174,177,179,185,186,194,200,211,223,230,240,251,260,271,281,293,299,307,317,323,342,345,353,362,370,379,385,402,403,411,417,422,437,436,441,445,450,453,456,466,463,466,469,473,481,482,485,490,496,501,506,518,519,524,529,536,546,549,552,556,560,562,564,569,569,567,566,565,567,566,559,555,553,549,547,547,546,541,539,537,538,540,533,532,530,529,527,528,528,522,519,518,513,518,508,504,501,497,492,486,493,480,475,471,465,468,458,452,446,443,437,432,433,421,417,411,406,403,395,387,380,374,366,359,356,344,335,329,320,314,306,294,286,279,269,262,258,253,244,240,237,234,233,227,225,223,222,219,219,219,215,214,214,213,216,210,209,209,207,208,206,210,205,206,206,202,212,204,203,204,204,201,201,208,201,201,200,200,205,199,197,198,197,197,196,200,194,194,194,192,196,193,191,190,189,189,188,193,188,185,186,184,188,187,183,183,182,182,181,184,182,180,179,178,179,181,177,177,176


169,171,173,169,170,170,169,171,172,169,168,169,169,172,172,170,170,170,169,172,174,170,170,170,171,172,175,172,173,173,173,174,174,173,172,173,173,172,181,180,182,187,194,202,210,225,229,240,251,260,274,283,289,299,308,318,330,338,344,352,361,372,382,391,397,404,411,418,427,433,437,441,446,451,457,461,461,465,468,471,478,481,482,487,492,498,505,512,515,521,526,531,540,547,549,553,558,561,564,571,568,569,570,570,570,568,566,560,557,554,550,554,550,546,543,541,540,540,541,535,535,532,531,532,532,526,524,521,519,519,517,510,506,502,499,496,494,486,481,477,472,470,465,457,452,447,443,440,436,428,424,417,412,409,403,395,387,381,374,368,363,352,344,337,328,323,315,304,295,286,279,270,269,257,250,245,241,238,234,233,228,224,223,219,223,221,218,216,215,213,212,215,212,210,209,208,209,211,207,207,207,206,209,206,204,203,204,203,205,205,202,200,202,200,203,201,198,197,197,197,200,200,196,195,195,194,197,194,192,191,190,189,192,193,188,187,186,185,188,187,184,183,182,182,180,187,181,180,179,179,179,178,180,177,177,176