
177,173,172,178,173,172,172,175,179,172,174,174,177,174,173,178,175,174,174,176,181,174,174,176,179,177,175,180,175,177,177,177,185,176,177,178,177,183,179,185,186,191,199,209,226,229,242,252,265,280,288,303,311,320,329,340,358,361,370,378,389,400,406,416,425,431,437,446,458,461,462,468,472,480,480,481,492,487,490,494,500,507,505,510,515,523,524,531,541,541,546,554,561,570,571,573,579,585,585,585,592,588,588,585,585,591,579,575,571,568,568,561,561,556,554,550,549,556,547,545,542,541,541,537,539,532,529,526,525,530,520,515,512,508,508,499,496,492,486,480,475,478,469,461,457,451,450,440,434,436,423,419,414,411,408,394,388,383,377,367,358,356,342,334,325,319,315,301,291,284,278,267,259,256,245,241,237,233,237,227,224,223,222,223,219,221,215,215,212,212,220,210,209,210,208,212,207,212,207,205,207,206,214,206,206,204,205,208,205,206,203,201,203,201,208,203,202,201,201,204,200,198,204,196,197,196,199,202,195,193,194,197,192,192,195,190,189,189,190,194,188,188,187,188,187,184,189,182,182,182,182,191,181,182,181,181


177,175,176,172,172,172,173,176,177,172,172,173,173,178,176,174,175,173,173,177,179,174,175,174,175,181,179,176,178,177,176,179,180,176,176,175,176,184,184,183,188,192,199,209,223,227,240,252,262,278,288,299,308,318,327,339,352,358,366,375,383,396,402,414,419,425,434,440,453,455,457,463,467,473,476,481,480,482,484,488,495,501,499,504,507,512,524,529,529,537,541,547,557,564,562,566,571,574,582,582,580,581,582,580,582,580,571,568,564,562,564,559,552,549,546,545,545,548,538,536,536,534,538,531,532,527,524,521,521,524,514,510,504,502,502,494,494,485,482,476,472,471,462,456,451,445,444,438,435,427,420,416,409,407,405,391,385,377,369,370,359,347,341,331,324,318,310,298,290,282,273,269,263,252,245,240,237,237,234,227,224,222,221,222,220,218,213,214,213,216,215,210,209,208,207,213,207,210,208,206,205,208,210,206,205,203,203,208,205,207,203,203,204,202,207,201,199,200,198,201,201,201,198,197,196,197,197,202,194,194,193,192,198,196,192,190,189,189,191,193,186,185,185,184,190,188,185,184,184,183,185,186,182,180,180,181


177,173,178,173,173,172,174,181,173,172,174,173,177,175,178,172,174,174,173,182,176,176,175,177,179,177,180,176,176,175,177,186,177,176,177,176,180,178,183,182,185,192,199,214,219,229,241,251,267,276,288,298,306,317,328,341,352,358,367,376,388,398,402,415,420,427,434,440,458,456,460,464,470,475,476,483,481,485,487,491,502,498,502,505,511,520,522,531,533,538,544,550,564,561,567,569,574,580,579,586,584,582,583,583,590,579,574,571,568,567,561,562,554,550,549,546,554,546,541,541,538,540,536,537,533,529,527,525,526,524,517,512,509,506,503,496,496,486,482,477,472,477,464,457,454,448,448,439,440,429,423,416,411,414,401,393,387,379,376,364,362,349,340,331,325,325,307,299,290,281,278,266,263,251,246,241,236,241,229,226,226,224,224,219,223,216,215,214,213,219,211,211,209,208,212,209,211,207,206,207,205,210,209,205,206,205,206,206,203,207,203,202,202,202,211,201,202,200,201,203,198,203,197,196,196,197,205,196,195,194,194,197,191,196,189,188,189,190,196,188,187,187,186,188,185,188,184,184,182,183,189,182,181,181,181,184


174,176,174,174,174,178,176,172,174,174,178,173,174,176,173,174,174,179,178,173,175,176,180,175,175,180,176,177,177,180,179,177,176,176,180,176,178,179,181,181,186,197,201,208,216,228,243,252,263,275,289,295,305,317,328,339,344,354,367,376,382,391,402,408,416,423,438,442,444,450,455,465,465,467,474,474,477,481,488,490,490,493,497,506,506,511,517,520,527,534,544,548,550,555,560,568,568,571,578,576,577,577,582,578,574,572,568,570,563,558,557,552,550,546,548,543,542,538,536,540,535,532,529,531,527,523,525,521,521,514,510,509,506,499,495,495,487,482,478,479,472,464,459,452,454,445,438,437,430,423,420,419,412,403,397,389,388,376,370,366,356,347,338,335,325,314,304,298,293,280,272,269,257,250,246,243,238,233,229,227,227,222,220,221,219,216,214,218,215,213,210,208,213,210,209,208,212,208,205,209,207,209,204,203,206,206,203,202,206,204,204,202,208,205,202,200,200,205,200,199,202,198,198,197,202,199,195,195,193,198,194,193,195,191,190,190,193,192,189,185,186,189,187,186,188,184,184,182,188,185,182,180,182,184,181,178


178,173,172,172,176,178,175,173,173,176,174,173,176,174,173,173,177,178,175,176,175,179,176,176,177,180,175,176,178,179,181,176,176,179,177,178,178,181,179,180,187,193,203,208,218,229,243,250,263,278,284,295,306,321,331,337,346,355,368,373,382,397,400,407,416,428,438,439,445,452,460,462,466,474,472,475,479,484,489,488,489,495,501,502,507,516,517,521,528,536,546,547,551,556,566,567,570,573,580,576,578,583,580,584,576,574,573,569,563,560,562,553,551,548,547,549,540,539,539,540,535,532,535,529,527,527,528,527,519,516,511,513,506,501,502,493,487,483,483,479,470,466,461,459,449,445,445,435,431,424,424,420,410,404,397,394,384,378,372,364,354,346,343,335,324,315,307,301,290,280,273,268,257,251,249,242,241,232,228,228,226,223,219,225,217,215,215,214,217,212,212,212,212,208,208,211,207,207,207,210,209,205,206,206,208,203,204,209,202,203,204,206,207,203,202,202,205,201,200,203,198,199,197,201,202,197,196,196,198,193,194,197,193,190,191,193,194,190,189,188,191,188,187,185,187,182,182,187,185,188,182,183,184,183,181,180