
171,172,171,174,174,172,170,170,174,176,171,171,171,171,172,174,176,172,172,173,176,179,173,173,173,175,173,172,182,174,174,175,174,182,176,175,175,176,176,178,186,189,192,200,207,223,231,240,247,258,267,278,288,297,304,312,319,330,340,343,351,358,366,372,384,390,392,398,403,413,416,417,422,424,427,429,436,436,436,439,440,447,452,450,453,457,463,466,474,481,481,485,490,497,505,504,506,508,511,513,512,522,515,512,511,508,514,505,501,498,494,493,491,491,490,484,482,481,482,482,477,476,474,473,470,474,472,466,463,460,463,460,452,450,447,443,437,438,434,427,423,419,419,416,406,402,397,395,390,389,384,377,372,368,366,362,353,346,339,334,328,318,321,306,300,294,287,287,273,265,258,252,244,239,240,231,228,225,220,225,220,216,214,211,210,209,211,211,207,205,204,208,208,204,202,202,202,200,205,205,200,200,200,203,203,198,198,197,198,197,199,200,196,195,197,198,200,195,196,194,194,192,193,197,192,190,191,193,195,189,189,189,187,187,185,193,185,184,184,182,191,185,182,182,181,181,180,184,183,179,179,177,182,182,177,177


170,176,173,172,172,172,172,172,177,171,171,170,172,176,172,176,173,172,173,173,179,173,173,174,175,178,176,179,175,175,175,175,182,176,175,174,176,181,179,184,183,189,195,204,218,223,234,244,256,269,279,291,298,307,316,325,336,346,352,360,368,377,389,396,401,408,415,420,430,438,437,442,444,447,456,454,460,460,462,465,467,477,474,478,482,486,496,497,505,506,512,516,522,535,530,535,539,541,549,546,550,547,546,547,545,550,540,537,533,530,530,523,525,518,517,514,513,517,510,507,506,506,506,505,504,499,497,493,491,491,493,482,480,477,471,473,467,463,457,453,448,447,444,433,430,426,420,421,412,410,402,397,392,388,389,376,370,363,356,353,342,338,328,321,313,307,304,289,283,274,266,264,254,251,241,237,234,230,233,224,221,220,219,219,216,217,213,211,211,210,212,211,208,206,205,206,210,208,204,203,203,202,205,208,203,202,202,198,206,203,201,200,200,200,200,204,199,196,196,197,199,196,198,195,193,194,194,199,192,190,191,190,192,189,191,187,187,186,187,192,184,185,183,182,186,183,184,182,180,181,180,185,181,177,178,179


177,172,172,172,171,172,171,179,171,170,172,171,180,172,172,172,172,172,173,181,173,173,173,173,181,176,176,176,175,175,175,181,177,174,175,175,182,178,179,180,183,190,194,206,216,224,234,245,260,272,279,288,299,307,318,329,339,343,353,361,373,382,388,394,400,408,415,422,435,435,439,441,448,456,454,455,459,461,462,465,478,473,475,480,483,495,494,497,502,507,514,518,531,529,532,537,540,552,547,548,549,549,548,547,551,546,541,539,534,537,531,525,522,520,519,516,518,516,511,510,509,510,509,505,501,500,498,495,496,495,488,485,482,481,479,469,465,461,458,452,448,454,440,435,431,425,430,419,412,408,402,399,393,397,383,375,370,364,366,351,344,336,329,322,314,313,299,290,283,275,273,263,253,246,242,236,234,234,231,224,221,219,221,221,215,213,213,211,210,212,213,208,207,207,209,209,206,205,205,203,202,204,209,202,201,203,204,208,202,202,200,198,200,197,207,199,198,198,197,205,197,195,197,195,193,195,199,192,190,192,190,197,191,189,188,187,188,186,191,185,186,184,185,188,184,183,182,180,180,180,184,183,179,179,177,181


175,171,171,171,171,172,174,176,171,171,172,173,177,173,172,172,172,172,176,178,174,173,174,177,178,175,175,174,175,175,180,179,176,176,175,179,178,176,178,180,184,189,198,207,213,222,235,247,261,267,278,287,297,306,316,332,336,343,351,361,375,379,385,393,401,407,416,425,431,432,437,441,449,452,452,454,457,459,462,469,472,472,474,478,484,491,491,496,502,508,513,522,527,528,532,535,543,546,545,547,546,547,547,551,550,544,540,536,536,534,527,524,522,519,517,516,518,512,511,509,509,512,505,504,502,498,498,495,498,492,486,483,480,483,476,471,466,461,457,452,451,450,441,434,430,428,427,417,413,408,402,399,396,392,382,376,369,366,361,350,344,336,330,321,316,309,298,289,283,277,270,261,253,246,240,238,236,232,226,223,221,223,222,216,216,213,213,211,210,214,209,208,207,208,211,207,204,205,204,205,204,205,206,202,202,202,207,205,203,200,201,200,199,201,205,199,197,198,198,203,197,197,195,195,194,196,196,192,191,191,195,194,189,189,188,188,188,189,190,186,184,183,187,186,182,181,182,180,181,184,184,179,178,178,180,184


171,171,170,175,172,172,174,172,172,172,175,176,172,171,171,176,174,172,176,173,175,174,174,180,174,173,174,177,177,176,179,175,177,176,174,183,175,176,178,179,189,189,197,203,213,223,234,251,256,267,277,287,300,306,317,327,333,343,351,364,372,377,385,392,403,407,414,424,425,432,437,444,447,447,450,452,458,459,461,467,465,470,473,480,486,486,490,494,502,507,512,519,522,527,529,533,547,541,543,545,546,551,545,549,545,541,538,536,539,529,525,523,520,520,516,516,514,510,508,508,513,507,504,501,500,503,495,494,496,488,485,483,482,479,472,467,464,464,456,452,451,443,439,433,433,428,420,415,412,410,403,398,395,387,381,377,371,369,357,349,341,337,330,320,317,305,299,290,280,284,266,259,252,245,246,238,236,229,227,224,221,225,218,216,213,214,215,211,210,211,209,208,207,210,210,206,205,205,206,204,203,206,204,203,201,205,206,202,200,200,203,201,201,202,198,197,198,200,201,196,196,195,198,195,195,196,192,191,192,191,198,191,190,189,187,191,187,190,187,184,185,184,190,183,182,182,181,186,182,181,182,180,180,178,183,179