
187,184,189,181,180,182,182,196,184,182,182,181,186,183,192,182,181,182,183,196,183,185,182,184,188,185,193,184,185,185,186,196,187,186,185,183,189,188,194,191,194,196,204,220,228,231,243,256,266,278,290,303,307,317,327,338,356,356,365,374,381,394,398,415,415,421,428,434,457,449,452,458,459,468,467,481,472,476,478,482,500,490,491,494,497,508,511,525,521,523,530,535,556,548,552,553,560,568,566,573,568,565,565,565,576,567,558,556,551,552,545,549,542,535,531,531,534,538,527,525,522,522,524,522,525,515,512,509,506,519,500,499,495,490,492,483,488,474,470,466,462,473,451,447,441,439,438,430,433,417,414,407,404,414,392,387,379,372,371,360,361,345,337,327,322,326,308,297,290,282,278,268,267,253,247,244,241,245,241,232,229,228,227,226,224,224,219,219,219,222,227,215,216,215,215,217,216,222,210,212,209,211,226,212,210,209,211,216,209,219,207,207,205,208,223,207,208,208,206,211,207,215,203,202,201,204,217,202,201,199,201,205,201,208,197,196,196,196,208,197,194,192,192,194,193,201,192,191,191,190,194,198,190,187,188,189


182,184,183,188,183,181,185,182,183,182,190,180,180,187,182,193,182,184,186,186,184,184,193,182,184,186,186,194,184,185,183,189,186,186,196,183,186,186,194,201,194,198,205,217,223,233,251,256,267,277,292,306,313,320,327,343,348,356,372,378,382,393,406,410,424,425,432,444,444,450,456,464,464,466,474,473,484,479,481,487,490,491,496,508,503,507,517,518,532,529,533,540,549,552,556,568,563,566,570,574,580,574,570,570,575,564,563,567,555,549,547,551,551,543,538,537,537,532,531,538,528,526,522,528,525,523,515,512,515,507,505,506,500,494,489,490,484,487,474,468,468,461,455,452,453,441,435,435,425,432,417,410,410,403,395,387,390,374,369,362,354,353,337,330,324,320,307,300,299,281,274,268,264,263,251,243,242,241,235,233,237,226,224,223,229,227,224,219,219,221,218,215,222,217,215,212,217,215,219,213,213,216,213,210,212,214,210,209,213,213,216,208,210,212,210,206,210,213,207,206,208,207,216,205,205,205,204,202,201,212,200,198,202,201,207,199,197,197,200,195,195,202,193,191,192,198,200,194,191,189,196,189,190,198,188,189


181,181,187,190,182,182,181,182,192,187,181,182,181,181,186,194,182,181,183,185,193,190,184,185,184,185,188,196,184,186,185,184,195,191,186,185,186,186,190,202,194,197,205,214,228,239,244,253,266,274,285,306,309,316,326,335,345,365,370,374,382,391,397,415,424,419,427,433,440,457,459,456,459,465,468,476,481,474,477,480,483,497,495,495,500,503,510,518,530,526,530,535,540,556,555,556,557,560,564,568,578,568,565,566,562,569,563,555,550,547,544,541,552,536,534,531,529,532,531,528,521,522,519,519,525,519,512,509,506,505,510,504,495,490,486,482,485,484,470,466,459,455,462,454,443,438,433,428,429,429,414,409,401,398,400,392,378,372,366,360,355,355,337,328,321,313,315,302,290,282,275,266,264,262,250,243,239,237,240,236,230,227,224,224,223,232,222,218,217,216,216,225,221,215,215,213,213,221,221,212,212,212,213,218,217,212,212,211,211,216,218,208,208,209,207,219,212,205,207,207,205,211,214,202,202,204,201,209,208,201,199,200,198,203,207,199,195,193,196,203,200,194,192,194,193,195,202,191,190,189,189,194,193,192,188,186


182,180,187,188,185,181,183,186,184,182,191,182,181,182,186,188,188,183,182,188,185,183,187,190,185,184,189,189,193,187,184,184,187,184,187,192,183,185,188,192,205,200,205,212,226,232,244,264,267,278,289,304,317,320,329,338,351,356,364,383,384,390,400,414,424,425,431,437,450,450,454,467,465,465,470,478,483,482,482,483,491,490,493,505,503,505,510,522,524,538,535,538,546,550,553,561,570,562,568,571,571,581,571,568,567,570,562,559,564,551,548,545,547,551,536,533,533,535,528,527,534,523,523,520,524,528,517,512,511,513,505,500,507,492,490,485,486,486,473,469,464,465,456,449,453,439,435,429,428,427,421,412,404,402,395,388,383,378,367,358,356,349,345,331,324,317,310,297,290,292,274,268,261,257,257,245,240,236,238,231,230,237,224,225,221,226,231,221,217,219,223,215,216,224,214,213,212,219,223,213,211,211,218,212,212,220,209,210,208,213,218,211,208,207,211,209,208,215,208,207,206,208,208,210,204,202,207,204,200,202,207,199,199,203,202,207,197,194,196,199,193,196,203,193,192,191,195,200,191,189,190,193,190,190,197,189


183,180,182,188,190,182,182,182,180,193,189,180,180,182,182,187,192,184,183,182,184,191,193,184,185,184,185,192,194,187,184,183,183,189,198,185,186,188,188,194,197,204,203,212,222,234,257,256,264,275,285,300,309,325,324,335,342,353,376,372,381,390,397,407,415,430,425,434,440,447,462,461,458,462,466,469,475,482,476,477,481,486,500,501,496,501,508,511,524,531,529,533,538,545,554,562,556,560,562,565,568,570,566,564,562,558,558,567,551,547,544,540,543,536,540,529,528,525,523,538,521,520,518,515,519,516,518,507,503,503,501,509,494,489,486,482,477,478,477,464,460,456,451,455,448,437,433,428,424,422,421,408,402,397,389,393,386,371,366,358,352,350,343,328,319,313,305,299,300,280,275,267,261,258,250,246,240,234,231,231,241,226,226,224,221,225,220,226,218,215,215,215,230,217,214,213,212,213,213,222,211,209,211,209,221,214,209,211,209,208,216,218,207,207,206,207,217,212,207,205,205,205,210,212,204,202,201,199,210,208,202,199,200,199,202,204,197,196,195,192,197,207,193,194,193,191,196,193,197,190,190,189,190,202,190,187